V	uW
0.0	0.108588502
0.02442002442	0.00924830612
0.04884004884	0.00511243403
0.0732600732601	0.00461119276
0.0976800976801	0.00434164216
0.1221001221	0.00500873787
0.14652014652	0.00633360608
0.17094017094	0.00770933362
0.19536019536	0.00898249564
0.21978021978	0.00954957002
0.2442002442	0.00917830256
0.26862026862	0.0088485681
0.29304029304	0.00856376037
0.31746031746	0.00809840284
0.34188034188	0.00790853161
0.3663003663	0.00749742224
0.39072039072	0.00662858657
0.41514041514	0.00615899198
0.43956043956	0.00534440581
0.46398046398	0.00494346919
0.4884004884	0.00435181358
0.512820512821	0.00389154264
0.537240537241	0.00343550965
0.561660561661	0.00301677394
0.586080586081	0.00325241856
0.610500610501	0.00378304366
0.634920634921	0.00411786338
0.659340659341	0.00422381907
0.683760683761	0.00389747568
0.708180708181	0.00382881638
0.732600732601	0.00377965392
0.757020757021	0.00385000876
0.781440781441	0.00388984711
0.805860805861	0.00428061186
0.830280830281	0.00443233983
0.854700854701	0.00494177366
0.879120879121	0.00481971307
0.903540903541	0.00473155781
0.927960927961	0.00474173056
0.952380952381	0.00473325468
0.976800976801	0.00460356464
1.00122100122	0.00412040624
1.02564102564	0.00407717726
1.05006105006	0.00378812981
1.07448107448	0.00381016907
1.0989010989	0.00407802458
1.12332112332	0.00414414014
1.14774114774	0.00418228474
1.17216117216	0.0041000634
1.19658119658	0.00428061186
1.221001221	0.00416109414
1.24542124542	0.00402292777
1.26984126984	0.0037711767
1.29426129426	0.00400936528
1.31868131868	0.00468917616
1.3431013431	0.00491465046
1.36752136752	0.00498246111
1.39194139194	0.0051706377
1.41636141636	0.00488243979
1.44078144078	0.00512995113
1.4652014652	0.00515198995
1.48962148962	0.005206239
1.51404151404	0.00498500441
1.53846153846	0.00544188428
1.56288156288	0.00540797895
1.5873015873	0.00473240558
1.61172161172	0.00441623449
1.63614163614	0.00495194641
1.66056166056	0.00708122894
1.68498168498	0.0117500569
1.7094017094	0.0209046185
1.73382173382	0.0390425186
1.75824175824	0.0763855041
1.78266178266	0.147664949
1.80708180708	0.274955738
1.8315018315	0.496251118
1.85592185592	0.858709427
1.88034188034	1.44889486
1.90476190476	2.39969791
1.92918192918	3.86125839
1.9536019536	6.88537375
1.97802197802	10.5132722
2.00244200244	15.6442966
2.02686202686	22.7918208
2.05128205128	32.6790723
2.0757020757	46.0875126
2.10012210012	64.0290891
2.12454212454	87.2364617
2.14896214896	116.55729
2.17338217338	151.57125
2.1978021978	192.931606
2.22222222222	240.321096
2.24664224664	293.530931
2.27106227106	353.621668
2.29548229548	418.196607
2.3199023199	487.781916
2.34432234432	560.765911
2.36874236874	636.121433
2.39316239316	713.606365
2.41758241758	794.832304
2.442002442	879.640749
2.46642246642	964.641222
2.49084249084	1054.75215
2.51526251526	1150.68676
2.53968253968	1247.14198
2.5641025641	1344.76833
2.58852258852	1441.80923
2.61294261294	1534.58363
2.63736263736	1620.74901
2.66178266178	1698.29815
2.6862026862	1768.318
2.71062271062	1831.06004
2.73504273504	1888.53149
2.75946275946	1943.24239
2.78388278388	1996.61497
2.8083028083	2049.65286
2.83272283272	2103.10891
2.85714285714	2155.81199
2.88156288156	2208.59912
2.90598290598	2258.87611
2.9304029304	2305.38892
2.95482295482	2349.55922
2.97924297924	2390.04847
3.00366300366	2420.24823
V	uW
1.0	0.125289887
1.02442002442	0.00756612639
1.04884004884	0.00384904197
1.07326007326	0.00241494558
1.09768009768	0.00187669147
1.1221001221	0.00142489631
1.14652014652	0.0025683693
1.17094017094	0.00377202447
1.19536019536	0.00544697087
1.21978021978	0.00507231146
1.2442002442	0.00399410771
1.26862026862	0.0038847614
1.29304029304	0.00524438359
1.31746031746	0.0055190208
1.34188034188	0.00626155661
1.3663003663	0.00629970121
1.39072039072	0.00608100903
1.41514041514	0.00638785558
1.43956043956	0.00693628222
1.46398046398	0.00688627111
1.4884004884	0.0069117001
1.51282051282	0.00702443703
1.53724053724	0.0070752959
1.56166056166	0.00678201184
1.58608058608	0.00667690259
1.6105006105	0.00804839217
1.63492063492	0.0094783692
1.65934065934	0.00765508545
1.68376068376	0.0114593144
1.70818070818	0.0204782538
1.7326007326	0.0385652932
1.75702075702	0.0762227614
1.78144078144	0.150149631
1.80586080586	0.279630257
1.83028083028	0.505136995
1.8547008547	0.882856966
1.87912087912	1.49335244
1.90354090354	2.47997286
1.92796092796	4.52635913
1.95238095238	7.06798437
1.9768009768	10.7624846
2.00122100122	15.9925476
2.02564102564	23.1770828
2.05006105006	33.2115414
2.07448107448	46.9135557
2.0989010989	65.0822476
2.12332112332	88.2551321
2.14774114774	117.133473
2.17216117216	151.404223
2.19658119658	191.052735
2.221001221	237.515298
2.24542124542	289.088435
2.26984126984	345.947512
2.29426129426	409.545435
2.31868131868	478.846807
2.3431013431	552.423706
2.36752136752	634.426309
2.39194139194	717.831776
2.41636141636	806.949043
2.44078144078	899.657141
2.4652014652	993.60093
2.48962148962	1088.20456
2.51404151404	1180.38454
2.53846153846	1265.29532
2.56288156288	1345.856
2.5873015873	1426.41645
2.61172161172	1500.11736
2.63614163614	1574.48719
2.66056166056	1649.94493
2.68498168498	1727.49406
2.7094017094	1805.79582
2.73382173382	1888.2805
2.75824175824	1956.79488
2.78266178266	2028.06969
2.80708180708	2095.4127
2.8315018315	2156.98336
2.85592185592	2203.9141
2.88034188034	2250.25951
2.90476190476	2286.65001
2.92918192918	2319.77785
2.9536019536	2340.52422
2.97802197802	2358.51039
3.00244200244	2373.81924
3.02686202686	2389.21214
3.05128205128	2402.59711
3.0757020757	2416.90222
3.10012210012	2431.62573
3.12454212454	2445.09405
3.14896214896	2453.79447
3.17338217338	2461.99244
3.1978021978	2475.54481
3.22222222222	2488.76237
3.24664224664	2504.99183
3.27106227106	2517.12184
3.29548229548	2521.22106
3.3199023199	2529.67002
3.34432234432	2539.79256
3.36874236874	2546.15024
3.39316239316	2550.58426
3.41758241758	2554.51608
3.442002442	2563.63442
3.46642246642	2570.82912
3.49084249084	2573.42239
3.51526251526	2574.09154
3.53968253968	2576.43382
3.5641025641	2577.43779
3.58852258852	2582.03899
3.61294261294	2584.9666
3.63736263736	2591.15733
3.66178266178	2594.00159
3.6862026862	2600.10874
3.71062271062	2603.62215
3.73504273504	2605.88084
3.75946275946	2612.65691
3.78388278388	2611.48554
3.8083028083	2611.1512
3.83272283272	2614.7482
3.85714285714	2616.7559
3.88156288156	2620.01879
3.90598290598	2619.60039
3.9304029304	2621.9429
3.95482295482	2624.20159
3.97924297924	2624.20159
4.00366300366	2624.20159
4.02808302808	2622.94663
4.0525030525	2620.35336
4.07692307692	2623.5322
4.10134310134	2620.43672
4.12576312576	2617.67651
4.15018315018	2612.40592
4.1746031746	2608.05571
4.19902319902	2604.12414
4.22344322344	2598.35157
4.24786324786	2597.43142
4.27228327228	2592.07748
4.2967032967	2587.39269
4.32112332112	2589.40062
4.34554334554	2590.15337
4.36996336996	2585.97056
4.39438339438	2584.29768
4.4188034188	2579.52907
4.44322344322	2576.09924
4.46764346764	2571.16347
4.49206349206	2567.90104
4.51648351648	2557.69491
V	uW
1.0	0.100242723
1.02442002442	0.00335944605
1.04884004884	0.00247616971
1.07326007326	0.00142235346
1.09768009768	0.00150033708
1.1221001221	0.00209199302
1.14652014652	0.00301338288
1.17094017094	0.00408734824
1.19536019536	0.00512995113
1.21978021978	0.00587672666
1.2442002442	0.0063251302
1.26862026862	0.00645397247
1.29304029304	0.00648279208
1.31746031746	0.00656755716
1.34188034188	0.00679303014
1.3663003663	0.00654212728
1.39072039072	0.00582586779
1.41514041514	0.00558174618
1.43956043956	0.00477055018
1.46398046398	0.00419415169
1.4884004884	0.00391019039
1.51282051282	0.00345415763
1.53724053724	0.00347619689
1.56166056166	0.00296421976
1.58608058608	0.00237510678
1.6105006105	0.00247512832
1.63492063492	0.00307526027
1.65934065934	0.00489091612
1.68376068376	0.00903928843
1.70818070818	0.0184998505
1.7326007326	0.0382457301
1.75702075702	0.0774187896
1.78144078144	0.151724663
1.80586080586	0.284843821
1.83028083028	0.513669079
1.8547008547	0.895061248
1.87912087912	1.50702499
1.90354090354	2.51394522
1.92796092796	4.57912074
1.95238095238	7.16218392
1.9768009768	10.9400626
2.00122100122	16.2398537
2.02564102564	23.5329026
2.05006105006	33.7061574
2.07448107448	47.4754634
2.0989010989	65.6752818
2.12332112332	88.9987277
2.14774114774	117.768133
2.17216117216	152.448047
2.19658119658	193.065222
2.221001221	240.24595
2.24542124542	292.745972
2.26984126984	350.348215
2.29426129426	414.363691
2.31868131868	483.873853
2.3431013431	557.918334
2.36752136752	640.213198
2.39194139194	726.716826
2.41636141636	816.293294
2.44078144078	911.590003
2.4652014652	1006.88671
2.48962148962	1099.72828
2.51404151404	1189.67029
2.53846153846	1275.33404
2.56288156288	1357.48414
2.5873015873	1437.29174
2.61172161172	1515.7609
2.63614163614	1590.63295
2.66056166056	1668.43308
2.68498168498	1746.81854
2.7094017094	1827.04441
2.73382173382	1909.52909
2.75824175824	1990.00607
2.78266178266	2061.36471
2.80708180708	2125.52864
2.8315018315	2182.16376
2.85592185592	2225.07934
2.88034188034	2264.56486
2.90476190476	2296.35416
2.92918192918	2321.86913
2.9536019536	2342.95032
2.97802197802	2363.36258
3.00244200244	2384.35995
3.02686202686	2399.25063
3.05128205128	2412.97041
3.0757020757	2431.29092
3.10012210012	2447.01817
3.12454212454	2460.48695
3.14896214896	2476.29778
3.17338217338	2493.61456
3.1978021978	2506.07915
3.22222222222	2516.45246
3.24664224664	2529.83766
3.27106227106	2539.12364
