V	%
0	0.0
0.004	0.000108013707459
0.008	0.000696288945872
0.012	0.00254448161604
0.016	0.00706872795261
0.02	0.0160726397096
0.024	0.0320263911534
0.028	0.0578347461762
0.032	0.097661307866
0.036	0.15540922038
0.04	0.231262364678
0.044	0.335478034977
0.048	0.468189542389
0.052	0.637453491238
0.056	0.851508987127
0.06	1.10370280036
0.064	1.4054315247
0.068	1.76476534466
0.072	2.17689831824
0.076	2.67052531383
0.08	3.22312053441
0.084	3.86793428192
0.088	4.59571277471
0.092	5.40222371015
0.096	6.28169146124
0.1	7.25334142088
0.104	8.42878644352
0.108	9.63665281681
0.112	10.8661011155
0.116	12.2869103502
0.12	13.7825353727
0.124	15.3393086138
0.128	16.9514755774
0.132	18.7571599164
0.136	20.5711202274
0.14	22.5699616799
0.144	24.6421798687
0.148	26.7190806053
0.152	28.6801562896
0.156	31.090852712
0.16	33.570611709
0.164	35.9082917282
0.168	38.2028028365
0.172	40.9059332578
0.176	43.4540417892
0.18	45.9848749309
0.184	48.5883693453
0.188	51.6346552743
0.192	54.3615272674
0.196	56.827259645
0.2	59.7584386934
0.204	62.458330821
0.208	63.9492798523
0.212	67.2041923431
0.216	69.7314294238
0.22	72.5805951458
0.224	75.0391355437
0.228	77.3437190867
0.232	80.8034415738
0.236	82.1496283007
0.24	83.4172501654
0.244	85.8025458874
0.248	87.8093287069
0.252	89.3483520532
0.256	90.1160588541
0.26	92.1228416735
0.264	93.7689864185
0.268	94.2474696481
0.272	94.1617644047
0.276	94.8009343646
0.28	95.9400136868
0.284	96.4756406347
0.288	96.968404627
0.292	97.6825560737
0.296	97.7504028807
0.3	98.0575062689
0.304	98.4288474322
0.308	98.5145526756
0.312	98.6395432008
0.316	98.3395851827
0.32	98.5716857036
0.324	99.0037489716
0.328	99.1822941383
0.332	99.4072500017
0.336	98.896627573
0.34	98.9144760319
0.344	98.9394805511
0.348	99.1394525632
0.352	99.1073126515
0.356	99.1715810719
0.36	98.8609206778
0.364	99.3037069897
0.368	99.1037349776
0.372	99.2287148126
0.376	98.725237754
0.38	99.246573249
0.384	98.9644843576
0.388	99.3822561728
0.392	99.0858865188
0.396	99.0965888949
0.4	99.1930079173
0.404	98.9787444524
0.408	99.046601237
0.412	99.0608819996
0.416	98.8716337441
0.42	98.8323591526
0.424	99.1323064804
0.428	98.9609066838
0.432	99.1930079173
0.436	98.9787444524
0.44	99.0323204744
0.444	98.5966902228
0.448	98.5752533998
0.452	98.5681080297
0.456	98.8287914563
0.46	99.3072846635
0.464	99.0787411487
0.468	98.7537992792
0.472	98.8859145067
0.476	98.7502422732
0.48	98.7073793176
0.484	99.1287288066
0.488	98.6074032891
0.492	98.4574296252
0.496	98.6502455769
0.5	98.8109330199
0.504	98.7859491685
0.508	98.4538519514
0.512	98.6930878647
0.516	98.6073933115
0.52	98.9716090599
0.524	99.7714664627
0.528	99.046601237
0.532	98.9251890982
0.536	98.9359021646
0.54	99.6500643016
0.544	99.6429289091
0.548	98.0967808604
0.552	99.2001532874
0.556	99.1180157402
0.56	99.2322825089
0.564	98.6752500961
0.568	98.6216840517
0.572	99.1108696575
0.576	99.0073266454
0.58	98.8752014404
0.584	98.6466778807
0.588	99.3929799294
0.592	99.0001812753
0.596	98.6895308587
0.6	98.5038495868
0.604	98.9251890982
0.608	98.307445271
0.612	98.8252137825
0.616	98.600257919
0.62	99.3322685149
0.624	98.853774595
0.628	98.5395571948
0.632	98.7216700578
0.636	98.7288154278
0.64	98.5788317863
0.644	98.7788037984
0.648	99.2680000944
0.652	99.0430335407
0.656	98.7645230358
0.66	98.1824761263
0.664	99.1894295308
0.668	99.2251471163
0.672	98.4181443434
0.676	98.3681459952
0.68	98.8716337441
0.684	98.8287914563
0.688	98.5716963938
0.692	98.5145526756
0.696	98.9609066838
0.7	99.1823048285
0.704	99.8250317945
0.708	99.0108943417
0.712	98.6252624382
0.716	98.3753020556
0.72	98.0003625507
0.724	97.953942589
0.728	98.1753300435
0.732	98.0003625507
0.736	98.007518611
0.74	97.8003905386
0.744	97.8075465989
0.748	97.9503848704
0.752	98.150326237
0.756	97.6361460897
0.76	97.5182909569
0.764	97.6218553495
0.768	97.8004005162
0.772	97.9503748928
0.776	98.0039302469
0.78	98.2003238725
0.784	98.2717483533
0.788	97.7218413555
0.792	97.2862004137
0.796	97.8682580134
0.8	98.1610393034
0.804	97.8718150194
0.808	97.9896494843
0.812	97.6432914597
0.816	97.1005191418
0.82	97.2326450595
0.824	97.5254470173
0.828	97.771838991
0.832	97.6897014438
0.836	97.2790650212
0.84	97.2540818825
0.844	97.5825807579
0.848	97.8325404279
0.852	97.5397277799
0.856	98.1681846734
0.86	97.8325404279
0.864	97.6682753111
0.868	97.4504548402
0.872	97.4254717015
0.876	97.5825807579
0.88	98.5431348686
0.884	100.0
V	%
0.004	0.0
0.008	0.000559720230382
0.012	0.00234570101297
0.016	0.00675670047972
0.02	0.0154404842187
0.024	0.031117706065
0.028	0.0566115076059
0.032	0.0953084121314
0.036	0.149200108873
0.04	0.224753878185
0.044	0.326900272796
0.048	0.459798917987
0.052	0.6251853375
0.056	0.838393334427
0.06	1.08723457487
0.064	1.38407289166
0.068	1.72415867622
0.072	2.1370607513
0.076	2.62263697617
0.08	3.17060259907
0.084	3.81759712
0.088	4.52705234348
0.092	5.28671826917
0.096	6.18069606866
0.1	7.1764191779
0.104	8.24965257026
0.108	9.39350645162
0.112	10.6383509105
0.116	12.0604674422
0.12	13.4417559848
0.124	15.0142871476
0.128	16.6863761986
0.132	18.363122146
0.136	20.101105181
0.14	22.0632732514
0.144	24.1654703572
0.148	26.2182492989
0.152	28.2194519246
0.156	30.5408274942
0.16	32.8840390331
0.164	35.2634237225
0.168	37.6947434145
0.172	40.3180104699
0.176	43.1930434073
0.18	45.3410835177
0.184	47.7802790625
0.188	50.4440094598
0.192	53.15001274
0.196	56.2237975873
0.2	59.0780658615
0.204	62.0247221917
0.208	64.77226012
0.212	66.5002196521
0.216	69.4468759823
0.22	71.851687482
0.224	73.4324558096
0.228	77.4072868134
0.232	81.0295659971
0.236	84.0799012459
0.24	86.1916834834
0.244	87.9834859215
0.248	89.9494965877
0.252	89.1069290014
0.256	93.2913693025
0.26	91.0978348694
0.264	93.1278223372
0.268	93.6219940447
0.272	97.5895768089
0.276	95.4209269341
0.28	95.8191018635
0.284	96.6154616563
0.288	96.3452623266
0.292	99.0720919314
0.296	97.3193874131
0.3	96.8856616956
0.304	97.40827006
0.308	98.087310549
0.312	99.3991652846
0.316	99.7155816322
0.32	99.5236086535
0.324	99.4205076782
0.328	98.4108318035
0.332	97.5895867428
0.336	98.2188481813
0.34	99.1680787756
0.344	98.21173405
0.348	98.6205858528
0.352	98.193963623
0.356	98.4072690613
0.36	98.8196729627
0.364	98.6099089795
0.368	98.4072690613
0.372	98.7556954516
0.376	98.8338912912
0.38	99.057863669
0.384	99.089873002
0.388	99.4418302039
0.392	98.7699038461
0.396	98.4961417743
0.4	98.3681661746
0.404	98.2686172979
0.408	98.7308009594
0.412	99.3778427588
0.416	99.13609002
0.42	98.7556748742
0.424	98.3681661746
0.428	98.3859472452
0.432	98.6810211993
0.436	98.7272488608
0.44	100.0
