V	MHz
0.0	64.7696752
0.004884004884	64.79539907
0.00976800976801	64.85317609
0.014652014652	64.87514403
0.019536019536	64.93068894
0.02442002442	64.98581545
0.029304029304	65.00712367
0.034188034188	65.06273386
0.039072039072	65.08392188
0.043956043956	65.13798863
0.04884004884	65.19332158
0.0537240537241	65.21487961
0.0586080586081	65.26906868
0.0634920634921	65.31842421
0.0683760683761	65.34349435
0.0732600732601	65.39825354
0.0781440781441	65.41763055
0.0830280830281	65.47174346
0.0879120879121	65.52492716
0.0927960927961	65.54710578
0.0976800976801	65.60092957
0.102564102564	65.62122602
0.107448107448	65.67525273
0.112332112332	65.72767899
0.117216117216	65.74827692
0.1221001221	65.79986972
0.126984126984	65.84843579
0.131868131868	65.87339724
0.136752136752	65.92588415
0.141636141636	65.9455518
0.14652014652	65.99747527
0.151404151404	66.04662624
0.156288156288	66.06946153
0.161172161172	66.11947425
0.166056166056	66.13966646
0.17094017094	66.1923652
0.175824175824	66.24354965
0.180708180708	66.26387226
0.185592185592	66.31613493
0.190476190476	66.33617364
0.19536019536	66.38690246
0.200244200244	66.43769105
0.205128205128	66.45736932
0.210012210012	66.50976943
0.214896214896	66.55573071
0.21978021978	66.57922242
0.224664224664	66.63002551
0.229548229548	66.64941665
0.234432234432	66.69899453
0.239316239316	66.74796202
0.2442002442	66.77003301
0.249084249084	66.8215868
0.253968253968	66.84013028
0.258852258852	66.89079175
0.263736263736	66.94003339
0.26862026862	66.95885554
0.273504273504	67.00875605
0.278388278388	67.05234622
0.283272283272	67.07704863
0.288156288156	67.12662917
0.29304029304	67.14562511
0.297924297924	67.19416637
0.302808302808	67.24024117
0.307692307692	67.26170296
0.312576312576	67.31040156
0.31746031746	67.32806516
0.322344322344	67.37760685
0.327228327228	67.42543413
0.332112332112	67.44501151
0.336996336996	67.49397524
0.34188034188	67.5130657
0.346764346764	67.56157729
0.351648351648	67.61027291
0.356532356532	67.62823418
0.361416361416	67.67715955
0.3663003663	67.72129406
0.371184371184	67.7441253
0.376068376068	67.79152751
0.380952380952	67.81002623
0.385836385836	67.85781699
0.39072039072	67.90279906
0.395604395604	67.92377686
0.400488400488	67.97272007
0.405372405372	67.99071842
0.410256410256	68.03882354
0.41514041514	68.08538014
0.420024420024	68.10420107
0.424908424908	68.15157787
0.429792429792	68.16938167
0.434676434676	68.21580203
0.43956043956	68.26345992
0.444444444444	68.28182259
0.449328449328	68.32841996
0.454212454212	68.37101758
0.459096459096	68.39343821
0.46398046398	68.43936667
0.468864468864	68.457353
0.473748473748	68.50230598
0.478632478632	68.54737349
0.483516483516	68.567492
0.4884004884	68.61462529
0.493284493284	68.63222226
0.498168498168	68.67915655
0.503052503053	68.72522699
0.507936507937	68.74367596
0.512820512821	68.7893107
0.517704517705	68.80724642
0.522588522589	68.85399308
0.527472527473	68.90080131
0.532356532357	68.91797808
0.537240537241	68.96456661
0.542124542125	69.00717634
0.547008547009	69.02826473
0.551892551893	69.07513244
0.556776556777	69.09321765
0.561660561661	69.13985909
0.566544566545	69.18485249
0.571428571429	69.20363158
0.576312576313	69.25057647
0.581196581197	69.26736453
0.586080586081	69.31336931
0.590964590965	69.35861796
0.595848595849	69.37659709
0.600732600733	69.42340003
0.605616605617	69.46397475
0.610500610501	69.48620093
0.615384615385	69.53143022
0.620268620269	69.54888333
0.625152625153	69.59391324
0.630036630037	69.63427582
0.634920634921	69.65508195
0.639804639805	69.70249925
0.644688644689	69.71941962
0.649572649573	69.7654856
0.654456654457	69.81058424
0.659340659341	69.82941385
0.664224664225	69.87510501
0.669108669109	69.89243573
0.673992673993	69.93841512
0.678876678877	69.98484818
0.683760683761	70.00209069
0.688644688645	70.04839456
0.693528693529	70.08980987
0.698412698413	70.11130299
0.703296703297	70.15757986
0.708180708181	70.17474151
0.713064713065	70.22209791
0.717948717949	70.26583133
0.722832722833	70.28630578
0.727716727717	70.33284534
0.732600732601	70.34975548
0.737484737485	70.3956369
0.742368742369	70.4405573
0.747252747253	70.45853224
0.752136752137	70.5049289
0.757020757021	70.52226248
0.761904761905	70.56872648
0.766788766789	70.61441945
0.771672771673	70.63174541
0.776556776557	70.67842799
0.781440781441	70.71935291
0.786324786325	70.74048638
0.791208791209	70.78641205
0.796092796093	70.80433283
0.800976800977	70.85066748
0.805860805861	70.89434706
0.810744810745	70.91431021
0.815628815629	70.96136318
0.820512820513	70.97818954
0.825396825397	71.0247308
0.830280830281	71.07060886
0.835164835165	71.0890727
0.840048840049	71.13526041
0.844932844933	71.15300883
0.849816849817	71.19935239
0.854700854701	71.24619567
0.859584859585	71.26411278
0.864468864469	71.31217244
0.869352869353	71.35557856
0.874236874237	71.37730269
0.879120879121	71.42544456
0.884004884005	71.44249185
0.888888888889	71.49012936
0.893772893773	71.53577046
0.898656898657	71.55608259
0.903540903541	71.60308454
0.908424908425	71.62159153
0.913308913309	71.67001942
0.918192918193	71.7179628
0.923076923077	71.73670004
0.927960927961	71.78484814
0.932844932845	71.80347829
0.937728937729	71.85128658
0.942612942613	71.89910756
0.947496947497	71.91787096
0.952380952381	71.96843891
0.957264957265	72.01378228
0.962148962149	72.03623877
0.967032967033	72.08569929
0.971916971917	72.1046591
0.976800976801	72.15388484
0.981684981685	72.20145069
0.986568986569	72.22212627
0.991452991453	72.27252333
0.996336996337	72.29118612
1.00122100122	72.34111978
1.00610500611	72.39124199
1.01098901099	72.41011083
1.01587301587	72.46058286
1.02075702076	72.50585948
1.02564102564	72.53072587
1.03052503053	72.58126517
1.03540903541	72.60070384
1.04029304029	72.65132546
1.04517704518	72.69767043
1.05006105006	72.7206503
1.05494505495	72.77024441
1.05982905983	72.78949612
1.06471306471	72.84016873
1.0695970696	72.88803867
1.07448107448	72.90932859
1.07936507937	72.95855873
1.08424908425	72.97795987
1.08913308913	73.02846497
1.09401709402	73.07688878
1.0989010989	73.09592538
1.10378510379	73.14545542
1.10866910867	73.16463501
1.11355311355	73.21456839
1.11843711844	73.2642302
1.12332112332	73.28286549
1.12820512821	73.332647
1.13308913309	73.37827882
1.13797313797	73.40071439
1.14285714286	73.44988174
1.14774114774	73.46872725
1.15262515263	73.51768468
1.15750915751	73.56458914
1.16239316239	73.58468906
1.16727716728	73.63363742
1.17216117216	73.65164757
1.17704517705	73.70103826
1.18192918193	73.750594
1.18681318681	73.76907004
1.1916971917	73.81815132
1.19658119658	73.8602375
1.20146520147	73.88399321
1.20634920635	73.93115244
1.21123321123	73.94961888
1.21611721612	73.99639159
1.221001221	74.04101762
1.22588522589	74.06194321
1.23076923077	74.10930725
1.23565323565	74.12668874
1.24053724054	74.17409
1.24542124542	74.218976
1.25030525031	74.23730817
1.25518925519	74.28238399
1.26007326007	74.29992381
1.26495726496	74.3481215
1.26984126984	74.3952972
1.27472527473	74.41305983
1.27960927961	74.45978112
1.28449328449	74.5025388
1.28937728938	74.52385483
1.29426129426	74.57037531
1.29914529915	74.58747772
1.30402930403	74.63462704
1.30891330891	74.67879535
1.3137973138	74.69813996
1.31868131868	74.74416016
1.32356532357	74.7614853
1.32844932845	74.80760621
1.33333333333	74.85309528
1.33821733822	74.8717073
1.3431013431	74.91855921
1.34798534799	74.9352276
1.35286935287	74.98115703
1.35775335775	75.02608647
1.36263736264	75.0435064
1.36752136752	75.08802425
1.37240537241	75.12862654
1.37728937729	75.1496948
1.38217338217	75.19453708
1.38705738706	75.21123682
1.39194139194	75.25546623
1.39682539683	75.29790563
1.40170940171	75.31645841
1.40659340659	75.36075304
1.41147741148	75.37614843
1.41636141636	75.42014058
1.42124542125	75.4641209
1.42612942613	75.48160342
1.43101343101	75.52591338
1.4358974359	75.54198948
1.44078144078	75.58561583
1.44566544567	75.62925258
1.45054945055	75.6457045
1.45543345543	75.68913289
1.46031746032	75.72902593
1.4652014652	75.74902458
1.47008547009	75.79186083
1.47496947497	75.80867852
1.47985347985	75.85122919
1.48473748474	75.89158593
1.48962148962	75.91035347
1.49450549451	75.95421524
1.49938949939	75.9704553
1.50427350427	76.01352963
1.50915750916	76.05518993
1.51404151404	76.07213081
1.51892551893	76.11439744
1.52380952381	76.13053972
1.52869352869	76.17224517
1.53357753358	76.21470313
1.53846153846	76.23050385
1.54334554335	76.27282838
1.54822954823	76.31086917
1.55311355311	76.33028412
1.557997558	76.37202635
1.56288156288	76.38754881
1.56776556777	76.42839332
1.57264957265	76.46873367
1.57753357753	76.48672199
1.58241758242	76.52945371
1.5873015873	76.54452902
1.59218559219	76.58679176
1.59706959707	76.62753731
1.60195360195	76.64382046
1.60683760684	76.68541513
1.61172161172	76.70060663
1.61660561661	76.74220975
1.62148962149	76.78356297
1.62637362637	76.79869002
1.63125763126	76.84057627
1.63614163614	76.87778457
1.64102564103	76.89640849
1.64590964591	76.93770834
1.65079365079	76.95314093
1.65567765568	76.9947883
1.66056166056	77.03467285
1.66544566545	77.05130106
1.67032967033	77.09228528
1.67521367521	77.10818972
1.6800976801	77.14813442
1.68498168498	77.18800645
1.68986568987	77.20373283
1.69474969475	77.24413391
1.69963369963	77.28055167
1.70451770452	77.2994609
1.7094017094	77.33972732
1.71428571429	77.35525493
1.71916971917	77.39464485
1.72405372405	77.43080054
1.72893772894	77.44901825
1.73382173382	77.4902338
1.73870573871	77.50493135
1.74358974359	77.54498673
1.74847374847	77.58421998
1.75335775336	77.6006281
1.75824175824	77.64012527
1.76312576313	77.65520256
1.76800976801	77.69497842
1.77289377289	77.73512941
1.77777777778	77.75019819
1.78266178266	77.7901077
1.78754578755	77.82595345
1.79242979243	77.8447435
1.79731379731	77.88359586
1.8021978022	77.8992641
1.80708180708	77.93938818
1.81196581197	77.9774749
1.81684981685	77.99440063
1.82173382173	78.03380921
1.82661782662	78.04925037
1.8315018315	78.08829977
1.83638583639	78.12671627
1.84126984127	78.14188973
1.84615384615	78.18179119
1.85103785104	78.19587087
1.85592185592	78.23546139
1.86080586081	78.27349473
1.86568986569	78.28799916
1.87057387057	78.32694312
1.87545787546	78.36233225
1.88034188034	78.3788704
1.88522588523	78.41751346
1.89010989011	78.43219379
1.89499389499	78.47169591
1.89987789988	78.50841113
1.90476190476	78.52517649
1.90964590965	78.5640367
1.91452991453	78.57835393
1.91941391941	78.61712642
1.9242979243	78.65525165
1.92918192918	78.67049835
1.93406593407	78.70946081
1.93894993895	78.72338489
1.94383394383	78.76220144
1.94871794872	78.79968993
1.9536019536	78.81378772
1.95848595849	78.85272804
1.96336996337	78.88872138
1.96825396825	78.90638651
1.97313797314	78.94474493
1.97802197802	78.95883972
1.98290598291	78.99698698
1.98778998779	79.03338594
1.99267399267	79.04946639
1.99755799756	79.08729279
2.00244200244	79.10130768
2.00732600733	79.13983305
2.01221001221	79.17682811
2.01709401709	79.19146718
2.02197802198	79.22899355
2.02686202686	79.24321237
2.03174603175	79.28099425
2.03663003663	79.31690451
2.04151404151	79.33167705
2.0463980464	79.36935051
2.05128205128	79.40424265
2.05616605617	79.42132232
2.06105006105	79.45959078
2.06593406593	79.47297688
2.07081807082	79.51085874
2.0757020757	79.54573868
2.08058608059	79.56177563
2.08547008547	79.59978928
2.09035409035	79.61354422
2.09523809524	79.65087159
2.10012210012	79.68726018
2.10500610501	79.70180559
2.10989010989	79.73834458
2.11477411477	79.75281368
2.11965811966	79.79116426
2.12454212454	79.82793047
2.12942612943	79.84180128
2.13431013431	79.87892352
2.13919413919	79.91295033
2.14407814408	79.92978737
2.14896214896	79.96683466
2.15384615385	79.98003165
2.15873015873	80.01744607
2.16361416361	80.05223275
2.1684981685	80.0678669
2.17338217338	80.1037075
2.17826617827	80.11787943
2.18315018315	80.1540737
2.18803418803	80.19014449
2.19291819292	80.20360218
2.1978021978	80.24043061
2.20268620269	80.27340064
2.20757020757	80.29125071
2.21245421245	80.32833088
2.21733821734	80.34174214
2.22222222222	80.37804128
2.22710622711	80.41206222
2.23199023199	80.42788767
2.23687423687	80.4650033
2.24175824176	80.47843842
2.24664224664	80.51483551
2.25152625153	80.54985176
2.25641025641	80.56494626
2.26129426129	80.60136523
2.26617826618	80.61452678
2.27106227106	80.65179964
2.27594627595	80.68826249
2.28083028083	80.7021198
2.28571428571	80.73880109
2.2905982906	80.77069161
2.29548229548	80.78857674
2.30036630037	80.82412059
2.30525030525	80.83740188
2.31013431013	80.8732866
2.31501831502	80.90737136
2.3199023199	80.92329345
2.32478632479	80.95906434
2.32967032967	80.9726248
2.33455433455	81.00817952
2.33943833944	81.04317437
2.34432234432	81.05715645
2.34920634921	81.09251022
2.35409035409	81.1055464
2.35897435897	81.14178439
2.36385836386	81.17792234
2.36874236874	81.19168636
2.37362637363	81.22734512
2.37851037851	81.26026154
2.38339438339	81.27718673
2.38827838828	81.31229079
2.39316239316	81.32552331
2.39804639805	81.36163251
2.40293040293	81.39570713
2.40781440781	81.41068861
2.4126984127	81.4459187
2.41758241758	81.45953696
2.42246642247	81.49447486
2.42735042735	81.53081061
2.43223443223	81.5445108
2.43711843712	81.5807957
2.442002442	81.61210327
2.44688644689	81.62912229
2.45177045177	81.66458724
2.45665445665	81.678146
2.46153846154	81.71312523
2.46642246642	81.74565749
2.47130647131	81.76200028
2.47619047619	81.79725176
2.48107448107	81.81010071
2.48595848596	81.84521306
2.49084249084	81.8793411
2.49572649573	81.89365677
2.50061050061	81.92872149
2.50549450549	81.94150614
2.51037851038	81.97587012
2.51526251526	82.01158004
2.52014652015	82.02508076
2.52503052503	82.0601848
2.52991452991	82.09227134
2.5347985348	82.10901088
2.53968253968	82.14411054
2.54456654457	82.15759535
2.54945054945	82.19272509
2.55433455433	82.22580505
2.55921855922	82.24123697
2.5641025641	82.2765625
2.56898656899	82.289299
2.57387057387	82.32481855
2.57875457875	82.35805943
2.58363858364	82.37273582
2.58852258852	82.40826889
2.59340659341	82.4219643
2.59829059829	82.45695536
2.60317460317	82.49171218
2.60805860806	82.50492208
2.61294261294	82.53996339
2.61782661783	82.57151941
2.62271062271	82.58746745
2.62759462759	82.62244322
2.63247863248	82.6358669
2.63736263736	82.67040096
2.64224664225	82.70282731
2.64713064713	82.71771084
2.65201465201	82.7527989
2.6568986569	82.76510456
2.66178266178	82.79861353
2.66666666667	82.83354297
2.67155067155	82.84679774
2.67643467643	82.88195452
2.68131868132	82.89512961
2.6862026862	82.92967943
2.69108669109	82.96482369
2.69597069597	82.97740846
2.70085470085	83.011987
2.70573870574	83.04387016
2.71062271062	83.05987578
2.71550671551	83.09405971
2.72039072039	83.10712885
2.72527472527	83.14179892
2.73015873016	83.174258
2.73504273504	83.18867847
2.73992673993	83.2233889
2.74481074481	83.23679429
2.74969474969	83.27147924
2.75457875458	83.30592445
2.75946275946	83.31881895
2.76434676435	83.35328716
2.76923076923	83.38385757
2.77411477411	83.40041943
2.778998779	83.43476694
2.78388278388	83.44743346
2.78876678877	83.48164108
2.79365079365	83.51341457
2.79853479853	83.5281947
2.80341880342	83.56280351
2.8083028083	83.57505491
2.81318681319	83.60865134
2.81807081807	83.6409008
2.82295482295	83.65529214
2.82783882784	83.68974792
2.83272283272	83.70304035
2.83760683761	83.73699743
2.84249084249	83.77175006
2.84737484737	83.78411975
2.85225885226	83.81861227
2.85714285714	83.84886862
2.86202686203	83.86508827
2.86691086691	83.89983352
2.87179487179	83.91242104
2.87667887668	83.94659497
2.88156288156	83.97822337
2.88644688645	83.99298183
2.89133089133	84.02639771
2.89621489621	84.03974227
2.9010989011	84.07427619
2.90598290598	84.10803611
2.91086691087	84.1213346
2.91575091575	84.15519623
2.92063492063	84.16785266
2.92551892552	84.20193872
2.9304029304	84.23550932
2.93528693529	84.24822135
2.94017094017	84.28192083
2.94505494505	84.3130143
2.94993894994	84.32851343
2.95482295482	84.36235792
2.95970695971	84.37452391
2.96459096459	84.40869021
2.96947496947	84.44012754
2.97435897436	84.45333213
2.97924297924	84.48724596
2.98412698413	84.49989918
2.98901098901	84.5341834
2.99389499389	84.56767313
2.99877899878	84.58063922
3.00366300366	84.61440177
3.00854700855	84.64465081
3.01343101343	84.66031505
3.01831501832	84.69471442
3.0231990232	84.70701821
3.02808302808	84.74081187
3.03296703297	84.77209494
3.03785103785	84.78708913
3.04273504274	84.82092288
3.04761904762	84.83305641
3.0525030525	84.86742846
3.05738705739	84.90067759
3.06227106227	84.9145107
3.06715506716	84.94860248
3.07203907204	84.96077173
3.07692307692	84.99406731
3.08180708181	85.02778048
3.08669108669	85.04067544
3.09157509158	85.07348206
3.09645909646	85.10405885
3.10134310134	85.12001911
3.10622710623	85.15343377
3.11111111111	85.16625993
3.115995116	85.19932655
3.12087912088	85.23029273
3.12576312576	85.2448733
3.13064713065	85.27668899
3.13553113553	85.28928401
3.14041514042	85.32358224
3.1452991453	85.3562804
3.15018315018	85.36985068
3.15506715507	85.40369965
3.15995115995	85.41638364
3.16483516484	85.45017296
3.16971916972	85.48289485
3.1746031746	85.49592877
3.17948717949	85.53017857
3.18437118437	85.55956723
3.18925518926	85.5758809
3.19413919414	85.60901899
3.19902319902	85.6212505
3.20390720391	85.65482306
3.20879120879	85.68654166
3.21367521368	85.70154219
3.21855921856	85.73511594
3.22344322344	85.74783473
3.22832722833	85.78114502
3.23321123321	85.81391249
3.2380952381	85.82714323
3.24297924298	85.86071048
3.24786324786	85.87254762
3.25274725275	85.90615656
3.25763125763	85.93945774
3.26251526252	85.95216294
3.2673992674	85.98487971
3.27228327228	86.01552841
3.27716727717	86.03067859
3.28205128205	86.06366576
3.28693528694	86.07626156
3.29181929182	86.10893134
3.2967032967	86.14118841
3.30158730159	86.15540906
3.30647130647	86.1885215
3.31135531136	86.20118115
3.31623931624	86.23494704
3.32112332112	86.26732345
3.32600732601	86.28019044
3.33089133089	86.31328407
3.33577533578	86.32619883
3.34065934066	86.35926298
3.34554334554	86.39262418
3.35042735043	86.4046298
3.35531135531	86.43799314
3.3601953602	86.46834908
3.36507936508	86.48392073
3.36996336996	86.51781296
3.37484737485	86.53036782
3.37973137973	86.5640016
3.38461538462	86.59537438
3.3894993895	86.60959155
3.39438339438	86.6426918
3.39926739927	86.65505686
3.40415140415	86.68835426
3.40903540904	86.72082793
3.41391941392	86.73400443
3.4188034188	86.76678548
3.42368742369	86.77947931
3.42857142857	86.8127053
3.43345543346	86.84516163
3.43833943834	86.85755963
3.44322344322	86.88974031
3.44810744811	86.92059117
3.45299145299	86.93648694
3.45787545788	86.96948266
3.46275946276	86.98203813
3.46764346764	87.01583455
3.47252747253	87.04658121
3.47741147741	87.06062956
3.4822954823	87.09366332
3.48717948718	87.10654097
3.49206349206	87.13957169
3.49694749695	87.17215169
3.50183150183	87.18503795
3.50671550672	87.21788381
3.5115995116	87.23049425
3.51648351648	87.26308019
3.52136752137	87.29690959
3.52625152625	87.30984721
3.53113553114	87.34298888
3.53601953602	87.37354344
3.5409035409	87.38844527
3.54578754579	87.42168278
3.55067155067	87.43399642
3.55555555556	87.46701667
3.56043956044	87.49812077
3.56532356532	87.51234135
3.57020757021	87.54508604
3.57509157509	87.55779853
3.57997557998	87.59098358
3.58485958486	87.62301252
3.58974358974	87.63593491
3.59462759463	87.6682783
3.59951159951	87.68058095
3.6043956044	87.71338794
3.60927960928	87.74643803
3.61416361416	87.75927295
3.61904761905	87.79179507
3.62393162393	87.82230654
3.62881562882	87.8379567
3.6336996337	87.87045517
3.63858363858	87.88285792
3.64346764347	87.91547366
3.64835164835	87.94698434
3.65323565324	87.96100534
3.65811965812	87.99371957
3.663003663	88.00649376
3.66788766789	88.03902528
3.67277167277	88.07096653
3.67765567766	88.08445537
3.68253968254	88.11796561
3.68742368742	88.13032179
3.69230769231	88.16373728
3.69719169719	88.1960266
3.70207570208	88.20828323
3.70695970696	88.24127064
3.71184371184	88.27133444
3.71672771673	88.28611342
3.72161172161	88.31900169
3.7264957265	88.33134965
3.73137973138	88.3644408
3.73626373626	88.39514393
3.74114774115	88.40906061
3.74603174603	88.44187391
3.75091575092	88.45457311
3.7557997558	88.48597716
3.76068376068	88.51841431
3.76556776557	88.53166985
3.77045177045	88.56503032
3.77533577534	88.57726755
3.78021978022	88.61046114
3.7851037851	88.6439069
3.78998778999	88.65593522
3.79487179487	88.68880618
3.79975579976	88.71892054
3.80463980464	88.7340912
3.80952380952	88.76684467
3.81440781441	88.77914558
3.81929181929	88.81186878
3.82417582418	88.84319982
3.82905982906	88.85709656
3.83394383394	88.8905791
3.83882783883	88.90298755
3.84371184371	88.93665556
3.8485958486	88.96896448
3.85347985348	88.9818042
3.85836385836	89.01459333
3.86324786325	89.02729354
3.86813186813	89.05941663
3.87301587302	89.09195963
3.8778998779	89.1044451
3.88278388278	89.13769416
3.88766788767	89.16793516
3.89255189255	89.18258737
3.89743589744	89.21539786
3.90231990232	89.2275105
3.9072039072	89.26014385
3.91208791209	89.29024069
3.91697191697	89.30406246
3.92185592186	89.33732766
3.92673992674	89.34976812
3.93162393162	89.38257874
3.93650793651	89.41564732
3.94139194139	89.42821034
3.94627594628	89.46068373
3.95115995116	89.48984872
3.95604395604	89.50552195
3.96092796093	89.53927689
3.96581196581	89.5510063
3.9706959707	89.58386339
3.97557997558	89.61459857
3.98046398046	89.62878418
3.98534798535	89.6609305
3.99023199023	89.67386838
3.99511599512	89.70770202
4.0	89.73947181
4.00488400488	89.75312975
4.00976800977	89.78615269
4.01465201465	89.79808482
4.01953601954	89.83072657
4.02442002442	89.86321137
4.0293040293	89.87530199
4.03418803419	89.90836352
4.03907203907	89.93808946
4.04395604396	89.95339143
4.04884004884	89.98539135
4.05372405372	89.99798915
4.05860805861	90.03056528
4.06349206349	90.06113592
4.06837606838	90.0745169
4.07326007326	90.1075007
4.07814407814	90.11997702
4.08302808303	90.15294285
4.08791208791	90.18551343
4.0927960928	90.19858564
4.09768009768	90.23122102
4.10256410256	90.24393959
4.10744810745	90.276041
4.11233211233	90.30974091
4.11721611722	90.32173688
4.1221001221	90.35460798
4.12698412698	90.38457489
4.13186813187	90.39966156
4.13675213675	90.43258302
4.14163614164	90.44465393
4.14652014652	90.4782801
4.1514041514	90.5098826
4.15628815629	90.52406064
4.16117216117	90.557489
4.16605616606	90.5694362
4.17094017094	90.6026587
4.17582417582	90.63457854
4.18070818071	90.64742719
4.18559218559	90.67944515
4.19047619048	90.70903101
4.19536019536	90.72497037
4.20024420024	90.75822947
4.20512820513	90.76996457
4.21001221001	90.80303612
4.2148962149	90.83276424
4.21978021978	90.84768549
4.22466422466	90.87961398
4.22954822955	90.89186285
4.23443223443	90.92524279
4.23931623932	90.95692377
4.2442002442	90.97062937
4.24908424908	91.0041971
4.25396825397	91.01622853
4.25885225885	91.04924389
4.26373626374	91.08088582
4.26862026862	91.09397594
4.2735042735	91.12690216
4.27838827839	91.13942756
4.28327228327	91.17184887
4.28815628816	91.20514208
4.29304029304	91.21685634
4.29792429792	91.24978808
4.30280830281	91.28042379
4.30769230769	91.29581415
4.31257631258	91.32858012
4.31746031746	91.34133703
4.32234432234	91.37379778
4.32722832723	91.40566087
4.33211233211	91.41889668
4.336996337	91.45213055
4.34188034188	91.46386134
4.34676434676	91.49684851
4.35164835165	91.52974313
4.35653235653	91.54214107
4.36141636142	91.57501839
4.3663003663	91.60393775
4.37118437118	91.61948261
4.37606837607	91.65220289
4.38095238095	91.66334159
4.38583638584	91.69579436
4.39072039072	91.72710819
4.3956043956	91.74157174
4.40048840049	91.77507304
4.40537240537	91.78710777
4.41025641026	91.82057456
4.41514041514	91.85211759
4.42002442002	91.86550717
4.42490842491	91.89894104
4.42979242979	91.91105037
4.43467643468	91.94389722
4.43956043956	91.97627491
4.44444444444	91.98900123
4.44932844933	92.02164822
4.45421245421	92.05156073
4.4590964591	92.06719781
4.46398046398	92.10096967
4.46886446886	92.11377627
4.47374847375	92.14673703
4.47863247863	92.17767857
4.48351648352	92.19194028
4.4884004884	92.22492049
4.49328449328	92.23726428
4.49816849817	92.27002673
4.50305250305	92.30279201
4.50793650794	92.3157906
4.51282051282	92.34918
4.5177045177	92.36092871
4.52258852259	92.39347699
4.52747252747	92.42622081
4.53235653236	92.43844352
4.53724053724	92.4706737
4.54212454212	92.50140142
4.54700854701	92.51659421
4.55189255189	92.54956721
4.55677655678	92.562126
4.56166056166	92.59507097
4.56654456654	92.62682985
4.57142857143	92.64077625
4.57631257631	92.67325949
4.5811965812	92.68594544
4.58608058608	92.71891153
4.59096459096	92.75181284
4.59584859585	92.76417288
4.60073260073	92.79694653
4.60561660562	92.82640969
4.6105006105	92.84200841
4.61538461538	92.87552659
4.62026862027	92.88821724
4.62515262515	92.92157816
4.63003663004	92.9525994
4.63492063492	92.96718553
4.6398046398	93.00028425
4.64468864469	93.01309709
4.64957264957	93.04552965
4.65445665446	93.07713097
4.65934065934	93.09084878
4.66422466422	93.12397602
4.66910866911	93.1363771
4.67399267399	93.16918531
4.67887667888	93.20207644
4.68376068376	93.2145405
4.68864468864	93.24701369
4.69352869353	93.27597216
4.69841269841	93.29182209
4.7032967033	93.32542646
4.70818070818	93.33839101
4.71306471306	93.37113598
4.71794871795	93.40226871
4.72283272283	93.41743646
4.72771672772	93.45010199
4.7326007326	93.46226587
4.73748473748	93.49545902
4.74236874237	93.52769211
4.74725274725	93.54126403
4.75213675214	93.57405557
4.75702075702	93.58660175
4.7619047619	93.61941232
4.76678876679	93.65248668
4.77167277167	93.66564678
4.77655677656	93.69934181
4.78144078144	93.72937147
4.78632478632	93.74552505
4.79120879121	93.77837067
4.79609279609	93.79112776
4.80097680098	93.82416691
4.80586080586	93.85476028
4.81074481074	93.86925385
4.81562881563	93.90265623
4.82051282051	93.91504118
4.8253968254	93.94858773
4.83028083028	93.98013123
4.83516483516	93.99370123
4.84004884005	94.02643977
4.84493284493	94.03898867
4.84981684982	94.07108414
4.8547008547	94.10476823
4.85958485958	94.11688425
4.86446886447	94.15090232
4.86935286935	94.1804002
4.87423687424	94.19615327
4.87912087912	94.22928598
4.884004884	94.24192473
4.88888888889	94.27515881
4.89377289377	94.30640002
4.89865689866	94.32057365
4.90354090354	94.35411436
4.90842490842	94.3668601
4.91330891331	94.39954215
4.91819291819	94.43199839
4.92307692308	94.44512394
4.92796092796	94.47878168
4.93284493284	94.49157733
4.93772893773	94.52509412
4.94261294261	94.55840465
4.9474969475	94.57078554
4.95238095238	94.60423902
4.95726495726	94.63491692
4.96214896215	94.64998631
4.96703296703	94.6831863
4.97191697192	94.69549633
4.9768009768	94.72898857
4.98168498168	94.76066842
4.98656898657	94.77452321
4.99145299145	94.80843122
4.99633699634	94.82036709
5.00122100122	94.85344989
5.0061050061	94.88471126
5.01098901099	94.89816689
5.01587301587	94.93279531
5.02075702076	94.94485268
5.02564102564	94.97887238
5.03052503053	95.01227517
5.03540903541	95.02520181
5.04029304029	95.0583222
5.04517704518	95.08861316
5.05006105006	95.10420251
5.05494505495	95.1384288
5.05982905983	95.15057756
5.06471306471	95.18423827
5.0695970696	95.21609422
5.07448107448	95.23024869
5.07936507937	95.26320366
5.08424908425	95.27603519
5.08913308913	95.31027605
5.09401709402	95.34396585
5.0989010989	95.35675772
5.10378510379	95.39025846
5.10866910867	95.40311928
5.11355311355	95.43655896
5.11843711844	95.47043519
5.12332112332	95.48232471
5.12820512821	95.5159985
5.13308913309	95.54727934
5.13797313797	95.56264408
5.14285714286	95.59539487
5.14774114774	95.60839205
5.15262515263	95.64143452
5.15750915751	95.67340492
5.16239316239	95.68663616
5.16727716728	95.72085747
5.17216117216	95.7330389
5.17704517705	95.7668466
5.18192918193	95.80024012
5.18681318681	95.81347864
5.1916971917	95.84718469
5.19658119658	95.87740435
5.20146520147	95.8931963
5.20634920635	95.92714402
5.21123321123	95.93967895
5.21611721612	95.97364661
5.221001221	96.00466484
5.22588522589	96.01979719
5.23076923077	96.05311156
5.23565323565	96.06573464
5.24053724054	96.09952522
5.24542124542	96.13339234
5.25030525031	96.14710359
5.25518925519	96.180849
5.26007326007	96.19373155
5.26495726496	96.22718047
5.26984126984	96.26097669
5.27472527473	96.27361076
5.27960927961	96.30724392
5.28449328449	96.33780699
5.28937728938	96.35396968
5.29426129426	96.38722061
5.29914529915	96.40013213
5.30402930403	96.43339424
5.30891330891	96.46522143
5.3137973138	96.47936672
5.31868131868	96.5126589
5.32356532357	96.52495897
5.32844932845	96.55928942
5.33333333333	96.59327181
5.33821733822	96.60612798
5.3431013431	96.64039416
5.34798534799	96.67036264
5.35286935287	96.68708631
5.35775335775	96.72038083
5.36263736264	96.73370708
5.36752136752	96.7683015
5.37240537241	96.79942096
5.37728937729	96.81481628
5.38217338217	96.84829473
5.38705738706	96.86093046
5.39194139194	96.89480946
5.39682539683	96.92830251
5.40170940171	96.9426133
5.40659340659	96.97694701
5.41147741148	96.98981591
5.41636141636	97.02391725
5.42124542125	97.05790647
5.42612942613	97.07092609
5.43101343101	97.1045849
5.4358974359	97.13465966
5.44078144078	97.15120734
5.44566544567	97.18553789
5.45054945055	97.19825177
5.45543345543	97.2318801
5.46031746032	97.26386563
5.4652014652	97.27900159
5.47008547009	97.31273039
5.47496947497	97.3254585
5.47985347985	97.35932376
5.48473748474	97.3923099
5.48962148962	97.40600406
5.49450549451	97.44027622
5.49938949939	97.45357883
5.50427350427	97.48755845
5.50915750916	97.5216316
5.51404151404	97.53432382
5.51892551893	97.56890408
5.52380952381	97.60002663
5.52869352869	97.616246
5.53357753358	97.65013291
5.53846153846	97.66285597
5.54334554335	97.69729214
5.54822954823	97.72905535
5.55311355311	97.74468846
5.557997558	97.78014283
5.56288156288	97.79289132
5.56776556777	97.82718776
5.57264957265	97.86033157
5.57753357753	97.87429657
5.58241758242	97.90832731
5.5873015873	97.92126974
5.59218559219	97.9551271
5.59706959707	97.9898301
5.60195360195	98.00250182
5.60683760684	98.03704841
5.61172161172	98.06835792
5.61660561661	98.08403019
5.62148962149	98.11871065
5.62637362637	98.13104423
5.63125763126	98.16437172
5.63614163614	98.19727643
5.64102564103	98.2119531
5.64590964591	98.24662668
5.65079365079	98.25991606
5.65567765568	98.2943492
5.66056166056	98.32880406
5.66544566545	98.34236699
5.67032967033	98.37630764
5.67521367521	98.38977261
5.6800976801	98.42419624
5.68498168498	98.45908771
5.68986568987	98.47188961
5.69474969475	98.5067011
5.69963369963	98.53841899
5.70451770452	98.5540109
5.7094017094	98.58900385
5.71428571429	98.60244236
5.71916971917	98.63726152
5.72405372405	98.67081919
5.72893772894	98.6851785
5.73382173382	98.71969018
5.73870573871	98.73281991
5.74358974359	98.76760155
5.74847374847	98.80145944
5.75335775336	98.81503508
5.75824175824	98.85017398
5.76312576313	98.88064967
5.76800976801	98.89746452
5.77289377289	98.93173203
5.77777777778	98.94494732
5.78266178266	98.97883312
5.78754578755	99.01018916
5.79242979243	99.02656256
5.79731379731	99.06128155
5.8021978022	99.07475594
5.80708180708	99.10898386
5.81196581197	99.1427856
5.81684981685	99.15702049
5.82173382173	99.19164093
5.82661782662	99.20511437
5.8315018315	99.23954849
5.83638583639	99.27432941
5.84126984127	99.28811945
5.84615384615	99.32205962
5.85103785104	99.33550709
5.85592185592	99.37003703
5.86080586081	99.40456938
5.86568986569	99.41850456
5.87057387057	99.4537402
5.87545787546	99.48602375
5.88034188034	99.50179338
5.88522588523	99.53651854
5.89010989011	99.5497119
5.89499389499	99.58514279
5.89987789988	99.61761049
5.90476190476	99.63227914
5.90964590965	99.66693867
5.91452991453	99.68046244
5.91941391941	99.7155717
5.9242979243	99.74910078
5.92918192918	99.76246732
5.93406593407	99.79724404
5.93894993895	99.81047443
5.94383394383	99.84430768
5.94871794872	99.87968547
5.9536019536	99.8926722
5.95848595849	99.92851375
5.96336996337	99.96005025
5.96825396825	99.97637977
5.97313797314	100.0112047
5.97802197802	100.0244868
5.98290598291	100.0589112
5.98778998779	100.093029
5.99267399267	100.1074224
5.99755799756	100.1426499
6.00244200244	100.1552494
6.00732600733	100.1905364
6.01221001221	100.2251204
6.01709401709	100.2384133
6.02197802198	100.2736967
6.02686202686	100.3058505
6.03174603175	100.3225565
6.03663003663	100.3579845
6.04151404151	100.371525
6.0463980464	100.4061574
6.05128205128	100.438823
6.05616605617	100.4541509
6.06105006105	100.4887471
6.06593406593	100.5022331
6.07081807082	100.5374205
6.0757020757	100.5715629
6.08058608059	100.5856381
6.08547008547	100.6204561
6.09035409035	100.6334326
6.09523809524	100.668191
6.10012210012	100.7028677
6.10500610501	100.7158082
6.10989010989	100.7519052
6.11477411477	100.783611
6.11965811966	100.7999879
6.12454212454	100.8351864
6.12942612943	100.8486348
6.13431013431	100.8833091
6.13919413919	100.9167221
6.14407814408	100.9323368
6.14896214896	100.9681119
6.15384615385	100.9807994
6.15873015873	101.0164428
6.16361416361	101.0501871
6.1684981685	101.064649
6.17338217338	101.099296
6.17826617827	101.1129317
6.18315018315	101.1487655
6.18803418803	101.1845401
6.19291819292	101.1975638
6.1978021978	101.2329658
6.20268620269	101.2650549
6.20757020757	101.2815895
6.21245421245	101.3175355
6.21733821734	101.3298511
6.22222222222	101.3651109
6.22710622711	101.3985651
6.23199023199	101.4139704
6.23687423687	101.448886
6.24175824176	101.4622907
6.24664224664	101.497192
6.25152625153	101.5316673
6.25641025641	101.544806
6.26129426129	101.5802524
6.26617826618	101.5943798
6.27106227106	101.6299705
6.27594627595	101.6658929
6.28083028083	101.678904
6.28571428571	101.7151675
6.2905982906	101.7468643
6.29548229548	101.7633651
6.30036630037	101.7989687
6.30525030525	101.8127671
6.31013431013	101.8482179
6.31501831502	101.8815347
6.3199023199	101.8967319
6.32478632479	101.9325942
6.32967032967	101.9453581
6.33455433455	101.9812707
6.33943833944	102.0172196
6.34432234432	102.0313675
6.34920634921	102.0677097
6.35409035409	102.0806545
6.35897435897	102.1165147
6.36385836386	102.1515288
6.36874236874	102.1648642
6.37362637363	102.2002625
6.37851037851	102.2332662
6.38339438339	102.2496301
6.38827838828	102.2847135
6.39316239316	102.2983476
6.39804639805	102.3335369
6.40293040293	102.3677081
6.40781440781	102.3821997
6.4126984127	102.4167367
6.41758241758	102.4305987
6.42246642247	102.4665109
6.42735042735	102.5028897
6.43223443223	102.5162759
6.43711843712	102.5522522
6.442002442	102.5659155
6.44688644689	102.6014004
6.45177045177	102.6371237
6.45665445665	102.6504048
6.46153846154	102.6870171
6.46642246642	102.7196563
6.47130647131	102.7356826
6.47619047619	102.7720475
6.48107448107	102.784919
6.48595848596	102.8205305
6.49084249084	102.8551881
6.49572649573	102.8708591
6.50061050061	102.9068944
6.50549450549	102.9206965
6.51037851038	102.9566755
6.51526251526	102.9921476
6.52014652015	103.0062368
6.52503052503	103.0423976
6.52991452991	103.0552129
6.5347985348	103.0915676
6.53968253968	103.1270869
6.54456654457	103.1409101
6.54945054945	103.1768679
6.55433455433	103.208975
6.55921855922	103.225846
6.5641025641	103.2617703
6.56898656899	103.2746038
6.57387057387	103.3101731
6.57875457875	103.3449386
6.58363858364	103.3608523
6.58852258852	103.3967404
6.59340659341	103.4107504
6.59829059829	103.4466056
6.60317460317	103.4819732
6.60805860806	103.4961497
6.61294261294	103.5327881
6.61782661783	103.5462154
6.62271062271	103.5829985
6.62759462759	103.6183749
6.63247863248	103.6317313
6.63736263736	103.668048
6.64224664225	103.7010456
6.64713064713	103.7181801
6.65201465201	103.7552751
6.6568986569	103.7689281
6.66178266178	103.8056202
6.66666666667	103.8397047
6.67155067155	103.8554458
6.67643467643	103.8921989
6.68131868132	103.9052006
6.6862026862	103.9416683
6.69108669109	103.9771077
6.69597069597	103.9916174
6.70085470085	104.0273395
6.70573870574	104.0413891
6.71062271062	104.0770466
6.71550671551	104.1134907
6.72039072039	104.1267204
6.72527472527	104.1617423
6.73015873016	104.1960699
6.73504273504	104.2121277
6.73992673993	104.2493547
6.74481074481	104.2621686
6.74969474969	104.2993087
6.75457875458	104.3343075
6.75946275946	104.3489898
6.76434676435	104.3856546
6.76923076923	104.3988022
6.77411477411	104.4358081
6.778998779	104.4721248
6.78388278388	104.4859037
6.78876678877	104.5219151
6.79365079365	104.5545112
6.79853479853	104.5716342
6.80341880342	104.6085406
6.8083028083	104.6226124
6.81318681319	104.6596455
6.81807081807	104.6937031
6.82295482295	104.7101104
6.82783882784	104.7462406
6.83272283272	104.7602339
6.83760683761	104.7962405
6.84249084249	104.8311779
6.84737484737	104.8458728
6.85225885226	104.8827187
6.85714285714	104.8962764
6.86202686203	104.9324474
6.86691086691	104.9694801
6.87179487179	104.982487
6.87667887668	105.0189924
6.88156288156	105.0497251
6.88644688645	105.0673055
6.89133089133	105.1045125
6.89621489621	105.1184431
6.9010989011	105.154836
6.90598290598	105.1897828
6.91086691087	105.2055302
6.91575091575	105.2423322
6.92063492063	105.2557082
6.92551892552	105.2928943
6.9304029304	105.328846
6.93528693529	105.3427996
6.94017094017	105.3792491
6.94505494505	105.3933495
6.94993894994	105.4297715
6.95482295482	105.4667592
6.95970695971	105.4802198
6.96459096459	105.517641
6.96947496947	105.5518729
6.97435897436	105.5688232
6.97924297924	105.6050622
6.98412698413	105.6193426
6.98901098901	105.6555776
6.99389499389	105.6909607
6.99877899878	105.7065322
7.00366300366	105.7427912
7.00854700855	105.7570791
7.01343101343	105.7934754
7.01831501831	105.8294824
7.0231990232	105.8436025
7.02808302808	105.8804213
7.03296703297	105.9125533
7.03785103785	105.929572
7.04273504274	105.9665381
7.04761904762	105.9806661
7.0525030525	106.0176065
7.05738705739	106.0516386
7.06227106227	106.0680588
7.06715506716	106.1056583
7.07203907204	106.1189087
7.07692307692	106.1551204
7.08180708181	106.1911636
7.08669108669	106.2061193
7.09157509158	106.2436084
7.09645909646	106.2570024
7.10134310134	106.2931946
7.10622710623	106.3301485
7.11111111111	106.343734
7.115995116	106.3808763
7.12087912088	106.4151316
7.12576312576	106.4327059
7.13064713065	106.4702805
7.13553113553	106.4833881
7.14041514042	106.5205021
7.1452991453	106.5549185
7.15018315018	106.5705577
7.15506715507	106.6070517
7.15995115995	106.6213373
7.16483516484	106.6581359
7.16971916972	106.6942927
7.1746031746	106.7087881
7.17948717949	106.7455239
7.18437118437	106.7592376
7.18925518926	106.7956048
7.19413919414	106.8319049
7.19902319902	106.8458935
7.20390720391	106.8837388
7.20879120879	106.9172708
7.21367521368	106.9344816
7.21855921856	106.9724088
7.22344322344	106.9857334
7.22832722833	107.0222806
7.23321123321	107.0572016
7.2380952381	107.0730114
7.24297924298	107.1104183
7.24786324786	107.124473
7.25274725275	107.1615346
7.25763125763	107.1976825
7.26251526252	107.2118907
7.2673992674	107.2488311
7.27228327228	107.2627415
7.27716727717	107.301355
7.28205128205	107.3379662
7.28693528694	107.3517695
7.29181929182	107.3889809
7.2967032967	107.4229871
7.30158730159	107.4399618
7.30647130647	107.4773821
7.31135531136	107.4905661
7.31623931624	107.5279828
7.32112332112	107.5631314
7.32600732601	107.5786082
7.33089133089	107.6150573
7.33577533578	107.6287642
7.34065934066	107.6660714
7.34554334554	107.7023956
7.35042735043	107.716113
7.35531135531	107.7534172
7.3601953602	107.7864235
7.36507936508	107.8045299
7.36996336996	107.8417121
7.37484737485	107.8554353
7.37973137973	107.8931247
7.38461538462	107.9266541
7.3894993895	107.9427961
7.39438339438	107.9803662
7.39926739927	107.9944668
7.40415140415	108.0313113
7.40903540904	108.0669309
7.41391941392	108.0821242
7.4188034188	108.1198239
7.42368742369	108.133075
7.42857142857	108.171271
7.43345543346	108.2085397
7.43833943834	108.2229511
7.44322344322	108.2602775
7.44810744811	108.2929499
7.45299145299	108.3111359
7.45787545788	108.3489959
7.46275946276	108.3622792
7.46764346764	108.3994228
7.47252747253	108.4337135
7.47741147741	108.4508802
7.4822954823	108.4878013
7.48717948718	108.5013758
7.49206349206	108.5384889
7.49694749695	108.5737547
7.50183150183	108.5890842
7.50671550672	108.6246834
7.5115995116	108.6381144
7.51648351648	108.6763364
7.52136752137	108.7141205
7.52625152625	108.7283337
7.53113553114	108.7662946
7.53601953602	108.7996775
7.5409035409	108.8172947
7.54578754579	108.8540604
7.55067155067	108.8681499
7.55555555556	108.9061924
7.56043956044	108.941215
7.56532356532	108.9577803
7.57020757021	108.9956152
7.57509157509	109.0090428
7.57997557998	109.0463034
7.58485958486	109.0828295
7.58974358974	109.0987038
7.59462759463	109.1360584
7.59951159951	109.150857
7.6043956044	109.1877193
7.60927960928	109.2259425
7.61416361416	109.2397347
7.61904761905	109.2769022
7.62393162393	109.3104986
7.62881562882	109.3281684
7.6336996337	109.3656194
7.63858363858	109.3803747
7.64346764347	109.4168454
7.64835164835	109.4527761
7.65323565324	109.4684071
7.65811965812	109.5058386
7.663003663	109.5192784
7.66788766789	109.557111
7.67277167277	109.5940375
7.67765567766	109.6090718
7.68253968254	109.6460809
7.68742368742	109.6607769
7.69230769231	109.69841
7.69719169719	109.7352404
7.70207570208	109.7496282
7.70695970696	109.7872745
7.71184371184	109.8224872
7.71672771673	109.8396292
7.72161172161	109.8765564
7.7264957265	109.8915723
7.73137973138	109.9285006
7.73626373626	109.9644998
7.74114774115	109.9802634
7.74603174603	110.0195512
7.75091575092	110.0330777
7.7557997558	110.0712421
7.76068376068	110.1086164
7.76556776557	110.1231022
7.77045177045	110.161396
7.77533577534	110.194327
7.78021978022	110.212415
7.7851037851	110.2502109
7.78998778999	110.2647235
7.79487179487	110.302111
7.79975579976	110.3367057
7.80463980464	110.35367
7.80952380952	110.3916007
7.81440781441	110.4051302
7.81929181929	110.4421245
7.82417582418	110.4790572
7.82905982906	110.4942306
7.83394383394	110.5327739
7.83882783883	110.5466383
7.84371184371	110.5847136
7.8485958486	110.6234319
7.85347985348	110.6372528
7.85836385836	110.6747925
7.86324786325	110.7095822
7.86813186813	110.7274232
7.87301587302	110.765019
7.8778998779	110.7796285
7.88278388278	110.8176723
7.88766788767	110.8531621
7.89255189255	110.8689468
7.89743589744	110.9081994
7.90231990232	110.9220337
7.9072039072	110.9614301
7.91208791209	110.9983955
7.91697191697	111.0132409
7.92185592186	111.0518812
7.92673992674	111.0655275
7.93162393162	111.1037891
7.93650793651	111.1411015
7.94139194139	111.155655
7.94627594628	111.1936619
7.95115995116	111.2284118
7.95604395604	111.2461455
7.96092796093	111.2836443
7.96581196581	111.2982022
7.9706959707	111.3353874
7.97557997558	111.3702435
7.98046398046	111.3867676
7.98534798535	111.4257005
7.99023199023	111.4395551
7.99511599512	111.4778752
8.0	111.5155806
8.00488400488	111.5305335
8.00976800977	111.5681926
8.01465201465	111.582372
8.01953601954	111.6207427
8.02442002442	111.6592477
8.0293040293	111.6730856
8.03418803419	111.7118331
8.03907203907	111.7460205
8.04395604396	111.7637674
8.04884004884	111.8009582
8.05372405372	111.8163798
8.05860805861	111.8546166
8.06349206349	111.8908149
8.06837606838	111.9074965
8.07326007326	111.9456668
8.07814407814	111.9595925
8.08302808303	111.9984402
8.08791208791	112.035313
8.0927960928	112.0499934
8.09768009768	112.088185
8.10256410256	112.102737
8.10744810745	112.1412841
8.11233211233	112.178255
8.11721611722	112.1921522
8.1221001221	112.2305431
8.12698412698	112.264958
8.13186813187	112.281443
8.13675213675	112.3194798
8.14163614164	112.3340176
8.14652014652	112.3727574
8.1514041514	112.4090902
8.15628815629	112.4255355
8.16117216117	112.4644812
8.16605616606	112.4784133
8.17094017094	112.5169607
8.17582417582	112.554532
8.18070818071	112.5694657
8.18559218559	112.6089213
8.19047619048	112.6225025
8.19536019536	112.6612155
8.20024420024	112.6990872
8.20512820513	112.7132785
8.21001221001	112.75264
8.2148962149	112.7877745
8.21978021978	112.8055665
8.22466422466	112.8444671
8.22954822955	112.8590436
8.23443223443	112.8976319
8.23931623932	112.9334622
8.2442002442	112.9492741
8.24908424908	112.9872761
8.25396825397	113.0016809
8.25885225885	113.0406548
8.26373626374	113.0784904
8.26862026862	113.093483
8.2735042735	113.1311168
8.27838827839	113.1652466
8.28327228327	113.1836921
8.28815628816	113.2212183
8.29304029304	113.2353665
8.29792429792	113.2750941
8.30280830281	113.3107429
8.30769230769	113.3277766
8.31257631258	113.3660186
8.31746031746	113.3806442
8.32234432234	113.4188841
8.32722832723	113.4558835
8.33211233211	113.4713374
8.336996337	113.5105562
8.34188034188	113.525507
8.34676434676	113.5636026
8.35164835165	113.6024523
8.35653235653	113.6164252
8.36141636142	113.6549824
8.3663003663	113.6906006
8.37118437118	113.7085065
8.37606837607	113.7475334
8.38095238095	113.762218
8.38583638584	113.8007101
8.39072039072	113.8371468
8.3956043956	113.8533643
8.40048840049	113.8921341
8.40537240537	113.9071359
8.41025641026	113.9456671
8.41514041514	113.9831327
8.42002442002	113.9990362
8.42490842491	114.036553
8.42979242979	114.0515113
8.43467643468	114.0900804
8.43956043956	114.1282642
8.44444444444	114.1423203
8.44932844933	114.1816937
8.45421245421	114.1960551
8.4590964591	114.2348053
8.46398046398	114.2739252
8.46886446886	114.2881488
8.47374847375	114.3262758
8.47863247863	114.3623289
8.48351648352	114.3791967
8.4884004884	114.4188846
8.49328449328	114.4332709
8.49816849817	114.471779
8.50305250305	114.5092187
8.50793650794	114.5247335
8.51282051282	114.5632987
8.5177045177	114.5776678
8.52258852259	114.6166047
8.52747252747	114.6564123
8.53235653236	114.6714819
8.53724053724	114.7106097
8.54212454212	114.7443467
8.54700854701	114.7632163
8.55189255189	114.80199
8.55677655678	114.8168586
8.56166056166	114.855072
8.56654456654	114.8909503
8.57142857143	114.9078999
8.57631257631	114.9464931
8.5811965812	114.9616081
8.58608058608	114.9995652
8.59096459096	115.0369516
8.59584859585	115.0520712
8.60073260073	115.0905096
8.60561660562	115.1045594
8.6105006105	115.1437098
8.61538461538	115.1828239
8.62026862027	115.1972227
8.62515262515	115.235758
8.63003663004	115.2706464
8.63492063492	115.2885863
8.6398046398	115.327124
8.64468864469	115.3420346
8.64957264957	115.381353
8.65445665446	115.417389
8.65934065934	115.4341785
8.66422466422	115.4722802
8.66910866911	115.4873816
8.67399267399	115.5257045
8.67887667888	115.5642272
8.68376068376	115.5795445
8.68864468864	115.6187436
8.69352869353	115.6336558
8.69841269841	115.6722207
8.7032967033	115.7102599
8.70818070818	115.7251518
8.71306471306	115.7638787
8.71794871795	115.7983101
8.72283272283	115.8166564
8.72771672772	115.8558038
8.7326007326	115.8701403
8.73748473748	115.9080801
8.74236874237	115.9449334
8.74725274725	115.9611944
8.75213675214	115.9994409
8.75702075702	116.0137514
8.7619047619	116.0521147
8.76678876679	116.0906278
8.77167277167	116.1060773
8.77655677656	116.1447587
8.78144078144	116.1596191
8.78632478632	116.1980269
8.79120879121	116.23775
8.79609279609	116.251347
8.80097680098	116.2910117
8.80586080586	116.3268207
8.81074481074	116.3443628
8.81562881563	116.3825908
8.82051282051	116.3974638
8.8253968254	116.4356832
8.83028083028	116.4731893
8.83516483516	116.4894505
8.84004884005	116.5294204
8.84493284493	116.5441812
8.84981684982	116.5827377
8.8547008547	116.6213228
8.85958485958	116.6367084
8.86446886447	116.6751797
8.86935286935	116.7101266
8.87423687424	116.7286811
8.87912087912	116.767475
8.884004884	116.7826993
8.88888888889	116.8210286
8.89377289377	116.8567603
8.89865689866	116.8741366
8.90354090354	116.912858
8.90842490842	116.9275567
8.91330891331	116.9648515
8.91819291819	117.0024003
8.92307692308	117.0191251
8.92796092796	117.0578582
8.93284493284	117.0726192
8.93772893773	117.1114238
8.94261294261	117.1501237
8.9474969475	117.1649533
8.95238095238	117.2030485
8.95726495726	117.2386577
8.96214896215	117.2566969
8.96703296703	117.2963215
8.97191697192	117.3103632
8.9768009768	117.3488004
8.98168498168	117.3853197
8.98656898657	117.401786
8.99145299145	117.4417395
8.99633699634	117.4562445
9.00122100122	117.4949912
9.0061050061	117.5330824
9.01098901099	117.5488291
9.01587301587	117.5874974
9.02075702076	117.6024524
9.02564102564	117.6410789
9.03052503052	117.6788349
9.03540903541	117.6941393
9.04029304029	117.7335143
9.04517704518	117.7672356
9.05006105006	117.785486
9.05494505495	117.824987
9.05982905983	117.8386862
9.06471306471	117.876945
9.0695970696	117.9117645
9.07448107448	117.9292646
9.07936507937	117.969156
9.08424908425	117.9832553
9.08913308913	118.0220949
9.09401709402	118.0602876
9.0989010989	118.0761006
9.10378510379	118.1141537
9.10866910867	118.1289671
9.11355311355	118.1682198
9.11843711844	118.2065879
9.12332112332	118.2218764
9.12820512821	118.259843
9.13308913309	118.2948396
9.13797313797	118.3131832
9.14285714286	118.3520622
9.14774114774	118.3666901
9.15262515263	118.4065905
9.15750915751	118.4430648
9.16239316239	118.4599889
9.16727716728	118.4984663
9.17216117216	118.5131522
9.17704517705	118.5517636
9.18192918193	118.5897269
9.18681318681	118.6046456
9.1916971917	118.6441991
9.19658119658	118.6582545
9.20146520147	118.6971437
9.20634920635	118.7353339
9.21123321123	118.7501355
9.21611721612	118.7889642
9.221001221	118.8237018
9.22588522589	118.8408536
9.23076923077	118.8806716
9.23565323565	118.8949992
9.24053724054	118.9340959
9.24542124542	118.9704479
9.25030525031	118.9875624
9.25518925519	119.0264261
9.26007326007	119.0415049
9.26495726496	119.0794584
9.26984126984	119.1177278
9.27472527473	119.1337364
9.27960927961	119.1727981
9.28449328449	119.1865364
9.28937728938	119.2256353
9.29426129426	119.2637947
9.29914529915	119.2786296
9.30402930403	119.3171805
9.30891330891	119.3535405
9.3137973138	119.371759
9.31868131868	119.4108652
9.32356532357	119.4253118
9.32844932845	119.4642374
9.33333333333	119.5006768
9.33821733822	119.5173474
9.3431013431	119.5552239
9.34798534799	119.5703343
9.35286935287	119.608975
9.35775335775	119.6470195
9.36263736264	119.6620724
9.36752136752	119.7009281
9.37240537241	119.7148644
9.37728937729	119.7533442
9.38217338217	119.7897456
9.38705738706	119.8046022
9.39194139194	119.8442194
9.39682539683	119.8803237
9.40170940171	119.8982546
9.40659340659	119.9376874
9.41147741148	119.9516302
9.41636141636	119.9905868
9.42124542125	120.0275562
9.42612942613	120.0444094
9.43101343101	120.0837155
9.4358974359	120.0983701
9.44078144078	120.1370875
9.44566544567	120.1754232
9.45054945055	120.1904456
9.45543345543	120.2295904
9.46031746032	120.2437051
9.4652014652	120.2843624
9.47008547009	120.3229005
9.47496947497	120.3384353
9.47985347985	120.3764925
9.48473748474	120.4122333
9.48962148962	120.430499
9.49450549451	120.46924
9.49938949939	120.4834294
9.50427350427	120.5230354
9.50915750916	120.5593885
9.51404151404	120.576076
9.51892551893	120.6146741
9.52380952381	120.6294124
9.52869352869	120.6681494
9.53357753358	120.7061528
9.53846153846	120.7204873
9.54334554335	120.7596696
9.54822954823	120.7944208
9.55311355311	120.813186
9.557997558	120.852615
9.56288156288	120.8673446
9.56776556777	120.9065852
9.57264957265	120.9418841
9.57753357753	120.9600153
9.58241758242	120.9982399
9.5873015873	121.0130225
9.59218559219	121.0516633
9.59706959707	121.0893425
9.60195360195	121.1055243
9.60683760684	121.1436872
9.61172161172	121.1585833
9.61660561661	121.1974926
9.62148962149	121.237934
9.62637362637	121.2521022
9.63125763126	121.2906972
9.63614163614	121.3263375
9.64102564103	121.344879
9.64590964591	121.3833347
9.65079365079	121.3978173
9.65567765568	121.4361353
9.66056166056	121.4732455
9.66544566545	121.4902306
9.67032967033	121.5289964
9.67521367521	121.544027
9.6800976801	121.5822573
9.68498168498	121.6202157
9.68986568987	121.6352255
9.69474969475	121.6737656
9.69963369963	121.6877834
9.70451770452	121.7279171
9.7094017094	121.7665877
9.71428571429	121.7811473
9.71916971917	121.8196116
9.72405372405	121.8559167
9.72893772894	121.8744834
9.73382173382	121.912198
9.73870573871	121.9272189
9.74358974359	121.9664024
9.74847374847	122.0032377
9.75335775336	122.0199139
9.75824175824	122.0587224
9.76312576313	122.0732566
9.76800976801	122.1122218
9.77289377289	122.1511375
9.77777777778	122.1665394
9.78266178266	122.2059607
9.78754578755	122.2207564
9.79242979243	122.259207
9.79731379731	122.2984964
9.8021978022	122.3133371
9.80708180708	122.3514967
9.81196581197	122.3869461
9.81684981685	122.4053296
9.82173382173	122.4445064
9.82661782662	122.4586788
9.8315018315	122.4972942
9.83638583639	122.5345896
9.84126984127	122.5507985
9.84615384615	122.5887921
9.85103785104	122.6035483
9.85592185592	122.6423874
9.86080586081	122.6801866
9.86568986569	122.6958773
9.87057387057	122.7347906
9.87545787546	122.7496785
9.88034188034	122.7880262
9.88522588523	122.8269287
9.89010989011	122.8412568
9.89499389499	122.8799432
9.89987789988	122.91642
9.90476190476	122.9347502
9.90964590965	122.9725805
9.91452991453	122.9875981
9.91941391941	123.025585
9.9242979243	123.0626653
9.92918192918	123.0795154
9.93406593407	123.119183
9.93894993895	123.1340546
9.94383394383	123.172924
9.94871794872	123.2110065
9.9536019536	123.2266025
9.95848595849	123.2644287
9.96336996337	123.2793392
9.96825396825	123.3174326
9.97313797314	123.3563087
9.97802197802	123.3715509
9.98290598291	123.4099727
9.98778998779	123.4449477
9.99267399267	123.4625168
9.99755799756	123.501085
10.0024420024	123.5156587
