V	MHz
0.0	193.6641219
0.004884004884	193.7131097
0.00976800976801	193.7268743
0.014652014652	193.7852839
0.019536019536	193.8232335
0.02442002442	193.9202021
0.029304029304	194.0149838
0.034188034188	194.0670807
0.039072039072	194.1694216
0.043956043956	194.1935335
0.04884004884	194.1969415
0.0537240537241	194.0009865
0.0586080586081	193.7184543
0.0634920634921	192.4587312
0.0683760683761	191.6324963
0.0732600732601	187.7742849
0.0781440781441	181.3381419
0.0830280830281	177.2477888
0.0879120879121	165.4179757
0.0927960927961	160.6306504
0.0976800976801	148.6529596
0.102564102564	139.5505006
0.107448107448	137.4606077
0.112332112332	133.4449076
0.117216117216	132.0554136
0.1221001221	131.9115508
0.126984126984	131.9196338
0.131868131868	132.0438774
0.136752136752	132.4684517
0.141636141636	132.8928846
0.14652014652	133.0816982
0.151404151404	133.4913057
0.156288156288	133.6189469
0.161172161172	133.8804735
0.166056166056	134.0362079
0.17094017094	134.0520663
0.175824175824	134.0677818
0.180708180708	134.0121013
0.185592185592	133.9630677
0.190476190476	133.8381625
0.19536019536	133.7827459
0.200244200244	133.6608045
0.205128205128	133.5573724
0.210012210012	133.5183189
0.214896214896	133.4555134
0.21978021978	133.4454997
0.224664224664	133.4471121
0.229548229548	133.4947084
0.234432234432	133.5458447
0.239316239316	133.7124971
0.2442002442	133.8138283
0.249084249084	134.167117
0.253968253968	134.7010789
0.258852258852	134.9726719
0.263736263736	135.8779606
0.26862026862	136.9890097
0.273504273504	137.7172356
0.278388278388	139.5345705
0.283272283272	140.3636368
0.288156288156	142.7896167
0.29304029304	145.3777351
0.297924297924	146.6089711
0.302808302808	149.6138579
0.307692307692	150.6835052
0.312576312576	153.6010441
0.31746031746	156.4248878
0.322344322344	157.3889571
0.327228327228	159.5134591
0.332112332112	160.0643409
0.336996336996	161.0734402
0.34188034188	161.405739
0.346764346764	161.3791364
0.351648351648	161.1901367
0.356532356532	161.0155879
0.361416361416	161.0577403
0.3663003663	161.5353326
0.371184371184	161.9283951
0.376068376068	163.4297069
0.380952380952	165.680104
0.385836385836	167.0010231
0.39072039072	170.3046776
0.395604395604	171.7111178
0.400488400488	175.483674
0.405372405372	179.2091085
0.410256410256	180.6414556
0.41514041514	184.0692546
0.420024420024	186.9907683
0.424908424908	188.467806
0.429792429792	191.3491577
0.434676434676	192.3616476
0.43956043956	194.8107845
0.444444444444	196.7904177
0.449328449328	197.6128317
0.454212454212	199.2147822
0.459096459096	199.7469184
0.46398046398	201.0542312
0.468864468864	202.0573423
0.473748473748	202.3667624
0.478632478632	203.0938088
0.483516483516	203.3088127
0.4884004884	203.7993656
0.493284493284	204.1629804
0.498168498168	204.2672165
0.503052503053	204.5167163
0.507936507937	204.7174938
0.512820512821	204.785127
0.517704517705	204.8959955
0.522588522589	204.9383074
0.527472527473	205.0565029
0.532356532357	205.1697215
0.537240537241	205.2271055
0.542124542125	205.3782304
0.547008547009	205.4456245
0.551892551893	205.6528387
0.556776556777	205.8824255
0.561660561661	205.9654838
0.566544566545	206.1582417
0.571428571429	206.2798946
0.576312576313	206.3201963
0.581196581197	206.4071918
0.586080586081	206.432152
0.590964590965	206.4948806
0.595848595849	206.5663751
0.600732600733	206.6060831
0.605616605617	206.7008382
0.610500610501	206.7370692
0.615384615385	206.8387046
0.620268620269	206.9258064
0.625152625153	206.9485518
0.630036630037	206.9758136
0.634920634921	206.9636471
0.639804639805	206.8689003
0.644688644689	206.647711
0.649572649573	206.5133673
0.654456654457	206.0895263
0.659340659341	205.565665
0.664224664225	205.1717417
0.669108669109	203.9850985
0.673992673993	203.2811659
0.678876678877	201.3273892
0.683760683761	199.0878721
0.688644688645	197.9550671
0.693528693529	194.8570674
0.698412698413	193.4691705
0.703296703297	189.7100034
0.708180708181	185.2869417
0.713064713065	183.4752215
0.717948717949	178.5535423
0.722832722833	176.7458639
0.727716727717	172.0025399
0.732600732601	167.4720173
0.737484737485	165.8689808
0.742368742369	161.9766369
0.747252747253	158.8564331
0.752136752137	157.5060687
0.757020757021	154.8408128
0.761904761905	154.0158798
0.766788766789	151.9357356
0.771672771673	150.2482923
0.776556776557	149.5894499
0.781440781441	148.2367679
0.786324786325	147.7847299
0.791208791209	146.6841908
0.796092796093	145.7727005
0.800976800977	145.4982202
0.805860805861	144.8433685
0.810744810745	144.6321964
0.815628815629	144.162446
0.820512820513	143.7777206
0.825396825397	143.6451935
0.830280830281	143.3580188
0.835164835165	143.1766927
0.840048840049	143.118449
0.844932844933	142.9975384
0.849816849817	142.9702235
0.854700854701	142.909616
0.859584859585	142.8718962
0.864468864469	142.83989
0.869352869353	142.8244215
0.874236874237	142.8193958
0.879120879121	142.8389616
0.884004884005	142.8500186
0.888888888889	142.8467107
0.893772893773	142.8498506
0.898656898657	142.854285
0.903540903541	142.8450083
0.908424908425	142.86246
0.913308913309	142.8670157
0.918192918193	142.8788103
0.923076923077	142.9379341
0.927960927961	142.9708571
0.932844932845	143.0705199
0.937728937729	143.1072998
0.942612942613	143.2229273
0.947496947497	143.3445321
0.952380952381	143.4099387
0.957264957265	143.5716094
0.962148962149	143.6289695
0.967032967033	143.7953867
0.971916971917	143.9596025
0.976800976801	144.0161745
0.981684981685	144.1648337
0.986568986569	144.2713712
0.991452991453	144.316708
0.996336996337	144.3946465
1.00122100122	144.4167125
1.00610500611	144.4922645
1.01098901099	144.5934946
1.01587301587	144.6796197
1.02075702076	144.9683803
1.02564102564	145.1276303
1.03052503053	145.6778032
1.03540903541	146.3617297
1.04029304029	146.6463434
1.04517704518	147.3334478
1.05006105006	147.5093665
1.05494505495	147.7570912
1.05982905983	147.6166204
1.06471306471	147.4376521
1.0695970696	146.8344113
1.07448107448	146.2026329
1.07936507937	145.920304
1.08424908425	145.4191987
1.08913308913	145.2964851
1.09401709402	145.0803101
1.0989010989	145.0042892
1.10378510379	145.0046352
1.10866910867	145.1210328
1.11355311355	145.7284381
1.11843711844	144.9864363
1.12332112332	144.9881419
1.12820512821	144.9854743
1.13308913309	144.9769399
1.13797313797	144.9812773
1.14285714286	144.9968979
1.14774114774	145.0248085
1.15262515263	145.0331712
1.15750915751	145.027956
1.16239316239	145.0727756
1.16727716728	145.1020224
1.17216117216	145.1710523
1.17704517705	145.1994116
1.18192918193	145.2719847
1.18681318681	145.3457536
1.1916971917	145.377696
1.19658119658	145.4533251
1.20146520147	145.4827254
1.20634920635	145.5607409
1.21123321123	145.6392257
1.21611721612	145.6711066
1.221001221	145.7511291
1.22588522589	145.781941
1.23076923077	145.8618757
1.23565323565	145.9411718
1.24053724054	145.9713127
1.24542124542	146.0528608
1.25030525031	146.1278223
1.25518925519	146.1636615
1.26007326007	146.2483733
1.26495726496	146.2787134
1.26984126984	146.3610924
1.27472527473	146.4376708
1.27960927961	146.4729532
1.28449328449	146.5542698
1.28937728938	146.5843876
1.29426129426	146.6669838
1.29914529915	146.7499928
1.30402930403	146.7809081
1.30891330891	146.8635135
1.3137973138	146.9347113
1.31868131868	146.9746145
1.32356532357	147.0558774
1.32844932845	147.0864904
1.33333333333	147.1694357
1.33821733822	147.2474337
1.3431013431	147.2843857
1.34798534799	147.3672564
1.35286935287	147.39677
1.35775335775	147.4785138
1.36263736264	147.556597
1.36752136752	147.5904992
1.37240537241	147.6716952
1.37728937729	147.70251
1.38217338217	147.7853215
1.38705738706	147.8669515
1.39194139194	147.8963343
1.39682539683	147.9777204
1.40170940171	148.050568
1.40659340659	148.0892906
1.41147741148	148.1690757
1.41636141636	148.2006091
1.42124542125	148.2837858
1.42612942613	148.3607273
1.43101343101	148.395804
1.4358974359	148.4773978
1.44078144078	148.5084435
1.44566544567	148.5905515
1.45054945055	148.6711465
1.45543345543	148.7055966
1.46031746032	148.7889326
1.4652014652	148.8184132
1.47008547009	148.8997489
1.47496947497	148.9820472
1.47985347985	149.0134376
1.48473748474	149.0955524
1.48962148962	149.1724687
1.49450549451	149.2109998
1.49938949939	149.2948567
1.50427350427	149.3248025
1.50915750916	149.4066564
1.51404151404	149.4873533
1.51892551893	149.5207196
1.52380952381	149.6031803
1.52869352869	149.6353286
1.53357753358	149.7198215
1.53846153846	149.8028181
1.54334554335	149.834769
1.54822954823	149.9167554
1.55311355311	149.9908713
1.557997558	150.0307263
1.56288156288	150.1130817
1.56776556777	150.1438857
1.57264957265	150.2271168
1.57753357753	150.307187
1.58241758242	150.3438284
1.5873015873	150.426079
1.59218559219	150.4580045
1.59706959707	150.5426625
1.60195360195	150.6259656
1.60683760684	150.6599411
1.61172161172	150.7454979
1.61660561661	150.8216467
1.62148962149	150.8628754
1.62637362637	150.9465799
1.63125763126	150.9794337
1.63614163614	151.0647313
1.64102564103	151.1444824
1.64590964591	151.1836568
1.65079365079	151.2722654
1.65567765568	151.3048611
1.66056166056	151.3926201
1.66544566545	151.4751132
1.67032967033	151.511264
1.67521367521	151.5982886
1.6800976801	151.6308574
1.68498168498	151.7186795
1.68986568987	151.8070254
1.69474969475	151.8399646
1.69963369963	151.927409
1.70451770452	152.003678
1.7094017094	152.0458846
1.71428571429	152.1334055
1.71916971917	152.1659332
1.72405372405	152.2520806
1.72893772894	152.3346664
1.73382173382	152.3740798
1.73870573871	152.4638956
1.74358974359	152.4960093
1.74847374847	152.5840988
1.75335775336	152.6686426
1.75824175824	152.7041743
1.76312576313	152.7934556
1.76800976801	152.8276375
1.77289377289	152.9164248
1.77777777778	153.0049585
1.78266178266	153.0381318
1.78754578755	153.1244276
1.79242979243	153.2046903
1.79731379731	153.2455492
1.8021978022	153.3357367
1.80708180708	153.3699766
1.81196581197	153.4589953
1.81684981685	153.5429593
1.82173382173	153.5798449
1.82661782662	153.6675968
1.8315018315	153.7010432
1.83638583639	153.7885422
1.84126984127	153.8752923
1.84615384615	153.9117344
1.85103785104	153.9992341
1.85592185592	154.0322216
1.86080586081	154.1174316
1.86568986569	154.2042909
1.87057387057	154.2368914
1.87545787546	154.3227134
1.88034188034	154.4015969
1.88522588523	154.4430551
1.89010989011	154.530646
1.89499389499	154.5640799
1.89987789988	154.6501044
1.90476190476	154.7312347
1.90964590965	154.7679895
1.91452991453	154.8535907
1.91941391941	154.88624
1.9242979243	154.9737707
1.92918192918	155.0591399
1.93406593407	155.0916354
1.93894993895	155.1752926
1.94383394383	155.2517335
1.94871794872	155.2927897
1.9536019536	155.3768878
1.95848595849	155.4109749
1.96336996337	155.4982103
1.96825396825	155.5773345
1.97313797314	155.6148793
1.97802197802	155.6979904
1.98290598291	155.7297919
1.98778998779	155.8160801
1.99267399267	155.8981454
1.99755799756	155.9333117
2.00244200244	156.0195645
2.00732600733	156.051951
2.01221001221	156.1374672
2.01709401709	156.2198557
2.02197802198	156.2520915
2.02686202686	156.3364728
2.03174603175	156.411173
2.03663003663	156.4494144
2.04151404151	156.5321952
2.0463980464	156.5631346
2.05128205128	156.6447595
2.05616605617	156.7198156
2.06105006105	156.7547714
2.06593406593	156.8363274
2.07081807082	156.867076
2.0757020757	156.9480681
2.08058608059	157.029535
2.08547008547	157.0620473
2.09035409035	157.1435903
2.09523809524	157.1739714
2.10012210012	157.254821
2.10500610501	157.3355221
2.10989010989	157.3653296
2.11477411477	157.4486173
2.11965811966	157.5248961
2.12454212454	157.5622691
2.12942612943	157.6428784
2.13431013431	157.6720407
2.13919413919	157.752008
2.14407814408	157.8304947
2.14896214896	157.8634704
2.15384615385	157.9446771
2.15873015873	157.9733315
2.16361416361	158.0546226
2.1684981685	158.1344904
2.17338217338	158.1638412
2.17826617827	158.2430312
2.18315018315	158.3149048
2.18803418803	158.3510844
2.19291819292	158.4284322
2.1978021978	158.4586234
2.20268620269	158.5391138
2.20757020757	158.6157497
2.21245421245	158.6487184
2.21733821734	158.7273916
2.22222222222	158.75632
2.22710622711	158.8350613
2.23199023199	158.9150137
2.23687423687	158.9447091
2.24175824176	159.0247342
2.24664224664	159.095759
2.25152625153	159.132365
2.25641025641	159.2113176
2.26129426129	159.2396928
2.26617826618	159.3175125
2.27106227106	159.39352
2.27594627595	159.4284911
2.28083028083	159.5069865
2.28571428571	159.5365963
2.2905982906	159.6127111
2.29548229548	159.6888758
2.30036630037	159.719319
2.30525030525	159.796813
2.31013431013	159.8259838
2.31501831502	159.9048491
2.3199023199	159.9819975
2.32478632479	160.0118334
2.32967032967	160.0875154
2.33455433455	160.1569585
2.33943833944	160.19201
2.34432234432	160.2677354
2.34920634921	160.2961921
2.35409035409	160.3730795
2.35897435897	160.4475198
2.36385836386	160.479638
2.36874236874	160.5548756
2.37362637363	160.5837976
2.37851037851	160.660329
2.38339438339	160.7361737
2.38827838828	160.765553
2.39316239316	160.8424336
2.39804639805	160.9112481
2.40293040293	160.9477129
2.40781440781	161.0219969
2.4126984127	161.0505994
2.41758241758	161.1265394
2.42246642247	161.1968288
2.42735042735	161.2323948
2.43223443223	161.3088982
2.43711843712	161.3379456
2.442002442	161.4145322
2.44688644689	161.4851391
2.45177045177	161.5156192
2.45665445665	161.5916677
2.46153846154	161.6199328
2.46642246642	161.6959329
2.47130647131	161.7721952
2.47619047619	161.8007346
2.48107448107	161.8757584
2.48595848596	161.9416416
2.49084249084	161.976969
2.49572649573	162.0519669
2.50061050061	162.0800506
2.50549450549	162.1543634
2.51037851038	162.2270594
2.51526251526	162.2606206
2.52014652015	162.3378869
2.52503052503	162.3652267
2.52991452991	162.4402445
2.5347985348	162.5141188
2.53968253968	162.545241
2.54456654457	162.6230533
2.54945054945	162.6522534
2.55433455433	162.7276527
2.55921855922	162.8035023
2.5641025641	162.8317488
2.56898656899	162.9084207
2.57387057387	162.9368229
2.57875457875	163.0135969
2.58363858364	163.0915384
2.58852258852	163.1204907
2.59340659341	163.1975153
2.59829059829	163.2686578
2.60317460317	163.3007728
2.60805860806	163.3770813
2.61294261294	163.405558
2.61782661783	163.4785171
2.62271062271	163.5497652
2.62759462759	163.5813212
2.63247863248	163.655205
2.63736263736	163.6819326
2.64224664225	163.7490119
2.64713064713	163.8199463
2.65201465201	163.8472445
2.6568986569	163.9182255
2.66178266178	163.9813531
2.66666666667	164.0172251
2.67155067155	164.0893486
2.67643467643	164.1177866
2.68131868132	164.1889841
2.6862026862	164.256212
2.69108669109	164.2892626
2.69597069597	164.362644
2.70085470085	164.3896026
2.70573870574	164.4582494
2.71062271062	164.5272087
2.71550671551	164.5565163
2.72039072039	164.6264397
2.72527472527	164.6536671
2.73015873016	164.7255761
2.73504273504	164.7973761
2.73992673993	164.8257848
2.74481074481	164.9010587
2.74969474969	164.9679307
2.75457875458	165.002863
2.75946275946	165.0759764
2.76434676435	165.1045916
2.76923076923	165.1822246
2.77411477411	165.2537427
2.778998779	165.287945
2.78388278388	165.3676294
2.78876678877	165.3965887
2.79365079365	165.4825333
2.79853479853	165.5674389
2.80341880342	165.6029402
2.8083028083	165.6981663
2.81318681319	165.7965872
2.81807081807	165.8541291
2.82295482295	165.9880802
2.82783882784	166.0527736
2.83272283272	166.2460343
2.83760683761	166.4520998
2.84249084249	166.5730329
2.84737484737	166.8821635
2.85225885226	167.0173844
2.85714285714	167.4506951
2.86202686203	167.9922446
2.86691086691	168.2786586
2.87179487179	168.9406159
2.87667887668	169.2377735
2.88156288156	170.0719537
2.88644688645	171.0378061
2.89133089133	171.4518521
2.89621489621	172.6532985
2.9010989011	173.8009162
2.90598290598	174.4304568
2.91086691087	175.7840817
2.91575091575	176.2771201
2.92063492063	177.6213024
2.92551892552	178.8522424
2.9304029304	179.3783288
2.93528693529	180.61476
2.94017094017	181.0262924
2.94505494505	182.0201297
2.94993894994	182.8246974
2.95482295482	183.0922542
2.95970695971	183.6584164
2.96459096459	183.8267937
2.96947496947	184.1225119
2.97435897436	184.1997853
2.97924297924	184.1170935
2.98412698413	183.7937604
2.98901098901	183.3438933
2.99389499389	183.0118767
2.99877899878	182.1932319
3.00366300366	181.8020004
3.00854700855	180.7858113
3.01343101343	179.7114787
3.01831501832	179.2044135
3.0231990232	178.1241273
3.02808302808	177.5797642
3.03296703297	176.0921656
3.03785103785	174.6762242
3.04273504274	174.0916151
3.04761904762	172.7655713
3.0525030525	172.2998102
3.05738705739	171.2221705
3.06227106227	170.3292132
3.06715506716	170.1122708
3.07203907204	169.5387496
3.07692307692	169.3887108
3.08180708181	169.0959355
3.08669108669	168.9173504
3.09157509158	168.8842207
3.09645909646	168.8476067
3.10134310134	168.8606891
3.10622710623	168.8782563
3.11111111111	168.9270909
3.115995116	168.9493196
3.12087912088	169.0128429
3.12576312576	169.0774279
3.13064713065	169.1050528
3.13553113553	169.1749951
3.14041514042	169.2017962
3.1452991453	169.2713297
3.15018315018	169.339785
3.15506715507	169.3670675
3.15995115995	169.4365992
3.16483516484	169.4984407
3.16971916972	169.5317354
3.1746031746	169.6020426
3.17948717949	169.6284211
3.18437118437	169.6977497
3.18925518926	169.761902
3.19413919414	169.7919159
3.19902319902	169.8610898
3.20390720391	169.8873674
3.20879120879	169.9582163
3.21367521368	170.0266814
3.21855921856	170.0541737
3.22344322344	170.123221
3.22832722833	170.1830286
3.23321123321	170.2166828
3.2380952381	170.2858374
3.24297924298	170.3117373
3.24786324786	170.3813183
3.25274725275	170.4462179
3.25763125763	170.477675
3.26251526252	170.5485343
3.2673992674	170.5759602
3.27228327228	170.6505325
3.27716727717	170.7349889
3.28205128205	170.7812602
3.28693528694	170.9124264
3.29181929182	170.9839653
3.2967032967	171.250445
3.30158730159	171.6694654
3.30647130647	171.9084638
3.31135531136	172.7236707
3.31623931624	173.7864688
3.32112332112	174.564372
3.32600732601	176.5103332
3.33089133089	177.3906864
3.33577533578	180.2426656
3.34065934066	183.3514735
3.34554334554	184.9980855
3.35042735043	189.0786477
3.35531135531	190.7392916
3.3601953602	195.3743939
3.36507936508	200.141199
3.36996336996	202.2611939
3.37484737485	207.4239026
3.37973137973	209.3278971
3.38461538462	214.2387596
3.3894993895	219.1077675
3.39438339438	220.8363137
3.39926739927	225.2319446
3.40415140415	228.8953741
3.40903540904	230.6469646
3.41391941392	234.1242073
3.4188034188	235.3156147
3.42368742369	238.2072273
3.42857142857	240.6430256
3.43345543346	241.6165086
3.43833943834	243.7452601
3.44322344322	244.461245
3.44810744811	246.2012114
3.45299145299	247.7166188
3.45787545788	248.2300579
3.46275946276	249.4977365
3.46764346764	249.9279406
3.47252747253	250.9788539
3.47741147741	251.9023725
3.4822954823	252.2252741
3.48717948718	253.0159881
3.49206349206	253.67584
3.49694749695	253.9873137
3.50183150183	254.5992175
3.50671550672	254.8166034
3.5115995116	255.3751624
3.51648351648	255.8675163
3.52136752137	256.0917773
3.52625152625	256.5594585
3.53113553114	256.7255918
3.53601953602	257.1583852
3.5409035409	257.5507769
3.54578754579	257.691948
3.55067155067	258.0597123
3.55555555556	258.3615352
3.56043956044	258.5199646
3.56532356532	258.8336393
3.57020757021	258.9396122
3.57509157509	259.2153037
3.57997557998	259.4506384
3.58485958486	259.5574441
3.58974358974	259.7888682
3.59462759463	259.8717309
3.59951159951	260.0759936
3.6043956044	260.2570029
3.60927960928	260.3337082
3.61416361416	260.5101936
3.61904761905	260.5699178
3.62393162393	260.7304516
3.62881562882	260.8827013
3.6336996337	260.931801
3.63858363858	261.0678314
3.64346764347	261.1790852
3.64835164835	261.2385209
3.65323565324	261.3473003
3.65811965812	261.3718349
3.663003663	261.4578095
3.66788766789	261.5300196
3.67277167277	261.5530827
3.67765567766	261.5855962
3.68253968254	261.5969931
3.68742368742	261.612502
3.69230769231	261.5946767
3.69719169719	261.57696
3.70207570208	261.5334146
3.70695970696	261.4888105
3.71184371184	261.4351032
3.71672771673	261.350209
3.72161172161	261.2527875
3.7264957265	261.00554
3.73137973138	260.8035707
3.73626373626	260.6897364
3.74114774115	260.4126528
3.74603174603	260.2946155
3.75091575092	259.951071
3.7557997558	259.487204
3.76068376068	259.3675006
3.76556776557	258.8543949
3.77045177045	258.6678367
3.77533577534	258.0901002
3.78021978022	257.4495706
3.7851037851	257.20442
3.78998778999	256.4538123
3.79487179487	255.7126602
3.79975579976	255.2340856
3.80463980464	254.280381
3.80952380952	253.8254513
3.81440781441	252.7091907
3.81929181929	251.5175218
3.82417582418	250.8942687
3.82905982906	249.4037551
3.83394383394	248.8560869
3.83882783883	247.0664225
3.84371184371	245.2385688
3.8485958486	244.3745055
3.85347985348	242.2804657
3.85836385836	241.3955316
3.86324786325	238.989398
3.86813186813	236.4548276
3.87301587302	235.4681245
3.8778998779	232.7602607
3.88278388278	230.3249562
3.88766788767	229.0001825
3.89255189255	226.2716812
3.89743589744	225.201863
3.90231990232	222.4384192
3.9072039072	219.8217661
3.91208791209	218.6779593
3.91697191697	215.9912444
3.92185592186	214.9973301
3.92673992674	212.4384615
3.93162393162	210.2130722
3.93650793651	209.3519115
3.94139194139	207.172107
3.94627594628	206.4313776
3.95115995116	204.5616323
3.95604395604	202.8622498
3.96092796093	202.3247083
3.96581196581	200.9998572
3.9706959707	199.9794742
3.97557997558	199.5553317
3.98046398046	198.7660624
3.98534798535	198.5453268
3.99023199023	198.0891233
3.99511599512	197.8397308
4.0	197.8034943
4.00488400488	197.8662414
4.00976800977	197.9356201
4.01465201465	198.2966844
4.01953601954	198.9429035
4.02442002442	199.2635429
4.0293040293	200.2222405
4.03418803419	201.3297005
4.03907203907	202.0165177
4.04395604396	203.6093625
4.04884004884	204.3049106
4.05372405372	206.2920249
4.05860805861	208.4395897
4.06349206349	209.6038996
4.06837606838	212.2712884
4.07326007326	213.4294852
4.07814407814	216.6004749
4.08302808303	219.9030733
4.08791208791	221.298989
4.0927960928	224.9560896
4.09768009768	226.3496363
4.10256410256	230.0196645
4.10744810745	233.550563
4.11233211233	234.790123
4.11721611722	238.0454849
4.1221001221	240.7800762
4.12698412698	242.0944111
4.13186813187	245.0498492
4.13675213675	246.1642618
4.14163614164	249.085404
4.14652014652	251.7865215
4.1514041514	252.8192133
4.15628815629	254.9516336
4.16117216117	255.6365834
4.16605616606	257.2308188
4.17094017094	258.8697357
4.17582417582	259.371253
4.18070818071	260.5768636
4.18559218559	261.4874616
4.19047619048	261.9370303
4.19536019536	262.8172686
4.20024420024	263.103167
4.20512820513	263.7185989
4.21001221001	264.1429995
4.2148962149	264.2931109
4.21978021978	264.5903356
4.22466422466	264.6710796
4.22954822955	264.8702516
4.23443223443	265.0769567
4.23931623932	265.1557651
4.2442002442	265.3161308
4.24908424908	265.3540168
4.25396825397	265.5610447
4.25885225885	265.7453631
4.26373626374	265.7809462
4.26862026862	265.9526902
4.2735042735	266.0550647
4.27838827839	266.1066972
4.28327228327	266.235318
4.28815628816	266.245641
4.29304029304	266.3071821
4.29792429792	266.3362728
4.30280830281	266.3538714
4.30769230769	266.3517611
4.31257631258	266.3469483
4.31746031746	266.3337962
4.32234432234	266.2751602
4.32722832723	266.2380081
4.33211233211	266.1779844
4.336996337	266.0615959
4.34188034188	266.0061816
4.34676434676	265.8856551
4.35164835165	265.809179
4.35653235653	265.6279955
4.36141636142	265.4570987
4.3663003663	265.3651764
4.37118437118	265.1497175
4.37606837607	265.0729762
4.38095238095	264.8410646
4.38583638584	264.6184084
4.39072039072	264.5070452
4.3956043956	264.2740182
4.40048840049	264.2041618
4.40537240537	263.9996761
4.41025641026	263.8142858
4.41514041514	263.7396821
4.42002442002	263.5333614
4.42490842491	263.3458053
4.42979242979	263.2414618
4.43467643468	263.0386588
4.43956043956	262.9632361
4.44444444444	262.8122027
4.44932844933	262.6750758
4.45421245421	262.6043212
4.4590964591	262.4392399
4.46398046398	262.3819707
4.46886446886	262.2829309
4.47374847375	262.2243418
4.47863247863	262.1698662
4.48351648352	262.1270558
4.4884004884	262.1049287
4.49328449328	262.0918539
4.49816849817	262.1464039
4.50305250305	262.1526699
4.50793650794	262.2711083
4.51282051282	262.4366467
4.5177045177	262.552937
4.52258852259	262.8232369
4.52747252747	262.955535
4.53235653236	263.310406
4.53724053724	263.7412233
4.54212454212	263.9547555
4.54700854701	264.4599535
4.55189255189	264.6934631
4.55677655678	265.2952507
4.56166056166	265.9317649
4.56654456654	266.1799476
4.57142857143	266.8655123
4.57631257631	267.1451233
4.5811965812	267.8825329
4.58608058608	268.6230271
4.59096459096	268.898234
4.59584859585	269.6040901
4.60073260073	270.2319536
4.60561660562	270.5497136
4.6105006105	271.1882526
4.61538461538	271.4361575
4.62026862027	272.0631931
4.62515262515	272.6154019
4.63003663004	272.8418432
4.63492063492	273.349179
4.6398046398	273.5504093
4.64468864469	274.019542
4.64957264957	274.4577868
4.65445665446	274.6288848
4.65934065934	275.0371597
4.66422466422	275.1811716
4.66910866911	275.5402213
4.67399267399	275.8761556
4.67887667888	275.9976402
4.68376068376	276.3135436
4.68864468864	276.5729675
4.69352869353	276.6945546
4.69841269841	276.9553507
4.7032967033	277.0475378
4.70818070818	277.278817
4.71306471306	277.4847799
4.71794871795	277.570724
4.72283272283	277.7683232
4.72771672772	277.837482
4.7326007326	278.0109884
4.73748473748	278.1755755
4.74236874237	278.2304699
4.74725274725	278.3743414
4.75213675214	278.4938053
4.75702075702	278.5524486
4.7619047619	278.6726508
4.76678876679	278.7121494
4.77167277167	278.8205732
4.77655677656	278.9081107
4.78144078144	278.9497484
4.78632478632	279.0240125
4.79120879121	279.046124
4.79609279609	279.0980009
4.80097680098	279.1348471
4.80586080586	279.1445042
4.81074481074	279.1482037
4.81562881563	279.1403143
4.82051282051	279.0994435
4.8253968254	279.0212186
4.83028083028	278.9802001
4.83516483516	278.8264155
4.84004884005	278.6355801
4.84493284493	278.5083522
4.84981684982	278.1695122
4.8547008547	278.0102025
4.85958485958	277.5147109
4.86446886447	276.8993482
4.86935286935	276.5671343
4.87423687424	275.67495
4.87912087912	275.266826
4.884004884	274.0527103
4.88888888889	272.5483743
4.89377289377	271.8664145
4.89865689866	269.9176545
4.90354090354	269.0945704
4.90842490842	266.7394308
4.91330891331	264.0342217
4.91819291819	262.9094836
4.92307692308	259.750855
4.92796092796	256.475414
4.93284493284	254.7925572
4.93772893773	251.0020434
4.94261294261	249.4818045
4.9474969475	245.5516102
4.95238095238	241.6905483
4.95726495726	240.0011247
4.96214896215	235.9760245
4.96703296703	234.4220135
4.97191697192	230.4192138
4.9768009768	226.6103322
4.98168498168	225.282593
4.98656898657	221.8726154
4.99145299145	219.0280899
4.99633699634	217.6331126
5.00122100122	214.9393201
5.0061050061	213.9965298
5.01098901099	211.730749
5.01587301587	209.8995509
5.02075702076	209.1344505
5.02564102564	207.7035816
5.03052503053	207.2697904
5.03540903541	206.2155472
5.04029304029	205.5070158
5.04517704518	205.3125507
5.05006105006	204.9746488
5.05494505495	204.9443786
5.05982905983	204.9845625
5.06471306471	205.2896641
5.0695970696	205.5038378
5.07448107448	206.2206047
5.07936507937	207.1030539
5.08424908425	207.7464372
5.08913308913	209.2757668
5.09401709402	209.9847279
5.0989010989	212.061113
5.10378510379	214.3654555
5.10866910867	215.6264802
5.11355311355	218.8379363
5.11843711844	220.1029067
5.12332112332	224.03313
5.12820512821	228.3940691
5.13308913309	230.2868555
5.13797313797	235.3006711
5.14285714286	237.2544201
5.14774114774	242.655952
5.15262515263	248.2720365
5.15750915751	250.4092986
5.16239316239	255.8437694
5.16727716728	260.850088
5.17216117216	263.2659913
5.17704517705	268.2090282
5.18192918193	269.7692463
5.18681318681	273.7587723
5.1916971917	277.0104435
5.19658119658	278.1553861
5.20146520147	280.5912221
5.20634920635	281.350192
5.21123321123	283.0224883
5.21611721612	284.2625304
5.221001221	284.604309
5.22588522589	285.4031719
5.23076923077	285.630905
5.23565323565	286.1246613
5.24053724054	286.4785944
5.24542124542	286.5826273
5.25030525031	286.8133762
5.25518925519	286.9793725
5.26007326007	287.0442586
5.26495726496	287.1754462
5.26984126984	287.2218161
5.27472527473	287.3320527
5.27960927961	287.4366575
5.28449328449	287.4786243
5.28937728938	287.582736
5.29426129426	287.621752
5.29914529915	287.7207236
5.30402930403	287.822058
5.30891330891	287.8597339
5.3137973138	287.9607108
5.31868131868	288.0513052
5.32356532357	288.0992946
5.32844932845	288.2041482
5.33333333333	288.2424438
5.33821733822	288.3436308
5.3431013431	288.439663
5.34798534799	288.4840098
5.35286935287	288.5864328
5.35775335775	288.6252608
5.36263736264	288.7288765
5.36752136752	288.8300058
5.37240537241	288.8709517
5.37728937729	288.9723876
5.38217338217	289.009367
5.38705738706	289.1129464
5.39194139194	289.2143135
5.39682539683	289.2529219
5.40170940171	289.3562072
5.40659340659	289.4512246
5.41147741148	289.498865
5.41636141636	289.5983745
5.42124542125	289.6363314
5.42612942613	289.7391386
5.43101343101	289.8365628
5.4358974359	289.8797048
5.44078144078	289.9830719
5.44566544567	290.0224486
5.45054945055	290.1239467
5.45543345543	290.2230087
5.46031746032	290.2622752
5.4652014652	290.3634075
5.47008547009	290.4551227
5.47496947497	290.5018361
5.47985347985	290.6051213
5.48473748474	290.6436736
5.48962148962	290.7469918
5.49450549451	290.8414806
5.49938949939	290.8874464
5.50427350427	290.9900056
5.50915750916	291.0265918
5.51404151404	291.130121
5.51892551893	291.2317335
5.52380952381	291.2724567
5.52869352869	291.3754644
5.53357753358	291.4128849
5.53846153846	291.5139286
5.54334554335	291.6162026
5.54822954823	291.6539695
5.55311355311	291.7468494
5.557997558	291.8500943
5.56288156288	291.8888686
5.56776556777	291.9920799
5.57264957265	292.0857327
5.57753357753	292.1308173
5.58241758242	292.23339
5.5873015873	292.2719635
5.59218559219	292.3755097
5.59706959707	292.4758521
5.60195360195	292.5179658
5.60683760684	292.6199909
5.61172161172	292.6584647
5.61660561661	292.7591308
5.62148962149	292.8604332
5.62637362637	292.8991843
5.63125763126	293.0025781
5.63614163614	293.0951709
5.64102564103	293.1440586
5.64590964591	293.2472571
5.65079365079	293.2849648
5.65567765568	293.3870628
5.66056166056	293.4851863
5.66544566545	293.5291929
5.67032967033	293.6342531
5.67521367521	293.671263
5.6800976801	293.7764666
5.68498168498	293.8778284
5.68986568987	293.9180813
5.69474969475	294.0207673
5.69963369963	294.0576693
5.70451770452	294.1607458
5.7094017094	294.264844
5.71428571429	294.3052288
5.71916971917	294.410255
5.72405372405	294.5038155
5.72893772894	294.5491734
5.73382173382	294.6536706
5.73870573871	294.6915316
5.74358974359	294.7940184
5.74847374847	294.8932717
5.75335775336	294.9379897
5.75824175824	295.0416748
5.76312576313	295.0796985
5.76800976801	295.1821145
5.77289377289	295.282965
5.77777777778	295.3219549
5.78266178266	295.4246852
5.78754578755	295.5159337
5.79242979243	295.5658843
5.79731379731	295.6714375
5.8021978022	295.7103378
5.80708180708	295.8124487
5.81196581197	295.90915
5.81684981685	295.9555365
5.82173382173	296.0593165
5.82661782662	296.099229
5.8315018315	296.2044906
5.83638583639	296.3051099
5.84126984127	296.3489806
5.84615384615	296.4491611
5.85103785104	296.4876188
5.85592185592	296.5916696
5.86080586081	296.6953783
5.86568986569	296.736556
5.87057387057	296.8420564
5.87545787546	296.9364781
5.88034188034	296.9862032
5.88522588523	297.0887896
5.89010989011	297.1262068
5.89499389499	297.2309523
5.89987789988	297.3287298
5.90476190476	297.3742992
5.90964590965	297.4798824
5.91452991453	297.5203296
5.91941391941	297.6231984
5.9242979243	297.7227652
5.92918192918	297.764445
5.93406593407	297.8678667
5.93894993895	297.907387
5.94383394383	298.0109704
5.94871794872	298.1155109
5.9536019536	298.1551837
5.95848595849	298.2610635
5.96336996337	298.3514851
5.96825396825	298.4006797
5.97313797314	298.5076414
5.97802197802	298.5447815
5.98290598291	298.6498056
5.98778998779	298.7491295
5.99267399267	298.7946269
5.99755799756	298.8993406
6.00244200244	298.9379996
6.00732600733	299.0409931
6.01221001221	299.1425497
6.01709401709	299.1842827
6.02197802198	299.2909939
6.02686202686	299.331469
6.03174603175	299.436329
6.03663003663	299.5417343
6.04151404151	299.5792947
6.0463980464	299.6834266
6.05128205128	299.7781602
6.05616605617	299.826577
6.06105006105	299.9311791
6.06593406593	299.970653
6.07081807082	300.0760201
6.0757020757	300.175078
6.08058608059	300.219127
6.08547008547	300.3217883
6.09035409035	300.3614662
6.09523809524	300.4667963
6.10012210012	300.5680727
6.10500610501	300.6090005
6.10989010989	300.7170546
6.11477411477	300.8080646
6.11965811966	300.857575
6.12454212454	300.9624913
6.12942612943	301.0022462
6.13431013431	301.1076417
6.13919413919	301.2055129
6.14407814408	301.2548914
6.14896214896	301.3595115
6.15384615385	301.4005871
6.15873015873	301.5031412
6.16361416361	301.6039523
6.1684981685	301.6465877
6.17338217338	301.7517926
6.17826617827	301.7916813
6.18315018315	301.9010281
6.18803418803	302.0065258
6.19291819292	302.0464169
6.1978021978	302.1494515
6.20268620269	302.2440894
6.20757020757	302.2950212
6.21245421245	302.399277
6.21733821734	302.4397768
6.22222222222	302.5464956
6.22710622711	302.645245
6.23199023199	302.6923014
6.23687423687	302.795108
6.24175824176	302.8339989
6.24664224664	302.9391689
6.25152625153	303.0412688
6.25641025641	303.0822019
6.26129426129	303.1911922
6.26617826618	303.2311547
6.27106227106	303.3364964
6.27594627595	303.4410412
6.28083028083	303.4808655
6.28571428571	303.5880698
6.2905982906	303.6845949
6.29548229548	303.7340727
6.30036630037	303.8421188
6.30525030525	303.8836826
6.31013431013	303.9917953
6.31501831502	304.0907994
6.3199023199	304.1380297
6.32478632479	304.2490619
6.32967032967	304.289699
6.33455433455	304.4073121
6.33943833944	304.5296984
6.34432234432	304.5804102
6.34920634921	304.7154217
6.35409035409	304.7728786
6.35897435897	304.9334982
6.36385836386	305.1245852
6.36874236874	305.2086005
6.37362637363	305.4599789
6.37851037851	305.7438429
6.38339438339	305.9250813
6.38827838828	306.3532459
6.39316239316	306.5232752
6.39804639805	307.1529709
6.40293040293	307.7757261
6.40781440781	308.0921957
6.4126984127	308.9156022
6.41758241758	309.5457085
6.42246642247	310.8411268
6.42735042735	311.7152544
6.43223443223	312.2673315
6.43711843712	313.8047586
6.442002442	314.4164144
6.44688644689	316.1936525
6.45177045177	318.1242704
6.45665445665	318.8512726
6.46153846154	320.989016
6.46642246642	323.0278308
6.47130647131	324.0469563
6.47619047619	326.359483
6.48107448107	327.2798168
6.48595848596	329.6934531
6.49084249084	332.1215221
6.49572649573	333.1235429
6.50061050061	335.694306
6.50549450549	336.6218701
6.51037851038	339.0485035
6.51526251526	341.510938
6.52014652015	342.4185777
6.52503052503	344.7673678
6.52991452991	348.9135475
6.5347985348	351.1670789
6.53968253968	354.1123507
6.54456654457	355.1141321
6.54945054945	357.1826538
6.55433455433	358.8962304
6.55921855922	359.6237232
6.5641025641	361.0821595
6.56898656899	361.5309281
6.57387057387	362.4985377
6.57875457875	363.111411
6.58363858364	363.0987676
6.58852258852	363.0751758
6.59340659341	362.8926531
6.59829059829	361.9458397
6.60317460317	360.1033034
6.60805860806	358.7601261
6.61294261294	356.2780312
6.61782661783	354.8662388
6.62271062271	354.1799289
6.62759462759	352.6892055
6.63247863248	352.041424
6.63736263736	350.2026085
6.64224664225	348.2021168
6.64713064713	347.1999005
6.65201465201	344.7004175
6.6568986569	343.6492232
6.66178266178	340.7594875
6.66666666667	337.6690233
6.67155067155	336.3020014
6.67643467643	332.5250896
6.68131868132	328.8411171
6.6862026862	326.5933038
6.69108669109	321.6045558
6.69597069597	319.6095192
6.70085470085	313.9339891
6.70573870574	308.5599044
6.71062271062	305.7445577
6.71550671551	299.6230943
6.72039072039	297.3652664
6.72527472527	291.4251508
6.73015873016	285.9634179
6.73504273504	283.7648456
6.73992673993	278.8660681
6.74481074481	277.2425914
6.74969474969	273.2459718
6.75457875458	269.9732903
6.75946275946	268.9951609
6.76434676435	266.7715069
6.76923076923	265.4410335
6.77411477411	265.0703932
6.778998779	264.7288194
6.78388278388	264.8458564
6.78876678877	265.582053
6.79365079365	266.9680492
6.79853479853	267.8442993
6.80341880342	270.3326203
6.8083028083	271.4699319
6.81318681319	274.9475961
6.81807081807	278.9435634
6.82295482295	280.6165321
6.82783882784	285.0747315
6.83272283272	289.4056006
6.83760683761	291.7615591
6.84249084249	296.6594515
6.84737484737	298.4197606
6.85225885226	302.9678713
6.85714285714	306.8686558
6.86202686203	308.4090262
6.86691086691	311.8604463
6.87179487179	312.9713934
6.87667887668	315.7053143
6.88156288156	318.0611242
6.88644688645	318.9575408
6.89133089133	321.1119925
6.89621489621	321.8768061
6.9010989011	323.9568237
6.90598290598	326.1693443
6.91086691087	327.0745138
6.91575091575	329.7635922
6.92063492063	332.558217
6.92551892552	334.345142
6.9304029304	338.317861
6.93528693529	340.0045478
6.94017094017	344.8769008
6.94505494505	350.0290102
6.94993894994	352.7809471
6.95482295482	359.3565598
6.95970695971	361.9592771
6.96459096459	369.5542312
6.96947496947	377.2102559
6.97435897436	380.2973258
6.97924297924	387.7290993
6.98412698413	390.4764568
6.98901098901	397.5678064
6.99389499389	403.6849023
6.99877899878	405.7055089
7.00366300366	410.6421855
7.00854700855	414.265608
7.01343101343	415.6097076
7.01831501831	418.0068196
7.0231990232	418.6709162
7.02808302808	419.9967339
7.03296703297	420.7881617
7.03785103785	420.9993853
7.04273504274	421.3911494
7.04761904762	421.4896072
7.0525030525	421.6987536
7.05738705739	421.8563527
7.06227106227	421.913917
7.06715506716	422.0620686
7.07203907204	422.1915976
7.07692307692	422.2644102
7.08180708181	422.408938
7.08669108669	422.4616746
7.09157509158	422.6074712
7.09645909646	422.7413932
7.10134310134	422.8028273
7.10622710623	422.9503766
7.11111111111	423.0045839
7.115995116	423.1511233
7.12087912088	423.2935023
7.12576312576	423.3545793
7.13064713065	423.4973002
7.13553113553	423.5521981
7.14041514042	423.6953072
7.1452991453	423.8395802
7.15018315018	423.8940826
7.15506715507	424.0406525
7.15995115995	424.1752432
7.16483516484	424.2404377
7.16971916972	424.3858631
7.1746031746	424.43714
7.17948717949	424.5816525
7.18437118437	424.7197388
7.18925518926	424.7816072
7.19413919414	424.9221168
7.19902319902	424.9790687
7.20390720391	425.1268714
7.20879120879	425.2702615
7.21367521368	425.3217066
7.21855921856	425.4699447
7.22344322344	425.5239697
7.22832722833	425.6688027
7.23321123321	425.8166137
7.2380952381	425.8720628
7.24297924298	426.017231
7.24786324786	426.1511013
7.25274725275	426.2167289
7.25763125763	426.362538
7.26251526252	426.41398
7.2673992674	426.5593875
7.27228327228	426.7030022
7.27716727717	426.7621281
7.28205128205	426.9119936
7.28693528694	426.9670979
7.29181929182	427.108295
7.2967032967	427.252088
7.30158730159	427.3084306
7.30647130647	427.4530866
7.31135531136	427.5842568
7.31623931624	427.6556815
7.32112332112	427.8007681
7.32600732601	427.8552398
7.33089133089	427.9999382
7.33577533578	428.1332992
7.34065934066	428.1995649
7.34554334554	428.3426534
7.35042735043	428.3976378
7.35531135531	428.5428781
7.3601953602	428.6836279
7.36507936508	428.7445925
7.36996336996	428.8893185
7.37484737485	428.9433067
7.37973137973	429.0917488
7.38461538462	429.2341483
7.3894993895	429.2902507
7.39438339438	429.4377018
7.39926739927	429.5682609
7.40415140415	429.639714
7.40903540904	429.7830969
7.41391941392	429.8369943
7.4188034188	429.984465
7.42368742369	430.1185373
7.42857142857	430.1874001
7.43345543346	430.3351544
7.43833943834	430.3905854
7.44322344322	430.5378161
7.44810744811	430.6763689
7.45299145299	430.737929
7.45787545788	430.8848203
7.46275946276	430.9383912
7.46764346764	431.083519
7.47252747253	431.232709
7.47741147741	431.2879686
7.4822954823	431.4348889
7.48717948718	431.5638657
7.49206349206	431.6322111
7.49694749695	431.7789577
7.50183150183	431.833377
7.50671550672	431.9779016
7.5115995116	432.119508
7.51648351648	432.1840923
7.52136752137	432.3301418
7.52625152625	432.3856088
7.53113553114	432.5312955
7.53601953602	432.6783414
7.5409035409	432.7345363
7.54578754579	432.8853259
7.55067155067	433.0156617
7.55555555556	433.0879311
7.56043956044	433.234131
7.56532356532	433.2907974
7.57020757021	433.4356838
7.57509157509	433.5711594
7.57997557998	433.6345421
7.58485958486	433.785219
7.58974358974	433.8437108
7.59462759463	433.9930565
7.59951159951	434.1366469
7.6043956044	434.1949441
7.60927960928	434.340922
7.61416361416	434.3962885
7.61904761905	434.5419255
7.62393162393	434.6914875
7.62881562882	434.7458489
7.6336996337	434.8947303
7.63858363858	435.0313121
7.64346764347	435.0960639
7.64835164835	435.2419406
7.65323565324	435.295707
7.65811965812	435.4432568
7.663003663	435.5791567
7.66788766789	435.6407913
7.67277167277	435.7929046
7.67765567766	435.8486749
7.68253968254	435.9941091
7.68742368742	436.1396169
7.69230769231	436.1953472
7.69719169719	436.3430003
7.70207570208	436.4757753
7.70695970696	436.5480146
7.71184371184	436.698304
7.71672771673	436.7501475
7.72161172161	436.8951485
7.7264957265	437.0337735
7.73137973138	437.0974922
7.73626373626	437.2434725
7.74114774115	437.3020268
7.74603174603	437.4497812
7.75091575092	437.5969554
7.7557997558	437.6569238
7.76068376068	437.8008773
7.76556776557	437.8574085
7.77045177045	438.0031151
7.77533577534	438.1494845
7.78021978022	438.2063958
7.7851037851	438.3540205
7.78998778999	438.4887151
7.79487179487	438.5578865
7.79975579976	438.7026825
7.80463980464	438.754608
7.80952380952	438.9029278
7.81440781441	439.0419029
7.81929181929	439.1020758
7.82417582418	439.2506608
7.82905982906	439.3072185
7.83394383394	439.4532896
7.83882783883	439.6003085
7.84371184371	439.6552304
7.8485958486	439.8060028
7.85347985348	439.9358262
7.85836385836	440.0085991
7.86324786325	440.1590225
7.86813186813	440.2135805
7.87301587302	440.359395
7.8778998779	440.4954266
7.88278388278	440.5591205
7.88766788767	440.7075303
7.89255189255	440.7627547
7.89743589744	440.9128839
7.90231990232	441.0587277
7.9072039072	441.1193305
7.91208791209	441.2668136
7.91697191697	441.3939466
7.92185592186	441.4660564
7.92673992674	441.6176425
7.93162393162	441.6721571
7.93650793651	441.8183211
7.94139194139	441.9567352
7.94627594628	442.0238173
7.95115995116	442.1707801
7.95604395604	442.2263369
7.96092796093	442.3712038
7.96581196581	442.5127896
7.9706959707	442.5748926
7.97557997558	442.7198262
7.98046398046	442.7748626
7.98534798535	442.9238966
7.99023199023	443.0720977
7.99511599512	443.1271915
8.0	443.2755399
8.00488400488	443.4068122
8.00976800977	443.4785759
8.01465201465	443.628267
8.01953601954	443.6834037
8.02442002442	443.8346893
8.0293040293	443.9704587
8.03418803419	444.0351689
8.03907203907	444.1831904
8.04395604396	444.2400319
8.04884004884	444.3866758
8.05372405372	444.5306645
8.05860805861	444.591436
8.06349206349	444.7409826
8.06837606838	444.7975258
8.07326007326	444.9439363
8.07814407814	445.0928391
8.08302808303	445.1482473
8.08791208791	445.295728
8.0927960928	445.430044
8.09768009768	445.5000851
8.10256410256	445.6508329
8.10744810745	445.7051858
8.11233211233	445.8501255
8.11721611722	445.9883152
8.1221001221	446.0537904
8.12698412698	446.1991853
8.13186813187	446.2567666
8.13675213675	446.405074
8.14163614164	446.5517751
8.14652014652	446.6125418
8.1514041514	446.7605864
8.15628815629	446.8120725
8.16117216117	446.9671839
8.16605616606	447.1115545
8.17094017094	447.1680146
8.17582417582	447.3194808
8.18070818071	447.4557679
8.18559218559	447.5255091
8.19047619048	447.6712276
8.19536019536	447.7271442
8.20024420024	447.8755497
8.20512820513	448.0168319
8.21001221001	448.0854651
8.2148962149	448.2357343
8.21978021978	448.2890678
8.22466422466	448.4405487
8.22954822955	448.5850961
8.23443223443	448.645217
8.23931623932	448.7925594
8.2442002442	448.8498722
8.24908424908	448.9975815
8.25396825397	449.1515509
8.25885225885	449.2044054
8.26373626374	449.3530125
8.26862026862	449.488021
8.2735042735	449.5553548
8.27838827839	449.7044945
8.28327228327	449.7610551
8.28815628816	449.9063435
8.29304029304	450.0505852
8.29792429792	450.1139575
8.30280830281	450.2645105
8.30769230769	450.3202718
8.31257631258	450.470875
8.31746031746	450.6188739
8.32234432234	450.6759106
8.32722832723	450.8260312
8.33211233211	450.960704
8.336996337	451.0336057
8.34188034188	451.1849113
8.34676434676	451.2399293
8.35164835165	451.387661
8.35653235653	451.5273816
8.36141636142	451.5921655
8.3663003663	451.7467969
8.37118437118	451.8051743
8.37606837607	451.9568261
8.38095238095	452.0996061
8.38583638584	452.157382
8.39072039072	452.3081816
8.3956043956	452.3650277
8.40048840049	452.5141823
8.40537240537	452.6649325
8.41025641026	452.722338
8.41514041514	452.8729516
8.42002442002	453.0090368
8.42490842491	453.0782286
8.42979242979	453.2256007
8.43467643468	453.2829816
8.43956043956	453.4308086
8.44444444444	453.5712411
8.44932844933	453.6368632
8.45421245421	453.790332
8.4590964591	453.846749
8.46398046398	453.9951376
8.46886446886	454.1434942
8.47374847375	454.2043163
8.47863247863	454.3553212
8.48351648352	454.4097158
8.4884004884	454.5637634
8.49328449328	454.7149793
8.49816849817	454.7713303
8.50305250305	454.9200039
8.50793650794	455.0571381
8.51282051282	455.1266351
8.5177045177	455.2760624
8.52258852259	455.334043
8.52747252747	455.491927
8.53235653236	455.6334826
8.53724053724	455.7000456
8.54212454212	455.8475577
8.54700854701	455.901192
8.55189255189	456.0537205
8.55677655678	456.203595
8.56166056166	456.2637272
8.56654456654	456.4147743
8.57142857143	456.4724049
8.57631257631	456.6244861
8.5811965812	456.771865
8.58608058608	456.8280041
8.59096459096	456.9797336
8.59584859585	457.1171278
8.60073260073	457.1858899
8.60561660562	457.3378514
8.6105006105	457.3943773
8.61538461538	457.5469335
8.62026862027	457.6866873
8.62515262515	457.7524458
8.63003663004	457.9052415
8.63492063492	457.9627701
8.6398046398	458.1130822
8.64468864469	458.2651134
8.64957264957	458.3237283
8.65445665446	458.4765327
8.65934065934	458.5329862
8.66422466422	458.68205
8.66910866911	458.8320149
8.67399267399	458.8888375
8.67887667888	459.0428821
8.68376068376	459.1853709
8.68864468864	459.2566045
8.69352869353	459.406486
8.69841269841	459.4618349
8.7032967033	459.6103548
8.70818070818	459.7572287
8.71306471306	459.8193703
8.71794871795	459.9733722
8.72283272283	460.030328
8.72771672772	460.1820956
8.7326007326	460.3331747
8.73748473748	460.3880342
8.74236874237	460.5354653
8.74725274725	460.6749612
8.75213675214	460.7440491
8.75702075702	460.8945174
8.7619047619	460.9528585
8.76678876679	461.1080454
8.77167277167	461.2528622
8.77655677656	461.3163023
8.78144078144	461.4700149
8.78632478632	461.5227758
8.79120879121	461.6765753
8.79609279609	461.8270061
8.80097680098	461.8870923
8.80586080586	462.0421368
8.81074481074	462.1014038
8.81562881563	462.2498098
8.82051282051	462.4012422
8.8253968254	462.4585597
8.83028083028	462.6072973
8.83516483516	462.749759
8.84004884005	462.8200664
8.84493284493	462.971342
8.84981684982	463.0276277
8.8547008547	463.1650699
8.85958485958	463.2844666
8.86446886447	463.3284005
8.86935286935	463.4027933
8.87423687424	463.4120685
8.87912087912	463.3710677
8.884004884	463.2041637
8.88888888889	463.0692338
8.89377289377	462.5939168
8.89865689866	462.3111613
8.90354090354	461.3360699
8.90842490842	459.9529718
8.91330891331	459.2248012
8.91819291819	456.9879255
8.92307692308	454.3778195
8.92796092796	452.7370563
8.93284493284	449.0100407
8.93772893773	447.3707999
8.94261294261	442.5826277
8.9474969475	437.4118812
8.95238095238	434.8383189
8.95726495726	428.7296986
8.96214896215	426.3285295
8.96703296703	419.8006108
8.97191697192	413.2869008
8.9768009768	410.6130461
8.98168498168	403.7955926
8.98656898657	401.2843454
8.99145299145	394.8208202
8.99633699634	388.4948519
9.00122100122	386.2508678
9.0061050061	380.6799335
9.01098901099	376.2331952
9.01587301587	374.3085611
9.02075702076	370.0262705
9.02564102564	368.5008214
9.03052503052	364.8756139
9.03540903541	361.6888935
9.04029304029	360.4831353
9.04517704518	357.9283064
9.05006105006	357.0957953
9.05494505495	355.068868
9.05982905983	353.424572
9.06471306471	352.9602264
9.0695970696	351.846652
9.07448107448	351.0790978
9.07936507937	350.8031759
9.08424908425	350.3588544
9.08913308913	350.271159
9.09401709402	350.1396434
9.0989010989	350.153933
9.10378510379	350.2085006
9.10866910867	350.3932224
9.11355311355	350.4821284
9.11843711844	350.7542725
9.12332112332	351.037095
9.12820512821	351.1494713
9.13308913309	351.4363156
9.13797313797	351.5269822
9.14285714286	351.7963315
9.14774114774	352.0646323
9.15262515263	352.1600503
9.15750915751	352.3963377
9.16239316239	352.5904431
9.16727716728	352.681524
9.17216117216	352.8780754
9.17704517705	352.9411137
9.18192918193	353.1130447
9.18681318681	353.2632929
9.1916971917	353.3283876
9.19658119658	353.4823359
9.20146520147	353.5311484
9.20634920635	353.6654188
9.21123321123	353.7975447
9.21611721612	353.8512567
9.221001221	353.9865969
9.22588522589	354.0316037
9.23076923077	354.1588049
9.23565323565	354.2931506
9.24053724054	354.3457988
9.24542124542	354.4768738
9.25030525031	354.5982558
9.25518925519	354.6648188
9.26007326007	354.8099444
9.26495726496	354.8656711
9.26984126984	355.0212049
9.27472527473	355.181402
9.27960927961	355.2544866
9.28449328449	355.4283969
9.28937728938	355.5000649
9.29426129426	355.6969678
9.29914529915	355.8910221
9.30402930403	355.9812074
9.30891330891	356.2116971
9.3137973138	356.4541324
9.31868131868	356.5864017
9.32356532357	356.8566374
9.32844932845	356.9841492
9.33333333333	357.3312636
9.33821733822	357.6595093
9.3431013431	357.8350859
9.34798534799	358.2573865
9.35286935287	358.4622936
9.35775335775	358.9783115
9.36263736264	359.4803339
9.36752136752	359.7224977
9.37240537241	360.3275658
9.37728937729	360.583143
9.38217338217	361.2725397
9.38705738706	362.0059743
9.39194139194	362.3091545
9.39682539683	363.1352058
9.40170940171	363.8389905
9.40659340659	364.2561768
9.41147741148	365.2049627
9.41636141636	365.5771344
9.42124542125	366.5181825
9.42612942613	367.4624374
9.43101343101	367.9010616
9.4358974359	368.8611137
9.44078144078	369.2002419
9.44566544567	370.1805944
9.45054945055	371.1593314
9.45543345543	371.4933102
9.46031746032	372.5144495
9.4652014652	372.8864934
9.47008547009	373.8520709
9.47496947497	374.7568901
9.47985347985	375.086583
9.48473748474	375.9219504
9.48962148962	376.71918
9.49450549451	377.101816
9.49938949939	377.8229003
9.50427350427	378.0701653
9.50915750916	378.7507129
9.51404151404	379.273088
9.51892551893	379.4502723
9.52380952381	379.8189509
9.52869352869	379.9262331
9.53357753358	380.2207702
9.53846153846	380.3549588
9.54334554335	380.3711732
9.54822954823	380.3580171
9.55311355311	380.2568094
9.557997558	380.1624829
9.56288156288	379.8305429
9.56776556777	379.6478601
9.57264957265	379.1328305
9.57753357753	378.4996078
9.58241758242	378.1618031
9.5873015873	377.3157731
9.59218559219	376.9878099
9.59706959707	376.1336185
9.60195360195	375.1881857
9.60683760684	374.7838562
9.61172161172	373.8285532
9.61660561661	373.4608205
9.62148962149	372.4125427
9.62637362637	371.3508438
9.63125763126	370.9358968
9.63614163614	369.8771073
9.64102564103	368.9311147
9.64590964591	368.4873089
9.65079365079	367.5568098
9.65567765568	367.1806168
9.66056166056	366.34486
9.66544566545	365.5900535
9.67032967033	365.32088
9.67521367521	364.7154303
9.6800976801	364.5026377
9.68498168498	364.0261736
9.68986568987	363.6340428
9.69474969475	363.5269645
9.69963369963	363.2739951
9.70451770452	363.1113936
9.7094017094	363.0613995
9.71428571429	362.9876651
9.71916971917	362.9775793
9.72405372405	362.97738
9.72893772894	363.0093475
9.73382173382	363.0362646
9.73870573871	363.1158281
9.74358974359	363.1490064
9.74847374847	363.2459681
9.75335775336	363.3854411
9.75824175824	363.618908
9.76312576313	363.5015927
9.76800976801	363.5421229
9.77289377289	363.6565746
9.77777777778	363.7729937
9.78266178266	363.8151883
9.78754578755	363.9306309
9.79242979243	364.0314497
9.79731379731	364.0870988
9.8021978022	364.2017039
9.80708180708	364.245345
9.81196581197	364.3607388
9.81684981685	364.4679516
9.82173382173	364.5202511
9.82661782662	364.6348728
9.8315018315	364.6766309
9.83638583639	364.7898441
9.84126984127	364.8995421
9.84615384615	364.9487314
9.85103785104	365.0598517
9.85592185592	365.1042751
9.86080586081	365.2208742
9.86568986569	365.3347263
9.87057387057	365.3779768
9.87545787546	365.4926752
9.88034188034	365.5366664
9.88522588523	365.6514072
9.89010989011	365.7668448
9.89499389499	365.8102902
9.89987789988	365.9247095
9.90476190476	366.031085
9.90964590965	366.0835081
9.91452991453	366.1955073
9.91941391941	366.2394864
9.9242979243	366.3539143
9.92918192918	366.4665459
9.93406593407	366.5161359
9.93894993895	366.6307381
9.94383394383	366.6750881
9.94871794872	366.7857852
9.9536019536	366.9022457
9.95848595849	366.9457372
9.96336996337	367.0603595
9.96825396825	367.1637521
9.97313797314	367.219002
9.97802197802	367.3365901
9.98290598291	367.3782262
9.98778998779	367.488734
9.99267399267	367.5963625
9.99755799756	367.6474915
10.0024420024	367.7608519
