V	MHz
0.0	192.0957022
0.004884004884	192.8435298
0.00976800976801	193.5163926
0.014652014652	193.6657246
0.019536019536	194.2002817
0.02442002442	194.3664908
0.029304029304	194.6715904
0.034188034188	194.8259631
0.039072039072	194.8428575
0.043956043956	194.8538779
0.04884004884	194.8045435
0.0537240537241	194.7450112
0.0586080586081	194.6047173
0.0634920634921	194.5073733
0.0683760683761	194.1103063
0.0732600732601	193.3098788
0.0781440781441	192.4769064
0.0830280830281	190.8420221
0.0879120879121	189.4888607
0.0927960927961	182.097611
0.0976800976801	171.9568957
0.102564102564	168.9920218
0.107448107448	161.4565149
0.112332112332	153.8044781
0.117216117216	141.8728729
0.1221001221	136.5119276
0.126984126984	135.0142942
0.131868131868	132.8010706
0.136752136752	131.9111406
0.141636141636	131.7708398
0.14652014652	131.7775163
0.151404151404	131.8940948
0.156288156288	132.3381452
0.161172161172	132.996971
0.166056166056	133.4455638
0.17094017094	134.5009042
0.175824175824	135.0546608
0.180708180708	136.7143148
0.185592185592	138.8325281
0.190476190476	139.8107202
0.19536019536	142.5241795
0.200244200244	143.6380177
0.205128205128	146.8258226
0.210012210012	150.1366588
0.214896214896	151.3627157
0.21978021978	154.4577772
0.224664224664	157.1515732
0.229548229548	158.3829945
0.234432234432	160.9586768
0.239316239316	161.9341054
0.2442002442	164.4119228
0.249084249084	166.7356993
0.253968253968	167.7713248
0.258852258852	170.1118256
0.263736263736	170.9629086
0.26862026862	172.9351406
0.273504273504	174.64346
0.278388278388	175.2980623
0.283272283272	176.7796092
0.288156288156	177.3189377
0.29304029304	178.7642116
0.297924297924	180.0809831
0.302808302808	180.5279263
0.307692307692	181.8554337
0.312576312576	183.2022458
0.31746031746	183.8659373
0.322344322344	185.4152368
0.327228327228	186.0034648
0.332112332112	187.6266184
0.336996336996	188.4823208
0.34188034188	188.8959013
0.346764346764	189.8208534
0.351648351648	190.1379549
0.356532356532	190.7540291
0.361416361416	191.1318033
0.3663003663	191.2634969
0.371184371184	191.7056353
0.376068376068	192.1147279
0.380952380952	192.3543058
0.385836385836	192.8883773
0.39072039072	193.1053381
0.395604395604	193.7747668
0.400488400488	194.523466
0.405372405372	194.9554907
0.410256410256	195.815681
0.41514041514	196.4614464
0.420024420024	197.063944
0.424908424908	198.1201178
0.429792429792	198.6286872
0.434676434676	199.2440007
0.43956043956	199.5168769
0.444444444444	200.3334967
0.449328449328	201.0800247
0.454212454212	201.3983975
0.459096459096	202.1618875
0.46398046398	202.4969571
0.468864468864	202.6799468
0.473748473748	203.0517786
0.478632478632	203.1629372
0.483516483516	203.4555009
0.4884004884	203.6769784
0.493284493284	203.7530314
0.498168498168	203.9289304
0.503052503053	203.9870693
0.507936507937	204.1391416
0.512820512821	204.2721512
0.517704517705	204.3285456
0.522588522589	204.467978
0.527472527473	204.5189301
0.532356532357	204.6545817
0.537240537241	204.7903196
0.542124542125	204.8409446
0.547008547009	204.9778658
0.551892551893	205.1049867
0.556776556777	205.1810369
0.561660561661	205.351747
0.566544566545	205.4253348
0.571428571429	205.6478938
0.576312576313	205.8761671
0.581196581197	205.9719632
0.586080586081	206.1538847
0.590964590965	206.1985791
0.595848595849	206.2727955
0.600732600733	206.2668767
0.605616605617	206.2904786
0.610500610501	206.3270894
0.615384615385	206.3329978
0.620268620269	206.3350555
0.625152625153	206.2830134
0.630036630037	206.2247746
0.634920634921	205.9746543
0.639804639805	205.596316
0.644688644689	205.2894482
0.649572649573	204.4136871
0.654456654457	203.9427048
0.659340659341	202.4663231
0.664224664225	200.6433093
0.669108669109	199.5758
0.673992673993	196.7794172
0.678876678877	195.5109969
0.683760683761	191.8638656
0.688644688645	187.8436364
0.693528693529	185.9538679
0.698412698413	181.2188035
0.703296703297	179.326755
0.708180708181	174.3863676
0.713064713065	169.3630246
0.717948717949	167.4957443
0.722832722833	162.5983411
0.727716727717	158.7305957
0.732600732601	156.8252867
0.737484737485	153.1973283
0.742368742369	152.0928207
0.747252747253	149.2576719
0.752136752137	147.0666575
0.757020757021	146.2407372
0.761904761905	144.6129097
0.766788766789	144.1636569
0.771672771673	143.0773161
0.776556776557	142.3194457
0.781440781441	142.116425
0.786324786325	141.6541522
0.791208791209	141.5483128
0.796092796093	141.2802839
0.800976800977	141.1286785
0.805860805861	141.0939702
0.810744810745	140.9279116
0.815628815629	140.8836366
0.820512820513	140.853371
0.825396825397	140.8652074
0.830280830281	140.881174
0.835164835165	140.9345361
0.840048840049	140.9892447
0.844932844933	141.0150785
0.849816849817	141.0760109
0.854700854701	141.0968881
0.859584859585	141.1573436
0.864468864469	141.2210545
0.869352869353	141.248667
0.874236874237	141.3176036
0.879120879121	141.3437463
0.884004884005	141.4144057
0.888888888889	141.4883958
0.893772893773	141.5143035
0.898656898657	141.5849236
0.903540903541	141.6605658
0.908424908425	141.701381
0.913308913309	141.7872084
0.918192918193	141.8205706
0.923076923077	141.920171
0.927960927961	142.0301492
0.932844932845	142.0864911
0.937728937729	142.2163172
0.942612942613	142.272381
0.947496947497	142.4415248
0.952380952381	142.6339727
0.957264957265	142.7130475
0.962148962149	142.9468035
0.967032967033	143.2531376
0.971916971917	143.3513029
0.976800976801	143.7465506
0.981684981685	143.7773949
0.986568986569	144.0793853
0.991452991453	144.4103802
0.996336996337	144.3746786
1.00122100122	144.2710512
1.00610500611	144.2185604
1.01098901099	144.0479869
1.01587301587	143.9042028
1.02075702076	143.8611493
1.02564102564	143.7519848
1.03052503053	143.7435215
1.03540903541	143.7304785
1.04029304029	143.763069
1.04517704518	143.783561
1.05006105006	143.8359833
1.05494505495	143.8610635
1.05982905983	143.9222396
1.06471306471	143.9810877
1.0695970696	144.002315
1.07448107448	144.0555654
1.07936507937	144.090702
1.08424908425	144.1229668
1.08913308913	144.1737347
1.09401709402	144.1962528
1.0989010989	144.2594421
1.10378510379	144.3120032
1.10866910867	144.3227008
1.11355311355	144.3988798
1.11843711844	144.4202472
1.12332112332	144.4816723
1.12820512821	144.5311307
1.13308913309	144.5521082
1.13797313797	144.6022171
1.14285714286	144.6604442
1.14774114774	144.6915176
1.15262515263	144.749827
1.15750915751	144.771249
1.16239316239	144.8259554
1.16727716728	144.8867159
1.17216117216	144.9177322
1.17704517705	144.9869141
1.18192918193	145.0148514
1.18681318681	145.0889729
1.1916971917	145.1604389
1.19658119658	145.19275
1.20146520147	145.2689511
1.20634920635	145.2979353
1.21123321123	145.3771191
1.21611721612	145.4563606
1.221001221	145.4868469
1.22588522589	145.5674386
1.23076923077	145.6396353
1.23565323565	145.6784464
1.24053724054	145.7595052
1.24542124542	145.7900241
1.25030525031	145.8704221
1.25518925519	145.9441848
1.26007326007	145.9818886
1.26495726496	146.0650719
1.26984126984	146.0963889
1.27472527473	146.1788089
1.27960927961	146.2574426
1.28449328449	146.2905567
1.28937728938	146.3729263
1.29426129426	146.4035779
1.29914529915	146.4855103
1.30402930403	146.5687566
1.30891330891	146.5995646
1.3137973138	146.68133
1.31868131868	146.7557057
1.32356532357	146.795137
1.32844932845	146.8767119
1.33333333333	146.9081096
1.33821733822	146.9911846
1.3431013431	147.069472
1.34798534799	147.1053563
1.35286935287	147.1878867
1.35775335775	147.2188775
1.36263736264	147.3020263
1.36752136752	147.3820255
1.37240537241	147.4154533
1.37728937729	147.4986894
1.38217338217	147.5285006
1.38705738706	147.6110653
1.39194139194	147.6932989
1.39682539683	147.7240654
1.40170940171	147.8069543
1.40659340659	147.8815937
1.41147741148	147.9202785
1.41636141636	148.0042238
1.42124542125	148.0359431
1.42612942613	148.1191982
1.43101343101	148.1972489
1.4358974359	148.233607
1.44078144078	148.3177839
1.44566544567	148.348177
1.45054945055	148.4299666
1.45543345543	148.5115778
1.46031746032	148.5454032
1.4652014652	148.6280753
1.47008547009	148.659259
1.47496947497	148.7416769
1.47985347985	148.824519
1.48473748474	148.855751
1.48962148962	148.9386447
1.49450549451	149.0141851
1.49938949939	149.0536293
1.50427350427	149.1369755
1.50915750916	149.1675877
1.51404151404	149.2525772
1.51892551893	149.3292042
1.52380952381	149.3656609
1.52869352869	149.4476049
1.53357753358	149.4793452
1.53846153846	149.5629795
1.54334554335	149.6440555
1.54822954823	149.6777343
1.55311355311	149.7601445
1.557997558	149.7909895
1.56288156288	149.8740219
1.56776556777	149.9572503
1.57264957265	149.9899397
1.57753357753	150.0749586
1.58241758242	150.1525109
1.5873015873	150.1916933
1.59218559219	150.2764302
1.59706959707	150.3078567
1.60195360195	150.392653
1.60683760684	150.4725928
1.61172161172	150.5089298
1.61660561661	150.5951342
1.62148962149	150.627448
1.62637362637	150.7125944
1.63125763126	150.7972
1.63614163614	150.8304607
1.64102564103	150.9159771
1.64590964591	150.9488623
1.65079365079	151.0353476
1.65567765568	151.1239771
1.66056166056	151.1546887
1.66544566545	151.2416096
1.67032967033	151.3222361
1.67521367521	151.3613788
1.6800976801	151.448266
1.68498168498	151.4807738
1.68986568987	151.5686348
1.69474969475	151.6529979
1.69963369963	151.6895715
1.70451770452	151.7766984
1.7094017094	151.8105351
1.71428571429	151.8986093
1.71916971917	151.984457
1.72405372405	152.0187382
1.72893772894	152.1089648
1.73382173382	152.1423735
1.73870573871	152.2311721
1.74358974359	152.3197301
1.74847374847	152.3532537
1.75335775336	152.4429151
1.75824175824	152.5243998
1.76312576313	152.5640043
1.76800976801	152.6541259
1.77289377289	152.6875961
1.77777777778	152.7774625
1.78266178266	152.8618056
1.78754578755	152.8990942
1.79242979243	152.9883461
1.79731379731	153.0216862
1.8021978022	153.1107584
1.80708180708	153.1998089
1.81196581197	153.2349735
1.81684981685	153.324809
1.82173382173	153.3570317
1.82661782662	153.4449893
1.8315018315	153.5335902
1.83638583639	153.5669227
1.84126984127	153.6537377
1.84615384615	153.7359995
1.85103785104	153.7758848
1.85592185592	153.8640175
1.86080586081	153.8965548
1.86568986569	153.9846939
1.87057387057	154.0675869
1.87545787546	154.102354
1.88034188034	154.1916601
1.88522588523	154.2246056
1.89010989011	154.3135807
1.89499389499	154.4009326
1.89987789988	154.4341374
1.90476190476	154.5212344
1.90964590965	154.5996987
1.91452991453	154.6400986
1.91941391941	154.7268607
1.9242979243	154.7591879
1.92918192918	154.8471456
1.93406593407	154.9262589
1.93894993895	154.9630633
1.94383394383	155.0494264
1.94871794872	155.0813219
1.9536019536	155.1667553
1.95848595849	155.249709
1.96336996337	155.2844698
1.96825396825	155.3707371
1.97313797314	155.4027427
1.97802197802	155.4869124
1.98290598291	155.5719166
1.98778998779	155.602633
1.99267399267	155.6883987
1.99755799756	155.7629131
2.00244200244	155.8043865
2.00732600733	155.8891966
2.01221001221	155.9190711
2.01709401709	156.0019136
2.02197802198	156.0808862
2.02686202686	156.1176722
2.03174603175	156.2000809
2.03663003663	156.2314307
2.04151404151	156.3160376
2.0463980464	156.3989903
2.05128205128	156.4308855
2.05616605617	156.5137987
2.06105006105	156.5446053
2.06593406593	156.6266822
2.07081807082	156.7077493
2.0757020757	156.7382733
2.08058608059	156.8201236
2.08547008547	156.8954004
2.09035409035	156.9330045
2.09523809524	157.0151928
2.10012210012	157.0446434
2.10500610501	157.126118
2.10989010989	157.2030975
2.11477411477	157.2373518
2.11965811966	157.3198073
2.12454212454	157.3508123
2.12942612943	157.4325621
2.13431013431	157.5121797
2.13919413919	157.5434265
2.14407814408	157.6251332
2.14896214896	157.6550746
2.15384615385	157.7354587
2.15873015873	157.8165052
2.16361416361	157.8468861
2.1684981685	157.9272871
2.17338217338	158.0001324
2.17826617827	158.0373166
2.18315018315	158.1182598
2.18803418803	158.1473974
2.19291819292	158.2276689
2.1978021978	158.3035668
2.20268620269	158.3371831
2.20757020757	158.418606
2.21245421245	158.448422
2.21733821734	158.528163
2.22222222222	158.6070494
2.22710622711	158.637581
2.23199023199	158.7167042
2.23687423687	158.746805
2.24175824176	158.8268984
2.24664224664	158.9058957
2.25152625153	158.9356161
2.25641025641	159.0143756
2.26129426129	159.0868272
2.26617826618	159.1223179
2.27106227106	159.2017059
2.27594627595	159.2310445
2.28083028083	159.3108549
2.28571428571	159.3860082
2.2905982906	159.4186424
2.29548229548	159.4969761
2.30036630037	159.526856
2.30525030525	159.6050194
2.31013431013	159.6809251
2.31501831502	159.7101411
2.3199023199	159.7888299
2.32478632479	159.858115
2.32967032967	159.8953737
2.33455433455	159.972309
2.33943833944	160.0018316
2.34432234432	160.0790744
2.34920634921	160.1504254
2.35409035409	160.184279
2.35897435897	160.2624484
2.36385836386	160.2915233
2.36874236874	160.3693888
2.37362637363	160.443814
2.37851037851	160.473867
2.38339438339	160.5514122
2.38827838828	160.5797197
2.39316239316	160.6572148
2.39804639805	160.7352849
2.40293040293	160.7643931
2.40781440781	160.8425556
2.4126984127	160.9135088
2.41758241758	160.9505751
2.42246642247	161.029733
2.42735042735	161.0598721
2.43223443223	161.140983
2.43711843712	161.2210016
2.442002442	161.2554076
2.44688644689	161.3408804
2.45177045177	161.3722162
2.45665445665	161.4580018
2.46153846154	161.5492818
2.46642246642	161.5796117
2.47130647131	161.6698934
2.47619047619	161.754129
2.48107448107	161.8006223
2.48595848596	161.8945745
2.49084249084	161.931226
2.49572649573	162.0285338
2.50061050061	162.1192825
2.50549450549	162.1654288
2.51037851038	162.2657078
2.51526251526	162.3089329
2.52014652015	162.4108913
2.52503052503	162.5070327
2.52991452991	162.5425898
2.5347985348	162.6641526
2.53968253968	162.6956655
2.54456654457	162.8273238
2.54945054945	162.9540985
2.55433455433	162.9981982
2.55921855922	163.1201492
2.5641025641	163.2346197
2.56898656899	163.2900599
2.57387057387	163.4145876
2.57875457875	163.4358418
2.58363858364	163.5567738
2.58852258852	163.6358041
2.59340659341	163.6641516
2.59829059829	163.7373826
2.60317460317	163.7867711
2.60805860806	163.8728808
2.61294261294	163.9170313
2.61782661783	163.8125079
2.62271062271	163.8279901
2.62759462759	163.6538694
2.63247863248	163.6926851
2.63736263736	163.7082794
2.64224664225	163.7410099
2.64713064713	163.7841708
2.65201465201	163.8767914
2.6568986569	163.9667163
2.66178266178	164.0762933
2.66666666667	164.0263799
2.67155067155	164.1361676
2.67643467643	164.1214393
2.68131868132	164.1685284
2.6862026862	164.1061818
2.69108669109	164.13532
2.69597069597	164.3028783
2.70085470085	164.3301499
2.70573870574	164.3541303
2.71062271062	164.4621663
2.71550671551	164.4760838
2.72039072039	164.5334985
2.72527472527	164.5945212
2.73015873016	164.6166941
2.73504273504	164.67753
2.73992673993	164.7356264
2.74481074481	164.7656635
2.74969474969	164.8363697
2.75457875458	164.8593798
2.75946275946	164.9258631
2.76434676435	164.992038
2.76923076923	165.0241849
2.77411477411	165.0937099
2.778998779	165.1185926
2.78388278388	165.1918683
2.78876678877	165.2619348
2.79365079365	165.2905752
2.79853479853	165.3636186
2.80341880342	165.3891226
2.8083028083	165.4639721
2.81318681319	165.5383823
2.81807081807	165.5658673
2.82295482295	165.6428286
2.82783882784	165.7133101
2.83272283272	165.7510689
2.83760683761	165.8283689
2.84249084249	165.8577928
2.84737484737	165.9371722
2.85225885226	166.0142207
2.85714285714	166.050175
2.86202686203	166.1325199
2.86691086691	166.16562
2.87179487179	166.2525965
2.87667887668	166.3390272
2.88156288156	166.3760199
2.88644688645	166.4671622
2.89133089133	166.5019268
2.89621489621	166.5956033
2.9010989011	166.6910631
2.90598290598	166.729039
2.91086691087	166.8255529
2.91575091575	166.9166139
2.92063492063	166.9591942
2.92551892552	167.0549116
2.9304029304	167.0901279
2.93528693529	167.1849898
2.94017094017	167.2763798
2.94505494505	167.3118394
2.94993894994	167.3916579
2.95482295482	167.421048
2.95970695971	167.4982428
2.96459096459	167.5643535
2.96947496947	167.5843609
2.97435897436	167.639243
2.97924297924	167.6882414
2.98412698413	167.7114721
2.98901098901	167.7466143
2.99389499389	167.7589705
2.99877899878	167.7934015
3.00366300366	167.8255637
3.00854700855	167.8385495
3.01343101343	167.8724678
3.01831501832	167.8845975
3.0231990232	167.9214515
3.02808302808	167.9602173
3.03296703297	167.9778839
3.03785103785	168.025237
3.04273504274	168.0452652
3.04761904762	168.0989856
3.0525030525	168.1554188
3.05738705739	168.1788353
3.06227106227	168.2413414
3.06715506716	168.3000176
3.07203907204	168.3313578
3.07692307692	168.3981527
3.08180708181	168.423929
3.08669108669	168.4919578
3.09157509158	168.5563556
3.09645909646	168.5865305
3.10134310134	168.6567191
3.10622710623	168.6832496
3.11111111111	168.7517089
3.115995116	168.8195969
3.12087912088	168.847215
3.12576312576	168.9164946
3.13064713065	168.9436465
3.13553113553	169.0139909
3.14041514042	169.0845267
3.1452991453	169.1105446
3.15018315018	169.1805919
3.15506715507	169.244312
3.15995115995	169.2772
3.16483516484	169.3465461
3.16971916972	169.3721635
3.1746031746	169.4419584
3.17948717949	169.5080933
3.18437118437	169.5381274
3.18925518926	169.6071687
3.19413919414	169.633671
3.19902319902	169.7036444
3.20390720391	169.7699981
3.20879120879	169.7971255
3.21367521368	169.867594
3.21855921856	169.8937529
3.22344322344	169.9635344
3.22832722833	170.0324266
3.23321123321	170.0591508
3.2380952381	170.1288408
3.24297924298	170.1907675
3.24786324786	170.2214475
3.25274725275	170.2925894
3.25763125763	170.3181483
3.26251526252	170.387883
3.2673992674	170.4520825
3.27228327228	170.4820667
3.27716727717	170.5518628
3.28205128205	170.5759858
3.28693528694	170.6454173
3.29181929182	170.7146088
3.2967032967	170.7420817
3.30158730159	170.8131724
3.30647130647	170.8400384
3.31135531136	170.9119924
3.31623931624	170.9874264
3.32112332112	171.0172261
3.32600732601	171.0993149
3.33089133089	171.1900018
3.33577533578	171.2403505
3.34065934066	171.3660842
3.34554334554	171.4247638
3.35042735043	171.6115484
3.35531135531	171.8517672
3.3601953602	171.9858105
3.36507936508	172.3659124
3.36996336996	172.5581678
3.37484737485	173.1353198
3.37973137973	173.8629817
3.38461538462	174.2109144
3.3894993895	175.0894499
3.39438339438	175.5711879
3.39926739927	176.8628245
3.40415140415	178.2896036
3.40903540904	178.9054749
3.41391941392	180.6009366
3.4188034188	182.3128755
3.42368742369	183.166807
3.42857142857	185.1742951
3.43345543346	185.9329406
3.43833943834	187.9971751
3.44322344322	189.9228815
3.44810744811	190.7561131
3.45299145299	192.7867789
3.45787545788	193.5513163
3.46275946276	195.5864612
3.46764346764	197.4154564
3.47252747253	198.1142636
3.47741147741	199.8940097
3.4822954823	201.4076715
3.48717948718	202.181505
3.49206349206	203.8148178
3.49694749695	204.3827569
3.50183150183	205.8840511
3.50671550672	207.2279818
3.5115995116	207.8292089
3.51648351648	209.1598094
3.52136752137	209.6471296
3.52625152625	210.8776483
3.53113553114	212.021793
3.53601953602	212.4524884
3.5409035409	213.4500878
3.54578754579	213.7824092
3.55067155067	214.6590139
3.55555555556	215.419694
3.56043956044	215.670404
3.56532356532	216.233936
3.57020757021	216.6460311
3.57509157509	216.7978938
3.57997557998	217.0476664
3.58485958486	217.0884871
3.58974358974	217.1205778
3.59462759463	217.015289
3.59951159951	216.9064283
3.6043956044	216.5810607
3.60927960928	216.3994066
3.61416361416	215.8816862
3.61904761905	215.2106979
3.62393162393	214.9136386
3.62881562882	214.0642257
3.6336996337	213.7135149
3.63858363858	212.6937551
3.64346764347	211.5926997
3.64835164835	211.1485102
3.65323565324	209.9107404
3.65811965812	208.7227007
3.663003663	208.0961104
3.66788766789	206.7266029
3.67277167277	206.187789
3.67765567766	204.7602796
3.68253968254	203.3407251
3.68742368742	202.7259864
3.69230769231	201.2825775
3.69719169719	200.7402171
3.70207570208	199.3014023
3.70695970696	197.9469067
3.71184371184	197.4230155
3.71672771673	196.1149382
3.72161172161	195.7062791
3.7264957265	194.8401932
3.73137973138	193.6361223
3.73626373626	193.1963503
3.74114774115	192.6672432
3.74603174603	192.1415398
3.75091575092	191.8197863
3.7557997558	191.1267775
3.76068376068	190.8619486
3.76556776557	190.2441711
3.77045177045	189.6984072
3.77533577534	189.5068631
3.78021978022	189.0213615
3.7851037851	188.8447586
3.78998778999	188.4398663
3.79487179487	188.0646674
3.79975579976	187.9077003
3.80463980464	187.5060494
3.80952380952	187.141732
3.81440781441	186.9538094
3.81929181929	186.5321971
3.82417582418	186.353494
3.82905982906	185.8923993
3.83394383394	185.4353828
3.83882783883	185.1926919
3.84371184371	184.6519703
3.8485958486	184.439423
3.85347985348	183.8863727
3.85836385836	183.3448398
3.86324786325	183.1065905
3.86813186813	182.5340878
3.87301587302	182.3363791
3.8778998779	181.8184816
3.88278388278	181.3019804
3.88766788767	181.1333658
3.89255189255	180.7569729
3.89743589744	180.3078521
3.90231990232	180.1221231
3.9072039072	179.7900699
3.91208791209	179.6695628
3.91697191697	179.388038
3.92185592186	179.1740344
3.92673992674	179.0865088
3.93162393162	178.9114427
3.93650793651	178.8598205
3.94139194139	178.7388501
3.94627594628	178.6563099
3.95115995116	178.6287366
3.95604395604	178.5830281
3.96092796093	178.5718269
3.96581196581	178.555134
3.9706959707	178.5588954
3.97557997558	178.5665705
3.98046398046	178.5975176
3.98534798535	178.6326117
3.99023199023	178.6560506
3.99511599512	178.7156277
4.0	178.7475964
4.00488400488	178.8306901
4.00976800977	178.9378305
4.01465201465	178.9810466
4.01953601954	179.1751127
4.02442002442	179.2417071
4.0293040293	179.4684658
4.03418803419	179.5758142
4.03907203907	179.649254
4.04395604396	179.8656685
4.04884004884	179.9413277
4.05372405372	180.1294377
4.05860805861	180.4894827
4.06349206349	180.6444885
4.06837606838	181.1485251
4.07326007326	181.4836179
4.07814407814	181.7317888
4.08302808303	182.4648974
4.08791208791	182.7455851
4.0927960928	183.4800377
4.09768009768	184.2281425
4.10256410256	184.6616869
4.10744810745	185.702236
4.11233211233	186.1611762
4.11721611722	187.4089044
4.1221001221	188.7203715
4.12698412698	189.3093065
4.13186813187	190.8147861
4.13675213675	191.3998122
4.14163614164	192.9749157
4.14652014652	194.6154138
4.1514041514	195.2456359
4.15628815629	197.0973481
4.16117216117	198.6069684
4.16605616606	199.3136631
4.17094017094	200.9636553
4.17582417582	201.5001717
4.18070818071	203.1668072
4.18559218559	204.6907115
4.19047619048	205.5910523
4.19536019536	206.8016478
4.20024420024	207.34912
4.20512820513	208.7981782
4.21001221001	210.219191
4.2148962149	210.9556613
4.21978021978	212.3042083
4.22466422466	213.2035841
4.22954822955	214.3613281
4.23443223443	214.4620272
4.23931623932	214.6692136
4.2442002442	215.402083
4.24908424908	216.0346269
4.25396825397	216.3674326
4.25885225885	216.9749251
4.26373626374	217.1937083
4.26862026862	217.6841301
4.2735042735	218.0984673
4.27838827839	218.2524744
4.28327228327	218.542962
4.28815628816	218.6221616
4.29304029304	218.8138166
4.29792429792	218.9237664
4.30280830281	218.9428184
4.30769230769	218.9769974
4.31257631258	218.9612163
4.31746031746	218.8866971
4.32234432234	218.8027909
4.32722832723	218.7628159
4.33211233211	218.6249485
4.336996337	218.5321676
4.34188034188	218.4784463
4.34676434676	218.3517923
4.35164835165	218.3005865
4.35653235653	218.1668239
4.36141636142	218.0568317
4.3663003663	218.0058604
4.37118437118	217.8779805
4.37606837607	217.8348225
4.38095238095	217.7046883
4.38583638584	217.5671137
4.39072039072	217.4915805
4.3956043956	217.2885282
4.40048840049	217.2018644
4.40537240537	216.9580634
4.41025641026	216.6977604
4.41514041514	216.5805827
4.42002442002	216.2524143
4.42490842491	215.8934088
4.42979242979	215.6859848
4.43467643468	215.2487096
4.43956043956	215.0759508
4.44444444444	214.5461705
4.44932844933	214.0705551
4.45421245421	213.8659849
4.4590964591	213.2903985
4.46398046398	213.0849197
4.46886446886	212.5184932
4.47374847375	211.939696
4.47863247863	211.7158127
4.48351648352	211.1607103
4.4884004884	210.6838305
4.49328449328	210.4270213
4.49816849817	209.9827015
4.50305250305	209.8245361
4.50793650794	209.404135
4.51282051282	209.0847195
4.5177045177	208.9691844
4.52258852259	208.7534273
4.52747252747	208.7023532
4.53235653236	208.6534951
4.53724053724	208.5950899
4.54212454212	208.6265008
4.54700854701	208.9414207
4.55189255189	209.1470189
4.55677655678	209.4400223
4.56166056166	209.5609099
4.56654456654	209.3081859
4.57142857143	209.7438875
4.57631257631	210.0591136
4.5811965812	210.2984458
4.58608058608	210.8328875
4.59096459096	211.0609404
4.59584859585	211.7522049
4.60073260073	212.5172566
4.60561660562	212.9582355
4.6105006105	213.8184943
4.61538461538	214.2083138
4.62026862027	215.3548867
4.62515262515	216.3211864
4.63003663004	216.7396311
4.63492063492	217.9740484
4.6398046398	218.491366
4.64468864469	220.0216815
4.64957264957	221.3213629
4.65445665446	221.7580639
4.65934065934	223.1724205
4.66422466422	224.5744717
4.66910866911	225.3352059
4.67399267399	226.9409461
4.67887667888	227.5245923
4.68376068376	229.1461097
4.68864468864	230.6400803
4.69352869353	231.3403188
4.69841269841	233.0022388
4.7032967033	233.5965425
4.70818070818	235.241097
4.71306471306	236.8455303
4.71794871795	237.3791005
4.72283272283	238.3740822
4.72771672772	238.7855933
4.7326007326	239.9038552
4.73748473748	240.8922838
4.74236874237	241.1864906
4.74725274725	241.9972802
4.75213675214	242.6171735
4.75702075702	242.8025648
4.7619047619	243.1611828
4.76678876679	243.2310806
4.77167277167	243.3564774
4.77655677656	243.3321755
4.78144078144	243.2568566
4.78632478632	242.9330886
4.79120879121	242.7565057
4.79609279609	242.1435534
4.80097680098	241.3429787
4.80586080586	240.8728097
4.81074481074	239.8526091
4.81562881563	239.3768193
4.82051282051	237.7809505
4.8253968254	236.0717658
4.83028083028	235.3849572
4.83516483516	233.3282128
4.84004884005	231.4924023
4.84493284493	230.4370727
4.84981684982	227.9512268
4.8547008547	226.9314819
4.85958485958	224.1179215
4.86446886447	221.3786269
4.86935286935	220.0559942
4.87423687424	216.9169911
4.87912087912	215.6627715
4.884004884	212.5995062
4.88888888889	209.6438426
4.89377289377	208.5396314
4.89865689866	205.6749419
4.90354090354	203.2905226
4.90842490842	202.1023632
4.91330891331	199.7229261
4.91819291819	198.8756418
4.92307692308	196.9404519
4.92796092796	195.2892817
4.93284493284	194.6211589
4.93772893773	193.2394831
4.94261294261	192.8042121
4.9474969475	191.7519146
4.95238095238	190.9110614
4.95726495726	190.6488583
4.96214896215	190.070357
4.96703296703	189.9061378
4.97191697192	189.5198518
4.9768009768	189.2569482
4.98168498168	189.1933219
4.98656898657	189.0420591
4.99145299145	188.9578902
4.99633699634	188.9289303
5.00122100122	188.8940904
5.0061050061	188.8931113
5.01098901099	188.8932496
5.01587301587	188.9132062
5.02075702076	188.9300614
5.02564102564	188.9667837
5.03052503053	188.9863505
5.03540903541	189.0356439
5.04029304029	189.0881239
5.04517704518	189.1108869
5.05006105006	189.1723573
5.05494505495	189.1951113
5.05982905983	189.2607996
5.06471306471	189.324811
5.0695970696	189.3496896
5.07448107448	189.4173878
5.07936507937	189.4795722
5.08424908425	189.5122623
5.08913308913	189.5706044
5.09401709402	189.5969399
5.0989010989	189.6848819
5.10378510379	189.7705665
5.10866910867	189.8087561
5.11355311355	189.9023234
5.11843711844	189.9408775
5.12332112332	190.0503096
5.12820512821	190.1724684
5.13308913309	190.2333741
5.13797313797	190.4050236
5.14285714286	190.4820061
5.14774114774	190.722177
5.15262515263	191.0504718
5.15750915751	191.2185063
5.16239316239	191.7422522
5.16727716728	192.410682
5.17216117216	192.8633271
5.17704517705	194.0356399
5.18192918193	194.6227614
5.18681318681	196.419763
5.1916971917	198.6202548
5.19658119658	199.8724374
5.20146520147	203.1795832
5.20634920635	204.6588219
5.21123321123	209.0954105
5.21611721612	214.1091448
5.221001221	216.437239
5.22588522589	222.5499197
5.23076923077	225.057265
5.23565323565	231.9341934
5.24053724054	238.8857787
5.24542124542	241.6667686
5.25030525031	248.693929
5.25518925519	254.8488476
5.26007326007	257.7458585
5.26495726496	263.6424139
5.26984126984	265.6442192
5.27472527473	270.6488178
5.27960927961	274.5585609
5.28449328449	276.1011499
5.28937728938	279.3151136
5.29426129426	280.3045935
5.29914529915	282.6192706
5.30402930403	284.3448421
5.30891330891	284.862915
5.3137973138	285.9840133
5.31868131868	286.3115567
5.32356532357	287.0034116
5.32844932845	287.4885573
5.33333333333	287.6244607
5.33821733822	287.925143
5.3431013431	288.131938
5.34798534799	288.2158911
5.35286935287	288.3771659
5.35775335775	288.4291438
5.36263736264	288.5629879
5.36752136752	288.67573
5.37240537241	288.7248264
5.37728937729	288.8371121
5.38217338217	288.8751179
5.38705738706	288.9828388
5.39194139194	289.0853704
5.39682539683	289.1264967
5.40170940171	289.2315605
5.40659340659	289.2715691
5.41147741148	289.3757291
5.41636141636	289.4778478
5.42124542125	289.5177698
5.42612942613	289.6195066
5.43101343101	289.7134568
5.4358974359	289.7589719
5.44078144078	289.8636611
5.44566544567	289.902024
5.45054945055	290.0070056
5.45543345543	290.1026694
5.46031746032	290.1462811
5.4652014652	290.2483273
5.47008547009	290.2867908
5.47496947497	290.3901123
5.47985347985	290.4923394
5.48473748474	290.532107
5.48962148962	290.6375375
5.49450549451	290.7306297
5.49938949939	290.7793745
5.50427350427	290.8828961
5.50915750916	290.9212616
5.51404151404	291.0226965
5.51892551893	291.1189827
5.52380952381	291.165433
5.52869352869	291.2676625
5.53357753358	291.3062671
5.53846153846	291.4070275
5.54334554335	291.5055676
5.54822954823	291.5478864
5.55311355311	291.6497291
5.557997558	291.688576
5.56288156288	291.790718
5.56776556777	291.8926832
5.57264957265	291.9291877
5.57753357753	292.0317229
5.58241758242	292.1220808
5.5873015873	292.1708901
5.59218559219	292.2701712
5.59706959707	292.3093036
5.60195360195	292.4125422
5.60683760684	292.5072935
5.61172161172	292.5526035
5.61660561661	292.6549206
5.62148962149	292.6915231
5.62637362637	292.7938535
5.63125763126	292.8963024
5.63614163614	292.9395349
5.64102564103	293.0419467
5.64590964591	293.0757606
5.65079365079	293.1822084
5.65567765568	293.2875806
5.66056166056	293.3274014
5.66544566545	293.4300738
5.67032967033	293.5237971
5.67521367521	293.5762021
5.6800976801	293.6795604
5.68498168498	293.7185156
5.68986568987	293.8217767
5.69474969475	293.9196145
5.69963369963	293.9638913
5.70451770452	294.0678937
5.7094017094	294.1054124
5.71428571429	294.2092195
5.71916971917	294.3104036
5.72405372405	294.3512494
5.72893772894	294.4522066
5.73382173382	294.4914989
5.73870573871	294.5929824
5.74358974359	294.6923827
5.74847374847	294.7278255
5.75335775336	294.8276119
5.75824175824	294.9160873
5.76312576313	294.961206
5.76800976801	295.0555525
5.77289377289	295.090406
5.77777777778	295.1813353
5.78266178266	295.2648714
5.78754578755	295.3014777
5.79242979243	295.3833738
5.79731379731	295.4136589
5.8021978022	295.4839649
5.80708180708	295.5465656
5.81196581197	295.5658303
5.81684981685	295.6129699
5.82173382173	295.6246118
5.82661782662	295.6455881
5.8315018315	295.6437751
5.83638583639	295.6373569
5.84126984127	295.6085981
5.84615384615	295.547778
5.85103785104	295.508666
5.85592185592	295.3831651
5.86080586081	295.3507994
5.86568986569	295.2084826
5.87057387057	295.0082897
5.87545787546	294.8455139
5.88034188034	294.4764003
5.88522588523	294.2700166
5.89010989011	294.3157554
5.89499389499	294.1150239
5.89987789988	293.952701
5.90476190476	293.8695727
5.90964590965	293.905834
5.91452991453	293.7662195
5.91941391941	293.6976371
5.9242979243	293.6816435
5.92918192918	293.6859999
5.93406593407	293.7483524
5.93894993895	293.796368
5.94383394383	293.9731544
5.94871794872	294.0552321
5.9536019536	294.3031531
5.95848595849	294.5899404
5.96336996337	294.7407589
5.96825396825	294.7470443
5.97313797314	295.2213788
5.97802197802	295.4254034
5.98290598291	295.8585511
5.98778998779	296.1005727
5.99267399267	296.5151273
5.99755799756	296.6598437
6.00244200244	297.0204318
6.00732600733	297.0430677
6.01221001221	297.4575083
6.01709401709	297.3554941
6.02197802198	297.3901505
6.02686202686	297.5508528
6.03174603175	297.9934797
6.03663003663	298.3753557
6.04151404151	298.5235895
6.0463980464	298.5226385
6.05128205128	298.6500857
6.05616605617	298.7978287
6.06105006105	298.8812479
6.06593406593	298.8742448
6.07081807082	299.2638516
6.0757020757	299.3048085
6.08058608059	299.4530187
6.08547008547	299.5137172
6.09035409035	299.7220705
6.09523809524	299.8904661
6.10012210012	299.9628038
6.10500610501	300.1221471
6.10989010989	300.2495511
6.11477411477	300.3171921
6.11965811966	300.4654299
6.12454212454	300.5101936
6.12942612943	300.6156736
6.13431013431	300.7170612
6.13919413919	300.7550008
6.14407814408	300.8389324
6.14896214896	300.8515029
6.15384615385	300.8784657
6.15873015873	300.883833
6.16361416361	300.8805914
6.1684981685	300.879167
6.17338217338	300.8802048
6.17826617827	300.9102782
6.18315018315	300.937734
6.18803418803	300.945804
6.19291819292	300.9801857
6.1978021978	301.0539116
6.20268620269	301.0695233
6.20757020757	301.1302561
6.21245421245	301.1534523
6.21733821734	301.2258611
6.22222222222	301.2870582
6.22710622711	301.3103451
6.23199023199	301.3833636
6.23687423687	301.4020527
6.24175824176	301.4876719
6.24664224664	301.5507717
6.25152625153	301.582803
6.25641025641	301.6573386
6.26129426129	301.743894
6.26617826618	301.774339
6.27106227106	301.8622334
6.27594627595	301.9001233
6.28083028083	301.9871882
6.28571428571	302.072694
6.2905982906	302.1175572
6.29548229548	302.2125793
6.30036630037	302.2598909
6.30525030525	302.3774615
6.31013431013	302.4831318
6.31501831502	302.5419415
6.3199023199	302.6786008
6.32478632479	302.7302662
6.32967032967	302.8688051
6.33455433455	303.0228897
6.33943833944	303.084113
6.34432234432	303.2669356
6.34920634921	303.4115418
6.35409035409	303.4964451
6.35897435897	303.6953921
6.36385836386	303.7816729
6.36874236874	303.9890462
6.37362637363	304.1703673
6.37851037851	304.2608753
6.38339438339	304.4581649
6.38827838828	304.5333069
6.39316239316	304.7191815
6.39804639805	304.8971943
6.40293040293	304.9651481
6.40781440781	305.1463241
6.4126984127	305.1917008
6.41758241758	305.3663236
6.42246642247	305.520503
6.42735042735	305.5780553
6.43223443223	305.7122901
6.43711843712	305.8469391
6.442002442	305.9081685
6.44688644689	306.029957
6.45177045177	306.0724576
6.45665445665	306.1225645
6.46153846154	306.3003597
6.46642246642	306.3481701
6.47130647131	306.4741376
6.47619047619	306.518458
6.48107448107	306.6454845
6.48595848596	306.7547834
6.49084249084	306.7953194
6.49572649573	306.9064715
6.50061050061	306.9460603
6.50549450549	307.0522265
6.51037851038	307.1569414
6.51526251526	307.191466
6.52014652015	307.2914477
6.52503052503	307.380256
6.52991452991	307.4224935
6.5347985348	307.5086273
6.53968253968	307.5382808
6.54456654457	307.6096397
6.54945054945	307.665586
6.55433455433	307.680855
6.55921855922	307.7065431
6.5641025641	307.7053113
6.56898656899	307.6690688
6.57387057387	307.5864177
6.57875457875	307.5191456
6.58363858364	307.2917753
6.58852258852	307.0887476
6.59340659341	306.621888
6.59829059829	306.0339048
6.60317460317	305.8189187
6.60805860806	304.8649074
6.61294261294	303.7123982
6.61782661783	302.9893925
6.62271062271	301.1448691
6.62759462759	300.3509033
6.63247863248	297.9730382
6.63736263736	295.2981725
6.64224664225	293.9263317
6.64713064713	290.5399612
6.65201465201	289.0465623
6.6568986569	285.0577187
6.66178266178	280.8797837
6.66666666667	279.1600621
6.67155067155	274.8291627
6.67643467643	273.0061978
6.68131868132	268.4911612
6.6862026862	263.9011272
6.69108669109	262.2525859
6.69597069597	257.9472925
6.70085470085	254.3233661
6.70573870574	252.5506734
6.71062271062	249.0209922
6.71550671551	248.0911737
6.72039072039	245.1049814
6.72527472527	242.6768098
6.73015873016	241.7493467
6.73504273504	239.8881497
6.73992673993	239.3656809
6.74481074481	238.1368476
6.74969474969	237.3962388
6.75457875458	237.218261
6.75946275946	237.06186
6.76434676435	237.1181961
6.76923076923	237.564455
6.77411477411	238.4706412
6.778998779	238.9658007
6.78388278388	240.5011214
6.78876678877	242.3098062
6.79365079365	243.4733821
6.79853479853	246.2154264
6.80341880342	247.4129791
6.8083028083	251.0151377
6.81318681319	254.8562074
6.81807081807	256.8168443
6.82295482295	261.5281264
6.82783882784	263.513778
6.83272283272	268.9677315
6.83760683761	274.2496165
6.84249084249	276.5166697
6.84737484737	282.233516
6.85225885226	284.3829924
6.85714285714	289.8379644
6.86202686203	294.9500647
6.86691086691	296.71239
6.87179487179	301.1724219
6.87667887668	304.562056
6.88156288156	306.1023071
6.88644688645	308.903876
6.89133089133	309.708732
6.89621489621	311.4910235
6.9010989011	312.5624709
6.90598290598	312.8970102
6.91086691087	313.5008986
6.91575091575	313.6368764
6.92063492063	313.9269275
6.92551892552	314.1179977
6.9304029304	314.1740474
6.93528693529	314.3035901
6.94017094017	314.3495977
6.94505494505	314.4634551
6.94993894994	314.5726577
6.95482295482	314.6129908
6.95970695971	314.7221501
6.96459096459	314.8247252
6.96947496947	314.8733323
6.97435897436	314.9854371
6.97924297924	315.0273165
6.98412698413	315.1393865
6.98901098901	315.2552956
6.99389499389	315.3083478
6.99877899878	315.4463852
7.00366300366	315.51425
7.00854700855	315.7149212
7.01343101343	315.9952258
7.01831501831	316.1468693
7.0231990232	316.6726786
7.02808302808	317.397152
7.03296703297	317.9585671
7.03785103785	319.4577987
7.04273504274	320.2456326
7.04761904762	322.8222224
7.0525030525	325.9197112
7.05738705739	327.7399013
7.06227106227	332.541223
7.06715506716	334.6760381
7.07203907204	340.7321063
7.07692307692	347.3643309
7.08180708181	350.4007141
7.08669108669	358.2204677
7.09157509158	361.2121528
7.09645909646	369.271133
7.10134310134	377.288467
7.10622710623	380.1748307
7.11111111111	387.6153264
7.115995116	393.9267215
7.12087912088	396.8367893
7.12576312576	402.6470362
7.13064713065	404.5107828
7.13553113553	409.1542557
7.14041514042	412.6662352
7.1452991453	414.0067932
7.15018315018	416.760312
7.15506715507	417.6463741
7.15995115995	419.596529
7.16483516484	421.1131071
7.16971916972	421.5385805
7.1746031746	422.5456694
7.17948717949	423.2179302
7.18437118437	423.4984168
7.18925518926	423.9886717
7.19413919414	424.1289581
7.19902319902	424.4539537
7.20390720391	424.6749267
7.20879120879	424.7429457
7.21367521368	424.8907997
7.21855921856	424.9237132
7.22344322344	424.9979521
7.22832722833	425.0216813
7.23321123321	425.0184198
7.2380952381	424.9912457
7.24297924298	424.9732038
7.24786324786	424.9075601
7.25274725275	424.8205326
7.25763125763	424.7889174
7.26251526252	424.7087155
7.2673992674	424.639001
7.27228327228	424.603701
7.27716727717	424.5440197
7.28205128205	424.5321903
7.28693528694	424.5363684
7.29181929182	424.5750256
7.2967032967	424.6093456
7.30158730159	424.736764
7.30647130647	424.8175308
7.31135531136	425.0139706
7.31623931624	425.2613543
7.32112332112	425.3786148
7.32600732601	425.7022986
7.33089133089	425.8306734
7.33577533578	426.1854913
7.34065934066	426.5485399
7.34554334554	426.6912085
7.35042735043	427.0647358
7.35531135531	427.3868552
7.3601953602	427.5522505
7.36507936508	427.8942289
7.36996336996	428.016396
7.37484737485	428.3130322
7.37973137973	428.579681
7.38461538462	428.6977428
7.3894993895	428.9445748
7.39438339438	429.0354212
7.39926739927	429.2619678
7.40415140415	429.465426
7.40903540904	429.5440207
7.41391941392	429.7420909
7.4188034188	429.8078146
7.42368742369	429.9860379
7.42857142857	430.1587314
7.43345543346	430.2217991
7.43833943834	430.3884203
7.44322344322	430.533438
7.44810744811	430.609427
7.45299145299	430.769407
7.45787545788	430.8254123
7.46275946276	430.9794229
7.46764346764	431.118217
7.47252747253	431.1880795
7.47741147741	431.3416773
7.4822954823	431.3987123
7.48717948718	431.5491801
7.49206349206	431.6878841
7.49694749695	431.750966
7.50183150183	431.8992844
7.50671550672	431.9540581
7.5115995116	432.1022594
7.51648351648	432.251715
7.52136752137	432.3103254
7.52625152625	432.4607326
7.53113553114	432.5912122
7.53601953602	432.6644604
7.5409035409	432.8130766
7.54578754579	432.8681562
7.55067155067	433.0171159
7.55555555556	433.1581498
7.56043956044	433.222739
7.56532356532	433.3709947
7.57020757021	433.4260753
7.57509157509	433.5768586
7.57997557998	433.7184684
7.58485958486	433.7821572
7.58974358974	433.9312519
7.59462759463	433.9886725
7.59951159951	434.1376164
7.6043956044	434.2873378
7.60927960928	434.3442271
7.61416361416	434.4915456
7.61904761905	434.6245131
7.62393162393	434.6962368
7.62881562882	434.8433381
7.6336996337	434.8994681
7.63858363858	435.0467163
7.64346764347	435.1861845
7.64835164835	435.2500119
7.65323565324	435.3983706
7.65811965812	435.4537682
7.663003663	435.6009803
7.66788766789	435.7455506
7.67277167277	435.8062953
7.67765567766	435.9561168
7.68253968254	436.0117366
7.68742368742	436.1581683
7.69230769231	436.3070315
7.69719169719	436.3623902
7.70207570208	436.5076298
7.70695970696	436.6456457
7.71184371184	436.7150971
7.71672771673	436.8618716
7.72161172161	436.9178507
7.7264957265	437.0647668
7.73137973138	437.2032073
7.73626373626	437.2666022
7.74114774115	437.4134644
7.74603174603	437.4713918
7.75091575092	437.6228132
7.7557997558	437.7649058
7.76068376068	437.8240469
7.76556776557	437.9705629
7.77045177045	438.0254275
7.77533577534	438.1702564
7.78021978022	438.3165418
7.7851037851	438.3723459
7.78998778999	438.520361
7.79487179487	438.6539401
7.79975579976	438.7212467
7.80463980464	438.8676826
7.80952380952	438.9221396
7.81440781441	439.0666194
7.81929181929	439.2054762
7.82417582418	439.2696942
7.82905982906	439.4206099
7.83394383394	439.4751075
7.83882783883	439.6222147
7.84371184371	439.7673815
7.8485958486	439.8288843
7.85347985348	439.9752327
7.85836385836	440.0316749
7.86324786325	440.183384
7.86813186813	440.3303463
7.87301587302	440.3856973
7.8778998779	440.5345674
7.88278388278	440.6714923
7.88766788767	440.7406704
7.89255189255	440.8897356
7.89743589744	440.9474855
7.90231990232	441.0978417
7.9072039072	441.2392755
7.91208791209	441.3056317
7.91697191697	441.4542162
7.92185592186	441.5083265
7.92673992674	441.6575062
7.93162393162	441.8037147
7.93650793651	441.8602408
7.94139194139	442.009749
7.94627594628	442.0648653
7.95115995116	442.214813
7.95604395604	442.3612866
7.96092796093	442.4159382
7.96581196581	442.5662583
7.9706959707	442.7003812
7.97557997558	442.7699636
7.98046398046	442.9190128
7.98534798535	442.9768568
7.99023199023	443.1253628
7.99511599512	443.2653926
8.0	443.3286158
8.00488400488	443.478115
8.00976800977	443.533222
8.01465201465	443.680718
8.01953601954	443.8282966
8.02442002442	443.8863709
8.0293040293	444.0354352
8.03418803419	444.0918667
8.03907203907	444.2392595
8.04395604396	444.3877627
8.04884004884	444.4438627
8.05372405372	444.5931118
8.05860805861	444.7292321
8.06349206349	444.7997057
8.06837606838	444.9495195
8.07326007326	445.005204
8.07814407814	445.1540799
8.08302808303	445.2939498
8.08791208791	445.3594733
8.0927960928	445.5058023
8.09768009768	445.5634462
8.10256410256	445.7123299
8.10744810745	445.8587665
8.11233211233	445.9174881
8.11721611722	446.0641909
8.1221001221	446.1195967
8.12698412698	446.2680107
8.13186813187	446.41938
8.13675213675	446.477065
8.14163614164	446.6275627
8.14652014652	446.7644769
8.1514041514	446.835081
8.15628815629	446.9848262
8.16117216117	447.0421642
8.16605616606	447.1927415
8.17094017094	447.33146
8.17582417582	447.3970094
8.18070818071	447.5493295
8.18559218559	447.6023243
8.19047619048	447.7511088
8.19536019536	447.8981524
8.20024420024	447.9574637
8.20512820513	448.1052495
8.21001221001	448.1620139
8.2148962149	448.3152056
8.21978021978	448.4653718
8.22466422466	448.5202538
8.22954822955	448.6705865
8.23443223443	448.8067409
8.23931623932	448.8774839
8.2442002442	449.0257323
8.24908424908	449.0802402
8.25396825397	449.2321953
8.25885225885	449.3723937
8.26373626374	449.4367471
8.26862026862	449.5843664
8.2735042735	449.6402878
8.27838827839	449.7901842
8.28327228327	449.93452
8.28815628816	449.9955229
8.29304029304	450.147617
8.29792429792	450.2025568
8.30280830281	450.3569504
8.30769230769	450.5062991
8.31257631258	450.5614966
8.31746031746	450.7119373
8.32234432234	450.848372
8.32722832723	450.9187453
8.33211233211	451.0709675
8.336996337	451.1282537
8.34188034188	451.2802084
8.34676434676	451.4203703
8.35164835165	451.4857262
8.35653235653	451.6378986
8.36141636142	451.695113
8.3663003663	451.8469769
8.37118437118	451.9952113
8.37606837607	452.0539151
8.38095238095	452.2082399
8.38583638584	452.2621817
8.39072039072	452.3824294
8.3956043956	452.5319618
8.40048840049	452.6801967
8.40537240537	452.7371624
8.41025641026	452.8887763
8.41514041514	452.9461651
8.42002442002	453.0949328
8.42490842491	453.2435557
8.42979242979	453.3003548
8.43467643468	453.4495713
8.43956043956	453.5852602
8.44444444444	453.6536475
8.44932844933	453.8049044
8.45421245421	453.8627659
8.4590964591	454.0127609
8.46398046398	454.1566644
8.46886446886	454.2212152
8.47374847375	454.3735492
8.47863247863	454.4312541
8.48351648352	454.5826435
8.4884004884	454.7338406
8.49328449328	454.7932968
8.49816849817	454.9464587
8.50305250305	455.0040697
8.50793650794	455.1539882
8.51282051282	455.3077877
8.5177045177	455.3629425
8.52258852259	455.516294
8.52747252747	455.6583746
8.53235653236	455.727632
8.53724053724	455.8809535
8.54212454212	455.9371933
8.54700854701	456.0893348
8.55189255189	456.2353796
8.55677655678	456.2982606
8.56166056166	456.449103
8.56654456654	456.5064848
8.57142857143	456.6592649
8.57631257631	456.8088332
8.5811965812	456.8669454
8.58608058608	457.0179148
8.59096459096	457.0754136
8.59584859585	457.2278365
8.60073260073	457.38072
8.60561660562	457.4346781
8.6105006105	457.588879
8.61538461538	457.7296331
8.62026862027	457.7978507
8.62515262515	457.9515438
8.63003663004	458.0068179
8.63492063492	458.1605026
8.6398046398	458.3048383
8.64468864469	458.3679616
8.64957264957	458.5227297
8.65445665446	458.5788896
8.65934065934	458.7301737
8.66422466422	458.880877
8.66910866911	458.937939
8.67399267399	459.0907846
8.67887667888	459.2265862
8.68376068376	459.3005691
8.68864468864	459.4544736
8.69352869353	459.5112286
8.69841269841	459.6652113
8.7032967033	459.8039029
8.70818070818	459.8702967
8.71306471306	460.0238086
8.71794871795	460.0795436
8.72283272283	460.2329028
8.72771672772	460.3813774
8.7326007326	460.4432238
8.73748473748	460.5957171
8.74236874237	460.6502502
8.74725274725	460.8045357
8.75213675214	460.9530038
8.75702075702	461.008227
8.7619047619	461.1619052
8.76678876679	461.3028475
8.77167277167	461.3755968
8.77655677656	461.5278015
8.78144078144	461.5855756
8.78632478632	461.739418
8.79120879121	461.8826755
8.79609279609	461.9486506
8.80097680098	462.102998
8.80586080586	462.1572249
8.81074481074	462.3131071
8.81562881563	462.4618969
8.82051282051	462.5206021
8.8253968254	462.674399
8.83028083028	462.7301288
8.83516483516	462.8827129
8.84004884005	463.0405629
8.84493284493	463.0950084
8.84981684982	463.2479771
8.8547008547	463.3810383
8.85958485958	463.4488177
8.86446886447	463.5925716
8.86935286935	463.6420997
8.87423687424	463.7657517
8.87912087912	463.8694886
8.884004884	463.9002149
8.88888888889	463.9495733
8.89377289377	463.9496686
8.89865689866	463.8940692
8.90354090354	463.7148337
8.90842490842	463.5887928
8.91330891331	463.1449987
8.91819291819	462.9031648
8.92307692308	462.0532783
8.92796092796	460.8493842
8.93284493284	460.2597867
8.93772893773	458.4832504
8.94261294261	456.3921077
8.9474969475	455.1955166
8.95238095238	452.3160941
8.95726495726	451.0095754
8.96214896215	447.3464028
8.96703296703	443.5820184
8.97191697192	441.7147742
8.9768009768	437.1417303
8.98168498168	435.46486
8.98656898657	430.4210621
8.99145299145	425.5366014
8.99633699634	423.5178517
9.00122100122	418.2429418
9.0061050061	416.2617227
9.01098901099	411.1916406
9.01587301587	406.2845981
9.02075702076	404.4197908
9.02564102564	399.5648942
9.03052503052	395.2504568
9.03540903541	393.5627287
9.04029304029	389.5817002
9.04517704518	388.1752985
9.05006105006	384.779019
9.05494505495	382.0750404
9.05982905983	381.0023987
9.06471306471	378.7325906
9.0695970696	377.9996458
9.07448107448	376.1598289
9.07936507937	374.6608189
9.08424908425	374.1655474
9.08913308913	372.9979613
9.09401709402	372.6373717
9.0989010989	371.7707917
9.10378510379	371.0888898
9.10866910867	370.8865902
9.11355311355	370.4447457
9.11843711844	370.1093569
9.12332112332	370.000829
9.12820512821	369.8160754
9.13308913309	369.7694742
9.13797313797	369.7022396
9.14285714286	369.6873302
9.14774114774	369.7109154
9.15262515263	369.8156648
9.15750915751	369.8805497
9.16239316239	370.0525975
9.16727716728	370.2268682
9.17216117216	370.3185132
9.17704517705	370.5871911
9.18192918193	370.6890845
9.18681318681	370.9712853
9.1916971917	371.2889988
9.19658119658	371.4192617
9.20146520147	371.7737439
9.20634920635	372.1370986
9.21123321123	372.3179205
9.21611721612	372.7425757
9.221001221	372.903023
9.22588522589	373.3610022
9.23076923077	373.8078456
9.23565323565	374.0299633
9.24053724054	374.5821899
9.24542124542	374.775761
9.25030525031	375.397266
9.25518925519	376.0027573
9.26007326007	376.273646
9.26495726496	376.9810315
9.26984126984	377.261641
9.27472527473	378.0401002
9.27960927961	378.9028592
9.28449328449	379.2211556
9.28937728938	380.1319555
9.29426129426	381.0449546
9.29914529915	381.5334537
9.30402930403	382.6480652
9.30891330891	383.1161382
9.3137973138	384.3942619
9.31868131868	385.6609219
9.32356532357	386.2204957
9.32844932845	387.7108711
9.33333333333	388.2617494
9.33821733822	389.8486273
9.3431013431	391.4925454
9.34798534799	392.1828035
9.35286935287	394.0040169
9.35775335775	395.6862761
9.36263736264	396.600295
9.36752136752	398.5389141
9.37240537241	399.2817966
9.37728937729	401.3037591
9.38217338217	403.2562287
9.38705738706	404.179184
9.39194139194	406.3639261
9.39682539683	407.165485
9.40170940171	409.2510421
9.40659340659	411.327225
9.41147741148	412.1876375
9.41636141636	414.3248187
9.42124542125	415.0517381
9.42612942613	417.1603456
9.43101343101	419.2891102
9.4358974359	420.0891201
9.44078144078	422.1255543
9.44566544567	423.9881421
9.45054945055	424.9346781
9.45543345543	426.9000963
9.46031746032	427.6615253
9.4652014652	429.6387713
9.47008547009	431.4185213
9.47496947497	432.2310245
9.47985347985	434.0001076
9.48473748474	434.6600793
9.48962148962	436.3479398
9.49450549451	437.848173
9.49938949939	438.4382703
9.50427350427	439.8731
9.50915750916	440.3544821
9.51404151404	441.5906977
9.51892551893	442.6861998
9.52380952381	443.0452586
9.52869352869	443.9567021
9.53357753358	444.6515959
9.53846153846	444.9480473
9.54334554335	445.4684681
9.54822954823	445.6491187
9.55311355311	445.9841138
9.557997558	446.1145108
9.56288156288	446.1414066
9.56776556777	446.1050685
9.57264957265	446.0032356
9.57753357753	445.6582782
9.58241758242	445.1666618
9.5873015873	444.8501322
9.59218559219	443.8613884
9.59706959707	443.5427616
9.60195360195	442.4092726
9.60683760684	441.2648434
9.61172161172	440.7525491
9.61660561661	439.2696313
9.62148962149	437.8850448
9.62637362637	436.9830035
9.63125763126	434.9792813
9.63614163614	434.1807042
9.64102564103	431.8320447
9.64590964591	429.3278665
9.65079365079	428.1892778
9.65567765568	425.3829807
9.66056166056	424.2510784
9.66544566545	421.5494136
9.67032967033	418.1320584
9.67521367521	417.14022
9.6800976801	414.0669721
9.68498168498	412.8571229
9.68986568987	409.3049432
9.69474969475	405.1222879
9.69963369963	403.9753162
9.70451770452	401.1217445
9.7094017094	397.9719892
9.71428571429	396.4683962
9.71916971917	393.2948703
9.72405372405	392.1731353
9.72893772894	389.2480911
9.73382173382	386.4802799
9.73870573871	385.379144
9.74358974359	382.7404428
9.74847374847	381.8309274
9.75335775336	379.5175657
9.75824175824	377.3612324
9.76312576313	376.6360878
9.76800976801	374.8081579
9.77289377289	373.2551918
9.77777777778	372.5319961
9.78266178266	371.1297453
9.78754578755	370.6528873
9.79242979243	369.5025001
9.79731379731	368.5758472
9.8021978022	368.224255
9.80708180708	367.442443
9.81196581197	367.2107332
9.81684981685	366.6115595
9.82173382173	366.1577
9.82661782662	366.0182802
9.8315018315	365.7186584
9.83638583639	365.6322706
9.84126984127	365.4577107
9.84615384615	365.3722861
9.85103785104	365.3646394
9.85592185592	365.3632853
9.86080586081	365.4107823
9.86568986569	365.4578121
9.87057387057	365.5697133
9.87545787546	365.6216078
9.88034188034	365.763718
9.88522588523	365.9068261
9.89010989011	365.9776405
9.89499389499	366.1279078
9.89987789988	366.1810604
9.90476190476	366.288571
9.90964590965	366.3626638
9.91452991453	366.370671
9.91941391941	366.3617316
9.9242979243	366.2905093
9.92918192918	366.2178563
9.93406593407	366.003571
9.93894993895	365.9028763
9.94383394383	365.5811497
9.94871794872	365.230192
9.9536019536	365.0286764
9.95848595849	364.5625938
9.96336996337	364.3763966
9.96825396825	363.903539
9.97313797314	363.4477508
9.97802197802	363.2678376
9.98290598291	362.8623067
9.98778998779	362.7788507
9.99267399267	362.512383
9.99755799756	362.3613994
10.0024420024	362.3590641
