V	MHz
0.0	64.84567247
0.004884004884	64.17383205
0.00976800976801	64.22602433
0.014652014652	64.24757451
0.019536019536	64.30005331
0.02442002442	64.32082981
0.029304029304	64.37923259
0.034188034188	64.46136118
0.039072039072	64.52673445
0.043956043956	64.86187136
0.17094017094	65.49768269
0.175824175824	65.51581938
0.180708180708	65.56422018
0.185592185592	65.61318037
0.190476190476	65.63251759
0.19536019536	65.68170709
0.200244200244	65.6998719
0.205128205128	65.74938279
0.210012210012	65.79948864
0.214896214896	65.817294
0.21978021978	65.8665203
0.224664224664	65.91072402
0.229548229548	65.9337128
0.234432234432	65.98116269
0.239316239316	66.00024373
0.2442002442	66.04963399
0.249084249084	66.09626672
0.253968253968	66.1170449
0.258852258852	66.16551065
0.263736263736	66.18381676
0.26862026862	66.2324989
0.273504273504	66.27982774
0.278388278388	66.29854475
0.283272283272	66.34752523
0.288156288156	66.36519457
0.29304029304	66.41375686
0.297924297924	66.46066367
0.302808302808	66.47921666
0.307692307692	66.52642778
0.312576312576	66.56982697
0.31746031746	66.59046277
0.322344322344	66.63900338
0.327228327228	66.6565037
0.332112332112	66.70470671
0.336996336996	66.74997971
0.34188034188	66.77044583
0.346764346764	66.81785341
0.351648351648	66.83561919
0.356532356532	66.88280389
0.361416361416	66.92938162
0.3663003663	66.94782495
0.371184371184	66.99446064
0.376068376068	67.01225653
0.380952380952	67.05861731
0.385836385836	67.10514663
0.39072039072	67.12297314
0.395604395604	67.16943158
0.400488400488	67.21306484
0.405372405372	67.23433455
0.410256410256	67.28100108
0.41514041514	67.29880553
0.420024420024	67.34470142
0.424908424908	67.3884243
0.429792429792	67.40800778
0.434676434676	67.45331811
0.43956043956	67.47054856
0.444444444444	67.51686549
0.449328449328	67.5618882
0.454212454212	67.57965724
0.459096459096	67.62573252
0.46398046398	67.64222931
0.468864468864	67.68756523
0.473748473748	67.73088439
0.478632478632	67.74879379
0.483516483516	67.79437827
0.4884004884	67.83633894
0.493284493284	67.85776536
0.498168498168	67.90263896
0.503052503053	67.9193122
0.507936507937	67.96425158
0.512820512821	68.00671379
0.517704517705	68.02617796
0.522588522589	68.07184695
0.527472527473	68.08811604
0.532356532357	68.13317689
0.537240537241	68.17705882
0.542124542125	68.19445925
0.547008547009	68.23813808
0.551892551893	68.25544204
0.556776556777	68.3005787
0.561660561661	68.34549582
0.566544566545	68.36283518
0.571428571429	68.40660936
0.576312576313	68.44763769
0.581196581197	68.46769812
0.586080586081	68.51162428
0.590964590965	68.5278197
0.595848595849	68.57222052
0.600732600733	68.61425364
0.605616605617	68.63287504
0.610500610501	68.67694136
0.615384615385	68.69313021
0.620268620269	68.73712046
0.625152625153	68.77933668
0.630036630037	68.79527891
0.634920634921	68.83917985
0.639804639805	68.85540637
0.644688644689	68.89998111
0.649572649573	68.94322444
0.654456654457	68.96017493
0.659340659341	69.00445633
0.664224664225	69.0435613
0.669108669109	69.06404304
0.673992673993	69.10725896
0.678876678877	69.12392482
0.683760683761	69.16773298
0.688644688645	69.20780791
0.693528693529	69.22704005
0.698412698413	69.26944914
0.703296703297	69.2858309
0.708180708181	69.32894187
0.713064713065	69.37198358
0.717948717949	69.38906274
0.722832722833	69.43207936
0.727716727717	69.44797816
0.732600732601	69.49099145
0.737484737485	69.53438099
0.742368742369	69.54979562
0.747252747253	69.59243656
0.752136752137	69.63111851
0.757020757021	69.65100354
0.761904761905	69.69390729
0.766788766789	69.70925318
0.771672771673	69.75160024
0.776556776557	69.79099682
0.781440781441	69.80933636
0.786324786325	69.85079293
0.791208791209	69.86636481
0.796092796093	69.90928662
0.800976800977	69.95004358
0.805860805861	69.96721487
0.810744810745	70.00910215
0.815628815629	70.02514707
0.820512820513	70.06647127
0.825396825397	70.10805543
0.830280830281	70.12360423
0.835164835165	70.16569363
0.840048840049	70.2036001
0.844932844933	70.22317218
0.849816849817	70.26475814
0.854700854701	70.28014832
0.859584859585	70.3212816
0.864468864469	70.36093209
0.869352869353	70.37946667
0.874236874237	70.42082865
0.879120879121	70.4366111
0.884004884005	70.47761398
0.888888888889	70.51807918
0.893772893773	70.53423596
0.898656898657	70.57522398
0.903540903541	70.59089061
0.908424908425	70.63145407
0.913308913309	70.67300758
0.918192918193	70.68786042
0.923076923077	70.72872314
0.927960927961	70.7658488
0.932844932845	70.784722
0.937728937729	70.82501709
0.942612942613	70.83978333
0.947496947497	70.88067822
0.952380952381	70.91900116
0.957264957265	70.93709592
0.962148962149	70.97766775
0.967032967033	70.99347267
0.971916971917	71.03473579
0.976800976801	71.07396479
0.981684981685	71.0899465
0.986568986569	71.13110444
0.991452991453	71.14705403
0.996336996337	71.18743434
1.00122100122	71.22865627
1.00610500611	71.2434705
1.01098901099	71.28461215
1.01587301587	71.32092904
1.02075702076	71.34100353
1.02564102564	71.38197861
1.03052503053	71.39779548
1.03540903541	71.43851263
1.04029304029	71.47720226
1.04517704518	71.49466607
1.05006105006	71.53570421
1.05494505495	71.55141769
1.05982905983	71.59160391
1.06471306471	71.63192776
1.0695970696	71.64798319
1.07448107448	71.68904814
1.07936507937	71.70380374
1.08424908425	71.74498377
1.08913308913	71.78484224
1.09401709402	71.80030214
1.0989010989	71.8396376
1.10378510379	71.87726722
1.10866910867	71.8967079
1.11355311355	71.93681771
1.11843711844	71.95250592
1.12332112332	71.99280036
1.12820512821	72.03126412
1.13308913309	72.04836686
1.13797313797	72.08892662
1.14285714286	72.1036584
1.14774114774	72.14467579
1.15262515263	72.18391847
1.15750915751	72.19967613
1.16239316239	72.24035708
1.16727716728	72.25498731
1.17216117216	72.29530365
1.17704517705	72.33583188
1.18192918193	72.35100673
1.18681318681	72.3918228
1.1916971917	72.42912732
1.19658119658	72.44748091
1.20146520147	72.48850275
1.20634920635	72.50330689
1.21123321123	72.54314947
1.21611721612	72.58179481
1.221001221	72.59914077
1.22588522589	72.63939652
1.23076923077	72.654985
1.23565323565	72.69490761
1.24053724054	72.73543951
1.24542124542	72.7506024
1.25030525031	72.79094314
1.25518925519	72.80652963
1.26007326007	72.84773906
1.26495726496	72.8897064
1.26984126984	72.90463703
1.27472527473	72.94608719
1.27960927961	72.98386807
1.28449328449	73.00248215
1.28937728938	73.04285207
1.29426129426	73.05824894
1.29914529915	73.09901005
1.30402930403	73.1385654
1.30891330891	73.15538674
1.3137973138	73.19609862
1.31868131868	73.21193623
1.32356532357	73.25226411
1.32844932845	73.29257614
1.33333333333	73.30832289
1.33821733822	73.35025283
1.3431013431	73.36614021
1.34798534799	73.40701615
1.35286935287	73.44834519
1.35775335775	73.46350508
1.36263736264	73.50411891
1.36752136752	73.54201389
1.37240537241	73.55967171
1.37728937729	73.60103274
1.38217338217	73.61630439
1.38705738706	73.6573679
1.39194139194	73.69666095
1.39682539683	73.71362544
1.40170940171	73.75440334
1.40659340659	73.76950761
1.41147741148	73.80964592
1.41636141636	73.85119086
1.42124542125	73.8668846
1.42612942613	73.90884449
1.43101343101	73.94516931
1.4358974359	73.96545099
1.44078144078	74.00661434
1.44566544567	74.02226005
1.45054945055	74.06356763
1.45543345543	74.10201318
1.46031746032	74.12090612
1.4652014652	74.16184381
1.47008547009	74.17769477
1.47496947497	74.21876055
1.47985347985	74.2585242
1.48473748474	74.27534953
1.48962148962	74.31734033
1.49450549451	74.3333235
1.49938949939	74.37569738
1.50427350427	74.4175863
1.50915750916	74.4332763
1.51404151404	74.47529841
1.51892551893	74.51239074
1.52380952381	74.53259381
1.52869352869	74.57448146
1.53357753358	74.58986883
1.53846153846	74.63254151
1.54334554335	74.67085304
1.54822954823	74.68993894
1.55311355311	74.73257027
1.557997558	74.74770814
1.56288156288	74.78976066
1.56776556777	74.82778436
1.57264957265	74.8462636
1.57753357753	74.88909952
1.58241758242	74.9054912
1.5873015873	74.94860061
1.59218559219	74.99078825
1.59706959707	75.00755006
1.60195360195	75.04982947
1.60683760684	75.06611062
1.61172161172	75.1089894
1.61660561661	75.15249502
1.62148962149	75.16933169
1.62637362637	75.2120239
1.63125763126	75.25218994
1.63614163614	75.27192476
1.64102564103	75.3151199
1.64590964591	75.33190054
1.65079365079	75.37677534
1.65567765568	75.41899388
1.66056166056	75.43783065
1.66544566545	75.48236214
1.67032967033	75.4984978
1.67521367521	75.54316741
1.6800976801	75.58600617
1.68498168498	75.60314114
1.68986568987	75.64705099
1.69474969475	75.66405004
1.69963369963	75.70799629
1.70451770452	75.75163861
1.7094017094	75.7681644
1.71428571429	75.81214376
1.71916971917	75.8524355
1.72405372405	75.8717789
1.72893772894	75.91685497
1.73382173382	75.93306493
1.73870573871	75.97800417
1.74358974359	76.0200393
1.74847374847	76.03917112
1.75335775336	76.0829988
1.75824175824	76.10011368
1.76312576313	76.14363649
1.76800976801	76.18830578
1.77289377289	76.20509967
1.77777777778	76.24951159
1.78266178266	76.26633761
1.78754578755	76.31057178
1.79242979243	76.35450124
1.79731379731	76.37040227
1.8021978022	76.41540905
1.80708180708	76.45749063
1.81196581197	76.47713459
1.81684981685	76.52185696
1.82173382173	76.5378968
1.82661782662	76.58249136
1.8315018315	76.62460163
1.83638583639	76.64234092
1.84126984127	76.68512643
1.84615384615	76.70206284
1.85103785104	76.745623
1.85592185592	76.78909181
1.86080586081	76.80517195
1.86568986569	76.8492199
1.87057387057	76.88773825
1.87545787546	76.90771353
1.88034188034	76.94841328
1.88522588523	76.96535166
1.89010989011	77.00896061
1.89499389499	77.05010831
1.89987789988	77.06830276
1.90476190476	77.11206728
1.90964590965	77.12806686
1.91452991453	77.17104041
1.91941391941	77.21273702
1.9242979243	77.22979825
1.92918192918	77.27293868
1.93406593407	77.28956915
1.93894993895	77.33146214
1.94383394383	77.37409284
1.94871794872	77.38987634
1.9536019536	77.43194291
1.95848595849	77.47102906
1.96336996337	77.49117083
1.96825396825	77.53357386
1.97313797314	77.54971025
1.97802197802	77.59226179
1.98290598291	77.63174068
1.98778998779	77.64937758
1.99267399267	77.6911148
1.99755799756	77.70654208
2.00244200244	77.74846979
2.00732600733	77.7897288
2.01221001221	77.80614074
2.01709401709	77.8472074
2.02197802198	77.86312864
2.02686202686	77.90486408
2.03174603175	77.94518651
2.03663003663	77.96043486
2.04151404151	78.00152581
2.0463980464	78.03972853
2.05128205128	78.05872124
2.05616605617	78.09973721
2.06105006105	78.11532621
2.06593406593	78.15656748
2.07081807082	78.19542112
2.0757020757	78.2126417
2.08058608059	78.25351927
2.08547008547	78.2690639
2.09035409035	78.30946829
2.09523809524	78.34986565
2.10012210012	78.36594266
2.10500610501	78.40579898
2.10989010989	78.42126167
2.11477411477	78.46167201
2.11965811966	78.50355835
2.12454212454	78.51829377
2.12942612943	78.55884036
2.13431013431	78.59585069
2.13919413919	78.61426268
2.14407814408	78.65478993
2.14896214896	78.66941266
2.15384615385	78.7086609
2.15873015873	78.74746639
2.16361416361	78.76448884
2.1684981685	78.80377087
2.17338217338	78.81900763
2.17826617827	78.8583587
2.18315018315	78.89741211
2.18803418803	78.91248709
2.19291819292	78.95055833
2.1978021978	78.96562088
2.20268620269	79.00543277
2.20757020757	79.04563681
2.21245421245	79.06001783
2.21733821734	79.10010595
2.22222222222	79.13607365
2.22710622711	79.15340057
2.23199023199	79.1926396
2.23687423687	79.20793676
2.24175824176	79.24708431
2.24664224664	79.28499376
2.25152625153	79.30096003
2.25641025641	79.34069212
2.26129426129	79.35476655
2.26617826618	79.39411757
2.27106227106	79.43350524
2.27594627595	79.44844505
2.28083028083	79.48751638
2.28571428571	79.52243536
2.2905982906	79.54085931
2.29548229548	79.57974528
2.30036630037	79.59471754
2.30525030525	79.63254859
2.31013431013	79.66834857
2.31501831502	79.68555868
2.3199023199	79.72469114
2.32478632479	79.73860001
2.32967032967	79.77732095
2.33455433455	79.81423959
2.33943833944	79.82963124
2.34432234432	79.86731934
2.34920634921	79.88156226
2.35409035409	79.91915126
2.35897435897	79.95789947
2.36385836386	79.97278648
2.36874236874	80.0105689
2.37362637363	80.04551294
2.37851037851	80.06338598
2.38339438339	80.10131901
2.38827838828	80.11545447
2.39316239316	80.1538341
2.39804639805	80.18964855
2.40293040293	80.20632794
2.40781440781	80.24396079
2.4126984127	80.25848886
2.41758241758	80.29601825
2.42246642247	80.33280076
2.42735042735	80.34808469
2.43223443223	80.38689721
2.43711843712	80.40159376
2.442002442	80.43906419
2.44688644689	80.47722733
2.45177045177	80.49111853
2.45665445665	80.52899351
2.46153846154	80.56252894
2.46642246642	80.57986937
2.47130647131	80.61729818
2.47619047619	80.63184962
2.48107448107	80.66874849
2.48595848596	80.7040277
2.49084249084	80.71994183
2.49572649573	80.75713163
2.50061050061	80.77140725
2.50549450549	80.80648546
2.51037851038	80.84343101
2.51526251526	80.85825267
2.52014652015	80.89600282
2.52503052503	80.90995098
2.52991452991	80.94754198
2.5347985348	80.98466869
2.53968253968	80.99872991
2.54456654457	81.03590915
2.54945054945	81.06982405
2.55433455433	81.08691394
2.55921855922	81.12386782
2.5641025641	81.13809404
2.56898656899	81.17473723
2.57387057387	81.20963694
2.57875457875	81.22511718
2.58363858364	81.26233288
2.58852258852	81.27641383
2.59340659341	81.31395587
2.59829059829	81.35043888
2.60317460317	81.36486174
2.60805860806	81.40220026
2.61294261294	81.41553234
2.61782661783	81.45182934
2.62271062271	81.48783802
2.62759462759	81.50210669
2.63247863248	81.53856569
2.63736263736	81.57213187
2.64224664225	81.58860303
2.64713064713	81.62516759
2.65201465201	81.63863563
2.6568986569	81.67458561
2.66178266178	81.70816223
2.66666666667	81.72390826
2.67155067155	81.76126428
2.67643467643	81.77460337
2.68131868132	81.81139571
2.6862026862	81.84725165
2.69108669109	81.8613319
2.69597069597	81.89713809
2.70085470085	81.91090077
2.70573870574	81.94695478
2.71062271062	81.98322636
2.71550671551	81.99724065
2.72039072039	82.03279174
2.72527472527	82.06613924
2.73015873016	82.08246796
2.73504273504	82.11839316
2.73992673993	82.13180038
2.74481074481	82.16896308
2.74969474969	82.20307662
2.75457875458	82.21838688
2.75946275946	82.25393815
2.76434676435	82.26791144
2.76923076923	82.30404989
2.77411477411	82.33878755
2.778998779	82.35212941
2.78388278388	82.38810754
2.78876678877	82.40202865
2.79365079365	82.43723601
2.79853479853	82.47301734
2.80341880342	82.4860671
2.8083028083	82.52175346
2.81318681319	82.55393954
2.81807081807	82.56929096
2.82295482295	82.60464762
2.82783882784	82.61848341
2.83272283272	82.65392514
2.83760683761	82.6884556
2.84249084249	82.70319464
2.84737484737	82.7387981
2.85225885226	82.75205113
2.85714285714	82.78739102
2.86202686203	82.82319904
2.86691086691	82.83663694
2.87179487179	82.87182285
2.87667887668	82.90368774
2.88156288156	82.9205727
2.88644688645	82.95583624
2.89133089133	82.96885102
2.89621489621	83.00449745
2.9010989011	83.03855437
2.90598290598	83.05420768
2.91086691087	83.08982455
2.91575091575	83.10291685
2.92063492063	83.13847818
2.92551892552	83.17263344
2.9304029304	83.18690191
2.93528693529	83.22203969
2.94017094017	83.23501885
2.94505494505	83.27025444
2.94993894994	83.30527461
2.95482295482	83.31881727
2.95970695971	83.3534342
2.96459096459	83.3849553
2.96947496947	83.40120092
2.97435897436	83.43564311
2.97924297924	83.44846229
2.98412698413	83.48451514
2.98901098901	83.5172415
2.99389499389	83.53268293
2.99877899878	83.56762299
3.00366300366	83.58105137
3.00854700855	83.61555924
3.01343101343	83.64945191
3.01831501832	83.66344367
3.0231990232	83.69864122
3.02808302808	83.7120033
3.03296703297	83.74648636
3.03785103785	83.78197256
3.04273504274	83.79433085
3.04761904762	83.82926817
3.0525030525	83.86111481
3.05738705739	83.87782789
3.06227106227	83.91277143
3.06715506716	83.92606283
3.07203907204	83.96051
3.07692307692	83.99365766
3.08180708181	84.00826948
3.08669108669	84.04273945
3.09157509158	84.0559395
3.09645909646	84.09028425
3.10134310134	84.12447428
3.10622710623	84.13805341
3.11111111111	84.17273252
3.115995116	84.1852714
3.12087912088	84.21959743
3.12576312576	84.2536687
3.13064713065	84.265945
3.13553113553	84.2998304
3.14041514042	84.33192706
3.1452991453	84.34788372
3.15018315018	84.38248726
3.15506715507	84.39545361
3.15995115995	84.43018981
3.16483516484	84.46299608
3.16971916972	84.47742209
3.1746031746	84.51262009
3.17948717949	84.52524672
3.18437118437	84.56012537
3.18925518926	84.59350786
3.19413919414	84.60721619
3.19902319902	84.6412079
3.20390720391	84.65410193
3.20879120879	84.68854562
3.21367521368	84.72373943
3.21855921856	84.73664537
3.22344322344	84.77118063
3.22832722833	84.80264234
3.23321123321	84.81853255
3.2380952381	84.85310751
3.24297924298	84.86552617
3.24786324786	84.89992424
3.25274725275	84.93244434
3.25763125763	84.946976
3.26251526252	84.98082348
3.2673992674	84.99386537
3.27228327228	85.02754328
3.27716727717	85.06142655
3.28205128205	85.07408482
3.28693528694	85.10752384
3.29181929182	85.12076587
3.2967032967	85.15487452
3.30158730159	85.1896543
3.30647130647	85.20217516
3.31135531136	85.23681631
3.31623931624	85.26780783
3.32112332112	85.28331505
3.32600732601	85.31673185
3.33089133089	85.32995704
3.33577533578	85.36383527
3.34065934066	85.39666138
3.34554334554	85.4111057
3.35042735043	85.44470405
3.35531135531	85.45780703
3.3601953602	85.49106176
3.36507936508	85.52543113
3.36996336996	85.53853535
3.37484737485	85.57294753
3.37973137973	85.58621757
3.38461538462	85.61961267
3.3894993895	85.65412164
3.39438339438	85.66644831
3.39926739927	85.70039533
3.40415140415	85.73089197
3.40903540904	85.74653899
3.41391941392	85.78026172
3.4188034188	85.79308444
3.42368742369	85.82702579
3.42857142857	85.85894395
3.43345543346	85.87311961
3.43833943834	85.9060795
3.44322344322	85.9185062
3.44810744811	85.95145032
3.45299145299	85.98549055
3.45787545788	85.9983262
3.46275946276	86.03252368
3.46764346764	86.06247176
3.47252747253	86.07903965
3.47741147741	86.11207176
3.4822954823	86.12474418
3.48717948718	86.15847776
3.49206349206	86.18993851
3.49694749695	86.20480508
3.50183150183	86.23828112
3.50671550672	86.25128238
3.5115995116	86.28459085
3.51648351648	86.31668793
3.52136752137	86.33083902
3.52625152625	86.36482229
3.53113553114	86.37781013
3.53601953602	86.41117482
3.5409035409	86.44457869
3.54578754579	86.45773961
3.55067155067	86.49093403
3.55555555556	86.5210717
3.56043956044	86.53664958
3.56532356532	86.57068522
3.57020757021	86.58281277
3.57509157509	86.61654552
3.57997557998	86.64748704
3.58485958486	86.66226857
3.58974358974	86.69584437
3.59462759463	86.7078706
3.59951159951	86.74040557
3.6043956044	86.77308386
3.60927960928	86.78661062
3.61416361416	86.8199152
3.61904761905	86.83270865
3.62393162393	86.86606679
3.62881562882	86.89980116
3.6336996337	86.91190068
3.63858363858	86.94542752
3.64346764347	86.97556077
3.64835164835	86.99112938
3.65323565324	87.02432096
3.65811965812	87.03687569
3.663003663	87.0705243
3.66788766789	87.10123056
3.67277167277	87.11545154
3.67765567766	87.14934863
3.68253968254	87.16197849
3.68742368742	87.19630348
3.69230769231	87.22852337
3.69719169719	87.24182987
3.70207570208	87.27551995
3.70695970696	87.28751114
3.71184371184	87.32035573
3.71672771673	87.35347979
3.72161172161	87.36596609
3.7264957265	87.39979829
3.73137973138	87.43002452
3.73626373626	87.4451819
3.74114774115	87.4780116
3.74603174603	87.49065735
3.75091575092	87.52328219
3.7557997558	87.55540608
3.76068376068	87.56950622
3.76556776557	87.60350646
3.77045177045	87.6160607
3.77533577534	87.64981635
3.78021978022	87.68348542
3.7851037851	87.69610868
3.78998778999	87.72938213
3.79487179487	87.75869133
3.79975579976	87.77519604
3.80463980464	87.80914521
3.80952380952	87.82145269
3.81440781441	87.85484981
3.81929181929	87.88551814
3.82417582418	87.90038024
3.82905982906	87.93303161
3.83394383394	87.94616705
3.83882783883	87.97977682
3.84371184371	88.01215444
3.8485958486	88.02584312
3.85347985348	88.05908756
3.85836385836	88.07188343
3.86324786325	88.10494413
3.86813186813	88.13772574
3.87301587302	88.15008803
3.8778998779	88.18335522
3.88278388278	88.21307272
3.88766788767	88.22921089
3.89255189255	88.26251015
3.89743589744	88.27458622
3.90231990232	88.30746124
3.9072039072	88.3377656
3.91208791209	88.35223542
3.91697191697	88.38542094
3.92185592186	88.39811983
3.92673992674	88.43190913
3.93162393162	88.46320633
3.93650793651	88.4774953
3.94139194139	88.51037451
3.94627594628	88.52291667
3.95115995116	88.55542107
3.95604395604	88.58879667
3.96092796093	88.60125869
3.96581196581	88.63437261
3.9706959707	88.64705013
3.97557997558	88.67987483
3.98046398046	88.71292457
3.98534798535	88.7248625
3.99023199023	88.75843407
3.99511599512	88.78942773
4.0	88.80444426
4.00488400488	88.83729001
4.00976800977	88.84992208
4.01465201465	88.88281159
4.01953601954	88.91438877
4.02442002442	88.92849984
4.0293040293	88.96060554
4.03418803419	88.97283356
4.03907203907	89.0062154
4.04395604396	89.03909779
4.04884004884	89.05152582
4.05372405372	89.08472069
4.05860805861	89.11348276
4.06349206349	89.12920392
4.06837606838	89.1606093
4.07326007326	89.173521
4.07814407814	89.20707457
4.08302808303	89.23771702
4.08791208791	89.25284459
4.0927960928	89.28653769
4.09768009768	89.29848448
4.10256410256	89.33173933
4.10744810745	89.36249999
4.11233211233	89.37697445
4.11721611722	89.40991142
4.1221001221	89.42254143
4.12698412698	89.45507936
4.13186813187	89.48796813
4.13675213675	89.50027434
4.14163614164	89.53304592
4.14652014652	89.56284829
4.1514041514	89.57931206
4.15628815629	89.61239445
4.16117216117	89.62501567
4.16605616606	89.65767131
4.17094017094	89.68870603
4.17582417582	89.7036416
4.18070818071	89.7360009
4.18559218559	89.74851137
4.19047619048	89.78105213
4.19536019536	89.8131975
4.20024420024	89.826471
4.20512820513	89.85956837
4.21001221001	89.87151629
4.2148962149	89.90420779
4.21978021978	89.93662532
4.22466422466	89.94862432
4.22954822955	89.98117442
4.23443223443	90.01107905
4.23931623932	90.02683045
4.2442002442	90.05963676
4.24908424908	90.07206146
4.25396825397	90.10507599
4.25885225885	90.13571651
4.26373626374	90.15000826
4.26862026862	90.1835401
4.2735042735	90.19548473
4.27838827839	90.22868818
4.28327228327	90.2599644
4.28815628816	90.27338821
4.29304029304	90.30582502
4.29792429792	90.3182123
4.30280830281	90.35108752
4.30769230769	90.38458851
4.31257631258	90.39686792
4.31746031746	90.42987832
4.32234432234	90.45947702
4.32722832723	90.47507254
4.33211233211	90.50771794
4.336996337	90.5199708
4.34188034188	90.55240271
4.34676434676	90.58348301
4.35164835165	90.59778972
4.35653235653	90.63036226
4.36141636142	90.64257252
4.3663003663	90.67534944
4.37118437118	90.70669097
4.37606837607	90.71967503
4.38095238095	90.75135558
4.38583638584	90.7632636
4.39072039072	90.79687864
4.3956043956	90.82960884
4.40048840049	90.84194816
4.40537240537	90.87549796
4.41025641026	90.90442154
4.41514041514	90.92059527
4.42002442002	90.95250982
4.42490842491	90.96534502
4.42979242979	90.99781571
4.43467643468	91.02872608
4.43956043956	91.04296928
4.44444444444	91.07617824
4.44932844933	91.08797006
4.45421245421	91.12075816
4.4590964591	91.1528138
4.46398046398	91.16643872
4.46886446886	91.19913106
4.47374847375	91.21167085
4.47863247863	91.24432018
4.48351648352	91.27709724
4.4884004884	91.28929639
4.49328449328	91.32179548
4.49816849817	91.35121655
4.50305250305	91.36685061
4.50793650794	91.40002471
4.51282051282	91.41190855
4.5177045177	91.44420935
4.52258852259	91.47506206
4.52747252747	91.48919084
4.53235653236	91.52181842
4.53724053724	91.53334004
4.54212454212	91.56595975
4.54700854701	91.59780811
4.55189255189	91.6112202
4.55677655678	91.64352589
4.56166056166	91.65629133
4.56654456654	91.68872481
4.57142857143	91.72139885
4.57631257631	91.73371716
4.5811965812	91.76616814
4.58608058608	91.79591568
4.59096459096	91.81128672
4.59584859585	91.84399828
4.60073260073	91.85583956
4.60561660562	91.88881375
4.6105006105	91.91873982
4.61538461538	91.93358318
4.62026862027	91.96654847
4.62515262515	91.97906965
4.63003663004	92.01230337
4.63492063492	92.04352263
4.6398046398	92.05718128
4.64468864469	92.08957028
4.64957264957	92.10175092
4.65445665446	92.13435615
4.65934065934	92.16684394
4.66422466422	92.1793931
4.66910866911	92.211551
4.67399267399	92.2407848
4.67887667888	92.25631812
4.68376068376	92.28903282
4.68864468864	92.30074152
4.69352869353	92.33241633
4.69841269841	92.36319021
4.7032967033	92.37786931
4.70818070818	92.41108825
4.71306471306	92.42288933
4.71794871795	92.45620806
4.72283272283	92.48790127
4.72771672772	92.50107232
4.7326007326	92.53330848
4.73748473748	92.54595403
4.74236874237	92.57875488
4.74725274725	92.61195709
4.75213675214	92.62389498
4.75702075702	92.65679351
4.7619047619	92.68628847
4.76678876679	92.70178526
4.77167277167	92.73539421
4.77655677656	92.74772615
4.78144078144	92.78080094
4.78632478632	92.811548
4.79120879121	92.8261224
4.79609279609	92.85883758
4.80097680098	92.87122458
4.80586080586	92.90424325
4.81074481074	92.93545473
4.81562881563	92.94893242
4.82051282051	92.98157055
4.8253968254	92.9941502
4.83028083028	93.02646138
4.83516483516	93.05950304
4.84004884005	93.07135659
4.84493284493	93.10410363
4.84981684982	93.13236474
4.8547008547	93.14783246
4.85958485958	93.18134385
4.86446886447	93.1932021
4.86935286935	93.22637113
4.87423687424	93.25715277
4.87912087912	93.27138195
4.884004884	93.30342869
4.88888888889	93.31559684
4.89377289377	93.34845982
4.89865689866	93.3806654
4.90354090354	93.39343003
4.90842490842	93.42588989
4.91330891331	93.43819422
4.91819291819	93.47115029
4.92307692308	93.5036416
4.92796092796	93.5161728
4.93284493284	93.55002365
4.93772893773	93.57957268
4.94261294261	93.59526466
4.9474969475	93.62766416
4.95238095238	93.64009419
4.95726495726	93.67279512
4.96214896215	93.70385262
4.96703296703	93.71806689
4.97191697192	93.7506585
4.9768009768	93.76303364
4.98168498168	93.7957999
4.98656898657	93.82810788
4.99145299145	93.84112601
4.99633699634	93.87418079
5.00122100122	93.88609726
5.0061050061	93.91940213
5.01098901099	93.95369762
5.01587301587	93.96621078
5.02075702076	93.99977038
5.02564102564	94.03010382
5.03052503053	94.04572385
5.03540903541	94.07892423
5.04029304029	94.09118118
5.04517704518	94.12426847
5.05006105006	94.15621359
5.05494505495	94.17027212
5.05982905983	94.20341834
5.06471306471	94.2156895
5.0695970696	94.24892159
5.07448107448	94.28145233
5.07936507937	94.29426679
5.08424908425	94.32728105
5.08913308913	94.3404939
5.09401709402	94.37429981
5.0989010989	94.40728571
5.10378510379	94.4199877
5.10866910867	94.45317821
5.11355311355	94.48360505
5.11843711844	94.4991167
5.12332112332	94.53134867
5.12820512821	94.54433821
5.13308913309	94.57745758
5.13797313797	94.60918965
5.14285714286	94.62298085
5.14774114774	94.65632932
5.15262515263	94.66860315
5.15750915751	94.70100667
5.16239316239	94.73279184
5.16727716728	94.74584729
5.17216117216	94.78012081
5.17704517705	94.80985344
5.18192918193	94.82613763
5.18681318681	94.85920521
5.1916971917	94.87159281
5.19658119658	94.90452226
5.20146520147	94.93553135
5.20634920635	94.9504967
5.21123321123	94.98440089
5.21611721612	94.99660411
5.221001221	95.03010008
5.22588522589	95.06227011
5.23076923077	95.07524319
5.23565323565	95.10837698
5.24053724054	95.1207972
5.24542124542	95.15522379
5.25030525031	95.18924828
5.25518925519	95.20157785
5.26007326007	95.23530712
5.26495726496	95.26559459
5.26984126984	95.28129077
5.27472527473	95.31425331
5.27960927961	95.32675745
5.28449328449	95.36006209
5.28937728938	95.39171977
5.29426129426	95.40608609
5.29914529915	95.43938687
5.30402930403	95.45177284
5.30891330891	95.48518019
5.3137973138	95.51746215
5.31868131868	95.53007985
5.32356532357	95.56404326
5.32844932845	95.5765831
5.33333333333	95.61058929
5.33821733822	95.64368792
5.3431013431	95.65704998
5.34798534799	95.69017228
5.35286935287	95.72108751
5.35775335775	95.73627113
5.36263736264	95.77013446
5.36752136752	95.78294778
5.37240537241	95.81666842
5.37728937729	95.84838647
5.38217338217	95.86314663
5.38705738706	95.89627289
5.39194139194	95.90899193
5.39682539683	95.94268732
5.40170940171	95.97695794
5.40659340659	95.98979967
5.41147741148	96.02384726
5.41636141636	96.05390596
5.42124542125	96.07050987
5.42612942613	96.10454262
5.43101343101	96.11685402
5.4358974359	96.15027555
5.44078144078	96.18206149
5.44566544567	96.1975172
5.45054945055	96.23160087
5.45543345543	96.24383408
5.46031746032	96.27811468
5.4652014652	96.30971291
5.47008547009	96.3238816
5.47496947497	96.35648498
5.47985347985	96.36959103
5.48473748474	96.40360832
5.48962148962	96.43800247
5.49450549451	96.45060013
5.49938949939	96.48518755
5.50427350427	96.49813166
5.50915750916	96.53173659
5.51404151404	96.56593406
5.51892551893	96.57860515
5.52380952381	96.61282194
5.52869352869	96.64436884
5.53357753358	96.65986371
5.53846153846	96.69395407
5.54334554335	96.70676538
5.54822954823	96.74077351
5.55311355311	96.77368047
5.557997558	96.78842575
5.56288156288	96.82272059
5.56776556777	96.83584157
5.57264957265	96.86979085
5.57753357753	96.90394146
5.58241758242	96.91681171
5.5873015873	96.95089862
5.59218559219	96.98099837
5.59706959707	96.99793126
5.60195360195	97.03243404
5.60683760684	97.04504206
5.61172161172	97.07932876
5.61660561661	97.11078692
5.62148962149	97.12580222
5.62637362637	97.15963076
5.63125763126	97.17168624
5.63614163614	97.20550366
5.64102564103	97.23911381
5.64590964591	97.25322843
5.65079365079	97.28831938
5.65567765568	97.3008142
5.66056166056	97.33580517
5.66544566545	97.36960363
5.67032967033	97.38277499
5.67521367521	97.41720222
5.6800976801	97.44842509
5.68498168498	97.4645963
5.68986568987	97.49939557
5.69474969475	97.51198838
5.69963369963	97.546749
5.70451770452	97.5784459
5.7094017094	97.59393501
5.71428571429	97.62902558
5.71916971917	97.64229772
5.72405372405	97.67734059
5.72893772894	97.71068815
5.73382173382	97.72433856
5.73870573871	97.75891193
5.74358974359	97.77235286
5.74847374847	97.80603552
5.75335775336	97.84141579
5.75824175824	97.85389696
5.76312576313	97.88853595
5.76800976801	97.91974417
5.77289377289	97.93604066
5.77777777778	97.97033114
5.78266178266	97.98338751
5.78754578755	98.01684097
5.79242979243	98.05021506
5.79731379731	98.06495992
5.8021978022	98.10002987
5.80708180708	98.1129645
5.81196581197	98.1481271
5.81684981685	98.18228362
5.82173382173	98.19598145
5.82661782662	98.23052538
5.8315018315	98.24412668
5.83638583639	98.27890658
5.84126984127	98.31379195
5.84615384615	98.32723324
5.85103785104	98.36182347
5.85592185592	98.39310002
5.86080586081	98.40937197
5.86568986569	98.44535762
5.87057387057	98.45843715
5.87545787546	98.49387436
5.88034188034	98.5264195
5.88522588523	98.54129126
5.89010989011	98.57658787
5.89499389499	98.58999319
5.89987789988	98.62424171
5.90476190476	98.6585469
5.90964590965	98.67253421
5.91452991453	98.70755051
5.91941391941	98.7208073
5.9242979243	98.75553238
5.92918192918	98.79123978
5.93406593407	98.80380548
5.93894993895	98.83872924
5.94383394383	98.8686485
5.94871794872	98.88562907
5.9536019536	98.92144602
5.95848595849	98.93442176
5.96336996337	98.96930704
5.96825396825	99.00291742
5.97313797314	99.01846206
5.97802197802	99.05297159
5.98290598291	99.06648885
5.98778998779	99.10134097
5.99267399267	99.13589512
5.99755799756	99.14984792
6.00244200244	99.18502535
6.00732600733	99.19815758
6.01221001221	99.23322097
6.01709401709	99.26858515
6.02197802198	99.28165925
6.02686202686	99.31768982
6.03174603175	99.34988173
6.03663003663	99.36656899
6.04151404151	99.402005
6.0463980464	99.41498992
6.05128205128	99.45062843
6.05616605617	99.48322797
6.06105006105	99.49862635
6.06593406593	99.5336234
6.07081807082	99.5469001
6.0757020757	99.58269058
6.08058608059	99.61610699
6.08547008547	99.63098596
6.09035409035	99.66571046
6.09523809524	99.67892903
6.10012210012	99.71340431
6.10500610501	99.74885027
6.10989010989	99.76250432
6.11477411477	99.79752547
6.11965811966	99.82956992
6.12454212454	99.84649992
6.12942612943	99.88176592
6.13431013431	99.89475257
6.13919413919	99.92995751
6.14407814408	99.96361379
6.14896214896	99.97926108
6.15384615385	100.0147501
6.15873015873	100.0277898
6.16361416361	100.0634211
6.1684981685	100.0973863
6.17338217338	100.1112657
6.17826617827	100.1472224
6.18315018315	100.1607203
6.18803418803	100.1966085
6.19291819292	100.2327293
6.1978021978	100.2455534
6.20268620269	100.2815726
6.20757020757	100.3130226
6.21245421245	100.3297602
6.21733821734	100.3653745
6.22222222222	100.378537
6.22710622711	100.4143851
6.23199023199	100.4472878
6.23687423687	100.4629495
6.24175824176	100.4980501
6.24664224664	100.5115987
6.25152625153	100.5463165
6.25641025641	100.581305
6.26129426129	100.5955625
6.26617826618	100.6324928
6.27106227106	100.6454641
6.27594627595	100.6816003
6.28083028083	100.7174562
6.28571428571	100.7310146
6.2905982906	100.7661929
6.29548229548	100.7985842
6.30036630037	100.815687
6.30525030525	100.8514457
6.31013431013	100.865309
6.31501831502	100.9003304
6.3199023199	100.934531
6.32478632479	100.9494054
6.32967032967	100.9849263
6.33455433455	100.998423
6.33943833944	101.0351909
6.34432234432	101.0707777
6.34920634921	101.0848677
6.35409035409	101.1208656
6.35897435897	101.1340075
6.36385836386	101.1702422
6.36874236874	101.2053328
6.37362637363	101.2189956
6.37851037851	101.2544347
6.38339438339	101.2873073
6.38827838828	101.3043779
6.39316239316	101.339188
6.39804639805	101.3524803
6.40293040293	101.3883478
6.40781440781	101.4220194
6.4126984127	101.4366314
6.41758241758	101.472413
6.42246642247	101.4859613
6.42735042735	101.5226903
6.43223443223	101.5576134
6.43711843712	101.571903
6.442002442	101.6074198
6.44688644689	101.6211039
6.45177045177	101.6562412
6.45665445665	101.6929554
6.46153846154	101.7059892
6.46642246642	101.7422192
6.47130647131	101.7747909
6.47619047619	101.7913722
6.48107448107	101.8266355
6.48595848596	101.8402734
6.49084249084	101.8760014
6.49572649573	101.911592
6.50061050061	101.9263742
6.50549450549	101.9623723
6.51037851038	101.9761847
6.51526251526	102.0117735
6.52014652015	102.0474673
6.52503052503	102.0609994
6.52991452991	102.0968298
6.5347985348	102.1288281
6.53968253968	102.1459358
6.54456654457	102.1817032
6.54945054945	102.1953412
6.55433455433	102.2317063
6.55921855922	102.2641882
6.5641025641	102.2802487
6.56898656899	102.3143712
6.57387057387	102.3284626
6.57875457875	102.3644975
6.58363858364	102.3996208
6.58852258852	102.414224
6.59340659341	102.4510621
6.59829059829	102.4641238
6.60317460317	102.5002514
6.60805860806	102.535483
6.61294261294	102.5495858
6.61782661783	102.5861711
6.62271062271	102.6180679
6.62759462759	102.6356214
6.63247863248	102.6711046
6.63736263736	102.6849637
6.64224664225	102.7201749
6.64713064713	102.7542953
6.65201465201	102.7705835
6.6568986569	102.8065965
6.66178266178	102.8204255
6.66666666667	102.8562465
6.67155067155	102.8916817
6.67643467643	102.9063658
6.68131868132	102.9417235
6.6862026862	102.9552988
6.69108669109	102.9909192
6.69597069597	103.0275762
6.70085470085	103.0406094
6.70573870574	103.0768325
6.71062271062	103.1090204
6.71550671551	103.1257417
6.72039072039	103.1616781
6.72527472527	103.1742984
6.73015873016	103.2103366
6.73504273504	103.2442156
6.73992673993	103.2601275
6.74481074481	103.2957807
6.74969474969	103.3095842
6.75457875458	103.3459289
6.75946275946	103.3806106
6.76434676435	103.394501
6.76923076923	103.4312058
6.77411477411	103.444082
6.778998779	103.4802603
6.78388278388	103.5162027
6.78876678877	103.5294489
6.79365079365	103.5654622
6.79853479853	103.5973855
6.80341880342	103.6146552
6.8083028083	103.6515778
6.81318681319	103.6648522
6.81807081807	103.7013232
6.82295482295	103.7344348
6.82783882784	103.7506157
6.83272283272	103.7859917
6.83760683761	103.7995352
6.84249084249	103.8353793
6.84737484737	103.8700596
6.85225885226	103.8847767
6.85714285714	103.9199938
6.86202686203	103.9337903
6.86691086691	103.9692157
6.87179487179	104.0049191
6.87667887668	104.0179283
6.88156288156	104.0523842
6.88644688645	104.0849983
6.89133089133	104.101451
6.89621489621	104.1375945
6.9010989011	104.1510321
6.90598290598	104.1875628
6.91086691087	104.2217439
6.91575091575	104.2368654
6.92063492063	104.272798
6.92551892552	104.2862453
6.9304029304	104.3229632
6.93528693529	104.3580247
6.94017094017	104.3721309
6.94505494505	104.4079266
6.94993894994	104.4216149
6.95482295482	104.4571812
6.95970695971	104.4935248
6.96459096459	104.5078718
6.96947496947	104.5439128
6.97435897436	104.5772624
6.97924297924	104.5936586
6.98412698413	104.6300935
6.98901098901	104.6432209
6.99389499389	104.6791241
6.99877899878	104.7131891
7.00366300366	104.7287706
7.00854700855	104.7654646
7.01343101343	104.778396
7.01831501831	104.8144849
7.0231990232	104.8500532
7.02808302808	104.8642515
7.03296703297	104.8995661
7.03785103785	104.9129828
7.04273504274	104.9490049
7.04761904762	104.9850695
7.0525030525	104.9991709
7.05738705739	105.0349667
7.06227106227	105.0683655
7.06715506716	105.0848013
7.07203907204	105.1208095
7.07692307692	105.1342589
7.08180708181	105.1710299
7.08669108669	105.2053741
7.09157509158	105.2206912
7.09645909646	105.2564997
7.10134310134	105.2702543
7.10622710623	105.3062003
7.11111111111	105.3418846
7.115995116	105.3565247
7.12087912088	105.3933126
7.12576312576	105.4074722
7.13064713065	105.4433862
7.13553113553	105.479986
7.14041514042	105.4931819
7.1452991453	105.529381
7.15018315018	105.5628566
7.15506715507	105.579217
7.15995115995	105.6155547
7.16483516484	105.629304
7.16971916972	105.6655977
7.1746031746	105.7000372
7.17948717949	105.7157433
7.18437118437	105.7518984
7.18925518926	105.7648629
7.19413919414	105.7999724
7.19902319902	105.835892
7.20390720391	105.8503979
7.20879120879	105.8870628
7.21367521368	105.9003146
7.21855921856	105.9366936
7.22344322344	105.9727253
7.22832722833	105.9865546
7.23321123321	106.022503
7.2380952381	106.0564614
7.24297924298	106.0728295
7.24786324786	106.109499
7.25274725275	106.1224315
7.25763125763	106.1595662
7.26251526252	106.1936071
7.2673992674	106.2086951
7.27228327228	106.2453482
7.27716727717	106.2596777
7.28205128205	106.2964543
7.28693528694	106.3323402
7.29181929182	106.3465282
7.2967032967	106.3825936
7.30158730159	106.3966698
7.30647130647	106.4325154
7.31135531136	106.4683563
7.31623931624	106.482044
7.32112332112	106.5185207
7.32600732601	106.5521116
7.33089133089	106.5683194
7.33577533578	106.6043921
7.34065934066	106.618198
7.34554334554	106.6538598
7.35042735043	106.6878356
7.35531135531	106.7028621
7.3601953602	106.7401034
7.36507936508	106.7532002
7.36996336996	106.7898127
7.37484737485	106.8262188
7.37973137973	106.8398945
7.38461538462	106.8758842
7.3894993895	106.9081144
7.39438339438	106.9257327
7.39926739927	106.9619131
7.40415140415	106.9760304
7.40903540904	107.0118417
7.41391941392	107.04603
7.4188034188	107.0616606
7.42368742369	107.0975928
7.42857142857	107.1119615
7.43345543346	107.1488676
7.43833943834	107.1840119
7.44322344322	107.198901
7.44810744811	107.235316
7.45299145299	107.2487636
7.45787545788	107.2853338
7.46275946276	107.3212791
7.46764346764	107.334826
7.47252747253	107.3717063
7.47741147741	107.4037087
7.4822954823	107.4214386
7.48717948718	107.4569793
7.49206349206	107.4711501
7.49694749695	107.5067678
7.50183150183	107.5402928
7.50671550672	107.5550607
7.5115995116	107.591365
7.51648351648	107.6051618
7.52136752137	107.6422706
7.52625152625	107.6773263
7.53113553114	107.6923964
7.53601953602	107.7287889
7.5409035409	107.7427033
7.54578754579	107.7784551
7.55067155067	107.8153881
7.55555555556	107.829079
7.56043956044	107.8654355
7.56532356532	107.8984626
7.57020757021	107.915556
7.57509157509	107.9515781
7.57997557998	107.9653818
7.58485958486	108.0017537
7.58974358974	108.037263
7.59462759463	108.0526119
7.59951159951	108.0894852
7.6043956044	108.1035921
7.60927960928	108.1399188
7.61416361416	108.1756422
7.61904761905	108.1898485
7.62393162393	108.2258389
7.62881562882	108.2401705
7.6336996337	108.2764043
7.63858363858	108.3131892
7.64346764347	108.3265502
7.64835164835	108.3630626
7.65323565324	108.3955664
7.65811965812	108.4124986
7.663003663	108.447745
7.66788766789	108.4618933
7.67277167277	108.4986878
7.67765567766	108.5337388
7.68253968254	108.5495155
7.68742368742	108.5860892
7.69230769231	108.5997203
7.69719169719	108.6361799
7.70207570208	108.6713336
7.70695970696	108.6858533
7.71184371184	108.7232595
7.71672771673	108.736419
7.72161172161	108.7732571
7.7264957265	108.8092072
7.73137973138	108.8230928
7.73626373626	108.8590214
7.74114774115	108.8928766
7.74603174603	108.9101408
7.75091575092	108.9471171
7.7557997558	108.9606346
7.76068376068	108.9970728
7.76556776557	109.0323171
7.77045177045	109.0476107
7.77533577534	109.0838699
7.78021978022	109.0972759
7.7851037851	109.1339988
7.78998778999	109.1698181
7.79487179487	109.1845645
7.79975579976	109.2206421
7.80463980464	109.2341969
7.80952380952	109.2703502
7.81440781441	109.306143
7.81929181929	109.3191073
7.82417582418	109.3556698
7.82905982906	109.3897656
7.83394383394	109.4065323
7.83882783883	109.4435585
7.84371184371	109.456992
7.8485958486	109.4936373
7.85347985348	109.5285368
7.85836385836	109.5439302
7.86324786325	109.5811624
7.86813186813	109.594651
7.87301587302	109.6314326
7.8778998779	109.6670132
7.88278388278	109.6816169
7.88766788767	109.717515
7.89255189255	109.7315616
7.89743589744	109.7679712
7.90231990232	109.8052908
7.9072039072	109.8191849
7.91208791209	109.8557515
7.91697191697	109.8894954
7.92185592186	109.9061312
7.92673992674	109.9428286
7.93162393162	109.9562289
7.93650793651	109.9931476
7.94139194139	110.0279875
7.94627594628	110.043601
7.95115995116	110.0797072
7.95604395604	110.093506
7.96092796093	110.1296599
7.96581196581	110.1656524
7.9706959707	110.1800335
7.97557997558	110.214723
7.98046398046	110.2292002
7.98534798535	110.2656939
7.99023199023	110.3025047
7.99511599512	110.3167766
8.0	110.3530127
8.00488400488	110.3866132
8.00976800977	110.403418
8.01465201465	110.4397617
8.01953601954	110.4531921
8.02442002442	110.489965
8.0293040293	110.5250695
8.03418803419	110.5402786
8.03907203907	110.5773345
8.04395604396	110.5904974
8.04884004884	110.6266503
8.05372405372	110.6632446
8.05860805861	110.6783148
8.06349206349	110.7145263
8.06837606838	110.728549
8.07326007326	110.7648193
8.07814407814	110.8013755
8.08302808303	110.8151048
8.08791208791	110.8513917
8.0927960928	110.8844447
8.09768009768	110.9013001
8.10256410256	110.9381284
8.10744810745	110.9516259
8.11233211233	110.9881796
8.11721611722	111.0226133
8.1221001221	111.0379092
8.12698412698	111.0735115
8.13186813187	111.0868335
8.13675213675	111.1220995
8.14163614164	111.1588168
8.14652014652	111.1730082
8.1514041514	111.210072
8.15628815629	111.2423168
8.16117216117	111.2601565
8.16605616606	111.2964099
8.17094017094	111.3099751
8.17582417582	111.3463843
8.18070818071	111.3810023
8.18559218559	111.39722
8.19047619048	111.4336574
8.19536019536	111.4472825
8.20024420024	111.4838385
8.20512820513	111.5190928
8.21001221001	111.5348849
8.2148962149	111.5715399
8.21978021978	111.5854707
8.22466422466	111.6221303
8.22954822955	111.6587856
8.23443223443	111.6724783
8.23931623932	111.7097277
8.2442002442	111.7416411
8.24908424908	111.7587819
8.25396825397	111.795597
8.25885225885	111.8097704
8.26373626374	111.8459021
8.26862026862	111.8796584
8.2735042735	111.895975
8.27838827839	111.9323638
8.28327228327	111.9459843
8.28815628816	111.9818109
8.29304029304	112.0172734
8.29792429792	112.0329044
8.30280830281	112.069157
8.30769230769	112.0830182
8.31257631258	112.1202403
8.31746031746	112.1565714
8.32234432234	112.1703675
8.32722832723	112.2064157
8.33211233211	112.2397602
8.336996337	112.2571755
8.34188034188	112.2943026
8.34676434676	112.3073338
8.35164835165	112.3440014
8.35653235653	112.3779081
8.36141636142	112.3939552
8.3663003663	112.4312028
8.37118437118	112.4452939
8.37606837607	112.4824481
8.38095238095	112.517885
8.38583638584	112.5328406
8.39072039072	112.5692295
8.3956043956	112.583209
8.40048840049	112.6193505
8.40537240537	112.6556942
8.41025641026	112.6694409
8.41514041514	112.7062718
8.42002442002	112.7390306
8.42490842491	112.7562795
8.42979242979	112.7931986
8.43467643468	112.8071736
8.43956043956	112.8429984
8.44444444444	112.8757426
8.44932844933	112.892181
8.45421245421	112.9298825
8.4590964591	112.9432015
8.46398046398	112.9801218
8.46886446886	113.0160036
8.47374847375	113.0310458
8.47863247863	113.0679303
8.48351648352	113.0810532
8.4884004884	113.1184627
8.49328449328	113.1546028
8.49816849817	113.1686367
8.50305250305	113.2049093
8.50793650794	113.2382978
8.51282051282	113.2552221
8.5177045177	113.2922568
8.52258852259	113.3058913
8.52747252747	113.3434078
8.53235653236	113.3781136
8.53724053724	113.3944871
8.54212454212	113.4313619
8.54700854701	113.444814
8.55189255189	113.4819503
8.55677655678	113.5170111
8.56166056166	113.5317184
8.56654456654	113.5683254
8.57142857143	113.5824609
8.57631257631	113.6188434
8.5811965812	113.655442
8.58608058608	113.6690275
8.59096459096	113.7056064
8.59584859585	113.7383568
8.60073260073	113.7550584
8.60561660562	113.791942
8.6105006105	113.805777
8.61538461538	113.8429403
8.62026862027	113.8771114
8.62515262515	113.8933909
8.63003663004	113.9302671
8.63492063492	113.9436617
8.6398046398	113.980757
8.64468864469	114.0157821
8.64957264957	114.030963
8.65445665446	114.0671572
8.65934065934	114.0814734
8.66422466422	114.1184361
8.66910866911	114.154058
8.67399267399	114.1683032
8.67887667888	114.2049847
8.68376068376	114.2389802
8.68864468864	114.2561584
8.69352869353	114.2930329
8.69841269841	114.3062795
8.7032967033	114.3436092
8.70818070818	114.3775817
8.71306471306	114.3940065
8.71794871795	114.430421
8.72283272283	114.4440373
8.72771672772	114.4810506
8.7326007326	114.5161814
8.73748473748	114.5310491
8.74236874237	114.5673595
8.74725274725	114.5812366
8.75213675214	114.617767
8.75702075702	114.6538518
8.7619047619	114.6686812
8.76678876679	114.7054039
8.77167277167	114.7393314
8.77655677656	114.7568855
8.78144078144	114.7939789
8.78632478632	114.8078539
8.79120879121	114.8441927
8.79609279609	114.8783847
8.80097680098	114.8943925
8.80586080586	114.9316291
8.81074481074	114.9454758
8.81562881563	114.9821406
8.82051282051	115.0176678
8.8253968254	115.0327064
8.83028083028	115.0694081
8.83516483516	115.0828776
8.84004884005	115.1208323
8.84493284493	115.1577924
8.84981684982	115.1714512
8.8547008547	115.2083644
8.85958485958	115.2415519
8.86446886447	115.2595352
8.86935286935	115.295117
8.87423687424	115.3090865
8.87912087912	115.3454475
8.884004884	115.3803059
8.88888888889	115.396396
8.89377289377	115.4329024
8.89865689866	115.4467253
8.90354090354	115.4831177
8.90842490842	115.5179334
8.91330891331	115.5327405
8.91819291819	115.5696062
8.92307692308	115.5831844
8.92796092796	115.6203962
8.93284493284	115.6573445
8.93772893773	115.6713827
8.94261294261	115.7084066
8.9474969475	115.7409237
8.95238095238	115.7587166
8.95726495726	115.795232
8.96214896215	115.8095287
8.96703296703	115.8466781
8.97191697192	115.8801923
8.9768009768	115.8969778
8.98168498168	115.9326429
8.98656898657	115.947183
8.99145299145	115.9836011
8.99633699634	116.0197728
9.00122100122	116.0348481
9.0061050061	116.0721785
9.01098901099	116.0859421
9.01587301587	116.1226225
9.02075702076	116.1593993
9.02564102564	116.1731705
9.03052503052	116.2093932
9.03540903541	116.2429628
9.04029304029	116.2600301
9.04517704518	116.2969786
9.05006105006	116.310455
9.05494505495	116.3479757
9.05982905983	116.3816978
9.06471306471	116.3978415
9.0695970696	116.4325808
9.07448107448	116.4470612
9.07936507937	116.483974
9.08424908425	116.5207234
9.08913308913	116.5357226
9.09401709402	116.5725819
9.0989010989	116.5870244
9.10378510379	116.6240606
9.10866910867	116.6603133
9.11355311355	116.6747931
9.11843711844	116.7119769
9.12332112332	116.7449341
9.12820512821	116.7626613
9.13308913309	116.8003889
9.13797313797	116.8137475
9.14285714286	116.8505697
9.14774114774	116.8857422
9.15262515263	116.9026378
9.15750915751	116.9406111
9.16239316239	116.9539998
9.16727716728	116.9916088
9.17216117216	117.0277217
9.17704517705	117.0429194
9.18192918193	117.0792055
9.18681318681	117.0937014
9.1916971917	117.1302456
9.19658119658	117.1680707
9.20146520147	117.1812669
9.20634920635	117.2185497
9.21123321123	117.2524634
9.21611721612	117.2700197
9.221001221	117.3068085
9.22588522589	117.3200504
9.23076923077	117.3578325
9.23565323565	117.3927706
9.24053724054	117.4094613
9.24542124542	117.446148
9.25030525031	117.4606032
9.25518925519	117.4981125
9.26007326007	117.5343393
9.26495726496	117.5487568
9.26984126984	117.5871568
9.27472527473	117.6017594
9.27960927961	117.6386853
9.28449328449	117.6759061
9.28937728938	117.6901442
9.29426129426	117.72762
9.29914529915	117.7610614
9.30402930403	117.7793966
9.30891330891	117.8181883
9.3137973138	117.8317478
9.31868131868	117.8699167
9.32356532357	117.904492
9.32844932845	117.9216544
9.33333333333	117.9598138
9.33821733822	117.9735602
9.3431013431	118.0110408
9.34798534799	118.0469999
9.35286935287	118.062976
9.35775335775	118.1003138
9.36263736264	118.1145143
9.36752136752	118.1514166
9.37240537241	118.189458
9.37728937729	118.2038105
9.38217338217	118.239439
9.38705738706	118.2742269
9.39194139194	118.2920249
9.39682539683	118.3304263
9.40170940171	118.3443018
9.40659340659	118.3829948
9.41147741148	118.4185775
9.41636141636	118.4352913
9.42124542125	118.4734798
9.42612942613	118.4871953
9.43101343101	118.5260066
9.4358974359	118.5626599
9.44078144078	118.578371
9.44566544567	118.6164273
9.45054945055	118.6310641
9.45543345543	118.6683024
9.46031746032	118.7073589
9.4652014652	118.7217443
9.47008547009	118.7610899
9.47496947497	118.7953965
9.47985347985	118.8131009
9.48473748474	118.8523661
9.48962148962	118.8663234
9.49450549451	118.904403
9.49938949939	118.9400575
9.50427350427	118.9570535
9.50915750916	118.9952666
9.51404151404	119.0097476
9.51892551893	119.047626
9.52380952381	119.085316
9.52869352869	119.1001209
9.53357753358	119.1387825
9.53846153846	119.1530996
9.54334554335	119.1908482
9.54822954823	119.230344
9.55311355311	119.2443986
9.557997558	119.2832883
9.56288156288	119.3185194
9.56776556777	119.3365771
9.57264957265	119.3743458
9.57753357753	119.3890475
9.58241758242	119.4275178
9.5873015873	119.464615
9.59218559219	119.481286
9.59706959707	119.5196474
9.60195360195	119.5339935
9.60683760684	119.5727183
9.61172161172	119.6105993
9.61660561661	119.6260391
9.62148962149	119.6658874
9.62637362637	119.6804501
9.63125763126	119.7192578
9.63614163614	119.7580262
9.64102564103	119.7727006
9.64590964591	119.8120423
9.65079365079	119.8474924
9.65567765568	119.8647987
9.66056166056	119.9037112
9.66544566545	119.9186738
9.67032967033	119.9579064
9.67521367521	119.9945392
9.6800976801	120.0116935
9.68498168498	120.0494556
9.68986568987	120.0644069
9.69474969475	120.1020134
9.69963369963	120.1416672
9.70451770452	120.156309
9.7094017094	120.196109
9.71428571429	120.2306805
9.71916971917	120.250124
9.72405372405	120.2888105
9.72893772894	120.3038212
9.73382173382	120.3425824
9.73870573871	120.3796738
9.74358974359	120.3976352
9.74847374847	120.4362973
9.75335775336	120.4516379
9.75824175824	120.4904567
9.76312576313	120.5283723
9.76800976801	120.5438875
9.77289377289	120.5841207
9.77777777778	120.5989092
9.78266178266	120.6388108
9.78754578755	120.6784833
9.79242979243	120.6933854
9.79731379731	120.7334449
9.8021978022	120.7679755
9.80708180708	120.786708
9.81196581197	120.8258314
9.81684981685	120.8408996
9.82173382173	120.8798077
9.82661782662	120.9170485
9.8315018315	120.9341579
9.83638583639	120.9736086
9.84126984127	120.9878778
9.84615384615	121.0272246
9.85103785104	121.0643277
9.85592185592	121.0806215
9.86080586081	121.120761
9.86568986569	121.1351948
9.87057387057	121.1750878
9.87545787546	121.2141222
9.88034188034	121.2295207
9.88522588523	121.2681678
9.89010989011	121.3036294
9.89499389499	121.3225947
9.89987789988	121.3622302
9.90476190476	121.3767514
9.90964590965	121.4164841
9.91452991453	121.4531086
9.91941391941	121.4705464
9.9242979243	121.5100803
9.92918192918	121.5250922
9.93406593407	121.5654115
9.93894993895	121.6039713
9.94383394383	121.6203195
9.94871794872	121.6591945
9.9536019536	121.6742562
9.95848595849	121.714108
9.96336996337	121.7529756
9.96825396825	121.7682268
9.97313797314	121.8079861
9.97802197802	121.8433662
9.98290598291	121.8621272
9.98778998779	121.9013645
9.99267399267	121.9162374
9.99755799756	121.9555092
10.0024420024	121.992067
