V	MHz
0.0	0.0001103817993
0.004884004884	0.0001092893435
0.00976800976801	9.418468057e-05
0.014652014652	0.0001066078973
0.019536019536	0.000113462998
0.02442002442	9.489288458e-05
0.029304029304	7.471543692e-05
0.034188034188	7.292545009e-05
0.039072039072	7.473815022e-05
0.043956043956	0.0001152210109
0.04884004884	0.0001156077903
0.0537240537241	9.734964034e-05
0.0586080586081	0.0001062912609
0.0634920634921	8.648137743e-05
0.0683760683761	0.0001150189506
0.0732600732601	0.0001072991167
0.0781440781441	8.642383873e-05
0.0830280830281	8.879477082e-05
0.0879120879121	0.0001088465028
0.0927960927961	0.0001347226547
0.0976800976801	0.0001101863017
0.102564102564	0.0001258027707
0.107448107448	0.0001121601679
0.112332112332	0.0001144847797
0.117216117216	0.0001042418867
0.1221001221	8.627753772e-05
0.126984126984	9.997366027e-05
0.131868131868	9.528306885e-05
0.136752136752	8.311267472e-05
0.141636141636	0.0001048269468
0.14652014652	0.0001583418024
0.151404151404	0.0001020427296
0.156288156288	0.0001023497978
0.161172161172	0.0001457883023
0.166056166056	0.0001162544671
0.17094017094	0.0001230597223
0.175824175824	9.1358247e-05
0.180708180708	0.0001180866266
0.185592185592	0.0001166424517
0.190476190476	8.125962419e-05
0.19536019536	0.0001121292237
0.200244200244	8.479917403e-05
0.205128205128	7.817275867e-05
0.210012210012	8.730312055e-05
0.214896214896	0.0001267687903
0.21978021978	0.0001562694726
0.224664224664	0.0001342106535
0.229548229548	0.0001493537463
0.234432234432	0.0001339142905
0.239316239316	0.0001649440578
0.2442002442	0.0001593978163
0.249084249084	0.0001491915472
0.253968253968	0.000139346576
0.258852258852	0.0001323158597
0.263736263736	0.0001601477664
0.26862026862	0.0001496989355
0.273504273504	0.0001194597393
0.278388278388	0.0001719609998
0.283272283272	0.0001543328352
0.288156288156	0.0001679550896
0.29304029304	0.0001855661202
0.297924297924	0.000181735851
0.302808302808	0.0001261464505
0.307692307692	0.0001466271734
0.312576312576	0.0002050016765
0.31746031746	0.000165686213
0.322344322344	0.000158607455
0.327228327228	0.0001699388786
0.332112332112	0.0001808582758
0.336996336996	0.0001602663447
0.34188034188	0.0001756718554
0.346764346764	0.000169047558
0.351648351648	0.0001887616888
0.356532356532	0.0001800988186
0.361416361416	0.0002332063568
0.3663003663	0.0001990838358
0.371184371184	0.0001952448126
0.376068376068	0.0001694851268
0.380952380952	0.0002165792408
0.385836385836	0.0002138927491
0.39072039072	0.0002214192086
0.395604395604	0.0002660492397
0.400488400488	0.0002309511492
0.405372405372	0.000213289609
0.410256410256	0.0002586080851
0.41514041514	0.0002476427307
0.420024420024	0.00027494966
0.424908424908	0.0002018685605
0.429792429792	0.0002727283673
0.434676434676	0.0002572419207
0.43956043956	0.000241302611
0.444444444444	0.00024777151
0.449328449328	0.0002537317348
0.454212454212	0.0002206234159
0.459096459096	0.0002707350247
0.46398046398	0.0002346600727
0.468864468864	0.0002616015832
0.473748473748	0.000277030646
0.478632478632	0.0002805808676
0.483516483516	0.000263781669
0.4884004884	0.0002632791937
0.493284493284	0.0002341273526
0.498168498168	0.0002840054947
0.503052503053	0.0002995854736
0.507936507937	0.0002983431216
0.512820512821	0.0003043529149
0.517704517705	0.0003148293596
0.522588522589	0.0003150987854
0.527472527473	0.0003253160628
0.532356532357	0.0003297744782
0.537240537241	0.000333307453
0.542124542125	0.0002952507074
0.547008547009	0.0003269260193
0.551892551893	0.0002922186415
0.556776556777	0.0002981286662
0.561660561661	0.0003007682008
0.566544566545	0.0003010027186
0.571428571429	0.0003675682536
0.576312576313	0.0003628736692
0.581196581197	0.0003157667052
0.586080586081	0.0003448230792
0.590964590965	0.0003854352012
0.595848595849	0.0003650365836
0.600732600733	0.0003813073161
0.605616605617	0.0003747458327
0.610500610501	0.0003732978188
0.615384615385	0.0004037797431
0.620268620269	0.0004488515037
0.625152625153	0.0003888192712
0.630036630037	0.000413636512
0.634920634921	0.0004756056222
0.639804639805	0.0004183922302
0.644688644689	0.0003963021312
0.649572649573	0.0004288347715
0.654456654457	0.0004363386757
0.659340659341	0.0004783057746
0.664224664225	0.0004471580008
0.669108669109	0.0004343199635
0.673992673993	0.0004491670782
0.678876678877	0.0004718046548
0.683760683761	0.0004514730709
0.688644688645	0.00054482577
0.693528693529	0.0004839829489
0.698412698413	0.0005370653674
0.703296703297	0.0004896314055
0.708180708181	0.0005043563113
0.713064713065	0.0004662565505
0.717948717949	0.0005336552967
0.722832722833	0.0004953050905
0.727716727717	0.0005395887431
0.732600732601	0.0005181697196
0.737484737485	0.0004874202113
0.742368742369	0.0005207313362
0.747252747253	0.0005693561339
0.752136752137	0.0005095646267
0.757020757021	0.0005447150254
0.761904761905	0.0005524016837
0.766788766789	0.0006316151406
0.771672771673	0.0005546646642
0.776556776557	0.0005537656758
0.781440781441	0.0005531852641
0.786324786325	0.000620450702
0.791208791209	0.000639911927
0.796092796093	0.0006363829326
0.800976800977	0.0005641788635
0.805860805861	0.0005672927589
0.810744810745	0.0006050364386
0.815628815629	0.0005964006529
0.820512820513	0.0006462083205
0.825396825397	0.000586688734
0.830280830281	0.0006368790734
0.835164835165	0.0006123108856
0.840048840049	0.0006646636406
0.844932844933	0.0005879008162
0.849816849817	0.0006698152404
0.854700854701	0.0005751948605
0.859584859585	0.0005402957546
0.864468864469	0.0007059836362
0.869352869353	0.0007068646782
0.874236874237	0.0006709314341
0.879120879121	0.0006629888885
0.884004884005	0.0006849391754
0.888888888889	0.0007453390045
0.893772893773	0.0006110503677
0.898656898657	0.0006334767726
0.903540903541	0.0007269784426
0.908424908425	0.0007346555915
0.913308913309	0.0006581730256
0.918192918193	0.0007465459311
0.923076923077	0.0007014690157
0.927960927961	0.0006892342403
0.932844932845	0.000671198204
0.937728937729	0.0007284296029
0.942612942613	0.0007233847664
0.947496947497	0.000613086423
0.952380952381	0.0006713288039
0.957264957265	0.0006621456759
0.962148962149	0.0006920941854
0.967032967033	0.0006684255715
0.971916971917	0.0007247254143
0.976800976801	0.0007882846638
0.981684981685	0.0006840422564
0.986568986569	0.0007365332943
0.991452991453	0.0006575776719
0.996336996337	0.0006481409344
1.00122100122	0.0006965295185
1.00610500611	0.0005884996504
1.01098901099	0.0006450459489
1.01587301587	0.0005589037232
1.02075702076	0.000665861906
1.02564102564	0.0005909520032
1.03052503053	0.0006041655853
1.03540903541	0.0006325374497
1.04029304029	0.000594943128
1.04517704518	0.0007007785485
1.05006105006	0.0007147358627
1.05494505495	0.0006298749698
1.05982905983	0.0006425203969
1.06471306471	0.0005825909194
1.0695970696	0.0006378994507
1.07448107448	0.0005815365586
1.07936507937	0.0005561764181
1.08424908425	0.0006252584539
1.08913308913	0.0006841821277
1.09401709402	0.0006836677275
1.0989010989	0.0005957382847
1.10378510379	0.0005746556122
1.10866910867	0.0005335095402
1.11355311355	0.0005829323909
1.11843711844	0.0006099996149
1.12332112332	0.0006588373395
1.12820512821	0.0005143245015
1.13308913309	0.0005566556449
1.13797313797	0.0005485468993
1.14285714286	0.0005389749089
1.14774114774	0.0005623720146
1.15262515263	0.0005014819622
1.15750915751	0.0005532517223
1.16239316239	0.0005550615028
1.16727716728	0.0005044185448
1.17216117216	0.0005028898321
1.17704517705	0.0004320500204
1.18192918193	0.0004409238548
1.18681318681	0.0004598818104
1.1916971917	0.0004677532253
1.19658119658	0.000480836095
1.20146520147	0.0004325774327
1.20634920635	0.0004020232468
1.21123321123	0.0004382104731
1.21611721612	0.0004131748161
1.221001221	0.000417434417
1.22588522589	0.0003851563254
1.23076923077	0.0004668160346
1.23565323565	0.0003716023081
1.24053724054	0.0004023788638
1.24542124542	0.0004558380166
1.25030525031	0.0003750047705
1.25518925519	0.0004206492546
1.26007326007	0.0004025846197
1.26495726496	0.0004189708426
1.26984126984	0.0004062331076
1.27472527473	0.0003514302159
1.27960927961	0.00037096004
1.28449328449	0.0004194864926
1.28937728938	0.0003611036866
1.29426129426	0.000385258649
1.29914529915	0.0002784689037
1.30402930403	0.0003683485699
1.30891330891	0.000255706383
1.3137973138	0.0002950132878
1.31868131868	0.0003203624044
1.32356532357	0.0003025972755
1.32844932845	0.0002894331909
1.33333333333	0.0003030541397
1.33821733822	0.0002609449102
1.3431013431	0.0002934233605
1.34798534799	0.0002646028876
1.35286935287	0.0002783031486
1.35775335775	0.0002517176917
1.36263736264	0.0002739376451
1.36752136752	0.0002961444659
1.37240537241	0.000209602206
1.37728937729	0.0002412961542
1.38217338217	0.0002354424618
1.38705738706	0.0002640643303
1.39194139194	0.0002741803932
1.39682539683	0.0001187015772
1.40170940171	0.0002306101393
1.40659340659	0.0002348790572
1.41147741148	0.0002272021913
1.41636141636	0.0002505006108
1.42124542125	0.0001863795767
1.42612942613	0.000230226564
1.43101343101	0.0002053610178
1.4358974359	0.0002047093992
1.44078144078	0.0001986727074
1.44566544567	0.0001785255574
1.45054945055	0.0001589787418
1.45543345543	0.0001405166914
1.46031746032	0.000161499199
1.4652014652	0.0001835475453
1.47008547009	0.0001609172784
1.47496947497	0.000136008359
1.47985347985	0.0001467968469
1.48473748474	0.0001631331589
1.48962148962	0.0001650445538
1.49450549451	0.0001675873335
1.49938949939	0.0001340653169
1.50427350427	0.0001583408915
1.50915750916	0.0001815690391
1.51404151404	0.0001523890701
1.51892551893	0.0001629192888
1.52380952381	0.0001570896421
1.52869352869	0.0001775547088
1.53357753358	0.0001243991358
1.53846153846	0.0001247014139
1.54334554335	0.0001485062156
1.54822954823	0.0001391701197
1.55311355311	0.0001727973087
1.557997558	0.0001163205033
1.56288156288	0.0001286783362
1.56776556777	0.0001599220781
1.57264957265	0.0001224898683
1.57753357753	0.0001236326715
1.58241758242	0.0001140430452
1.5873015873	0.0001265325304
1.59218559219	0.000113076174
1.59706959707	0.0001369074166
1.60195360195	0.0001529174867
1.60683760684	0.0001696933014
1.61172161172	0.0001063895565
1.61660561661	0.0001095199376
1.62148962149	8.546715228e-05
1.62637362637	8.856505133e-05
1.63125763126	0.0001189317792
1.63614163614	0.0001178554212
1.64102564103	0.0001092043517
1.64590964591	0.0001289069464
1.65079365079	0.0001021511449
1.65567765568	9.989748021e-05
1.66056166056	8.003402308e-05
1.66544566545	0.0001071536212
1.67032967033	7.332035074e-05
1.67521367521	0.0001023450775
1.6800976801	0.0001227935804
1.68498168498	0.0001029068748
1.68986568987	6.440678985e-05
1.69474969475	8.487970554e-05
1.69963369963	0.0001178793428
1.70451770452	0.0001082053423
1.7094017094	0.0001123163137
1.71428571429	0.000114090999
1.71916971917	0.0001248384574
1.72405372405	0.0001198875375
1.72893772894	9.647450874e-05
1.73382173382	8.1616487e-05
1.73870573871	8.221933804e-05
1.74358974359	9.636047163e-05
1.74847374847	8.414241661e-05
1.75335775336	8.887308923e-05
1.75824175824	9.186609622e-05
1.76312576313	0.0001030008327
1.76800976801	8.176931529e-05
1.77289377289	9.953351957e-05
1.77777777778	6.891088538e-05
1.78266178266	0.0001023194835
1.78754578755	0.0001064988812
1.79242979243	6.89302123e-05
1.79731379731	7.421650283e-05
1.8021978022	7.372631382e-05
1.80708180708	8.50031049e-05
1.81196581197	7.227850832e-05
1.81684981685	9.317271471e-05
1.82173382173	0.0001020605515
1.82661782662	8.22632519e-05
1.8315018315	9.868434687e-05
1.83638583639	6.467144899e-05
1.84126984127	0.0001072736404
1.84615384615	6.38114652e-05
1.85103785104	7.003613483e-05
1.85592185592	9.350846763e-05
1.86080586081	5.874780234e-05
1.86568986569	8.87553891e-05
1.87057387057	7.934699833e-05
1.87545787546	6.643268632e-05
1.88034188034	6.534195865e-05
1.88522588523	8.202629687e-05
1.89010989011	7.870807516e-05
1.89499389499	7.224110437e-05
1.89987789988	6.628248915e-05
1.90476190476	0.000108097378
1.90964590965	9.25381591e-05
1.91452991453	8.459764514e-05
1.91941391941	7.492564098e-05
1.9242979243	8.313698084e-05
1.92918192918	0.000108677167
1.93406593407	7.033652382e-05
1.93894993895	7.478374411e-05
1.94383394383	6.819217542e-05
1.94871794872	8.907738984e-05
1.9536019536	6.520139995e-05
1.95848595849	6.783619716e-05
1.96336996337	8.446796552e-05
1.96825396825	5.922964736e-05
1.97313797314	7.357892229e-05
1.97802197802	7.530618138e-05
1.98290598291	7.299036136e-05
1.98778998779	8.201736472e-05
1.99267399267	9.983319745e-05
1.99755799756	7.145915502e-05
2.00244200244	7.246088973e-05
2.00732600733	5.310547378e-05
2.01221001221	5.615630321e-05
2.01709401709	6.111872486e-05
2.02197802198	8.287312231e-05
2.02686202686	6.484382883e-05
2.03174603175	5.356727486e-05
2.03663003663	5.514925692e-05
2.04151404151	6.922312274e-05
2.0463980464	6.290315959e-05
2.05128205128	4.73012424e-05
2.05616605617	6.763508633e-05
2.06105006105	5.118117843e-05
2.06593406593	5.460598952e-05
2.07081807082	6.608099958e-05
2.0757020757	5.751773767e-05
2.08058608059	9.656254006e-05
2.08547008547	6.606683189e-05
2.09035409035	5.738398135e-05
2.09523809524	9.919006512e-05
2.10012210012	7.281102105e-05
2.10500610501	9.527029003e-05
2.10989010989	9.719973398e-05
2.11477411477	5.500357768e-05
2.11965811966	6.824597363e-05
2.12454212454	7.563371683e-05
2.12942612943	6.898986874e-05
2.13431013431	8.847528767e-05
2.13919413919	6.479030068e-05
2.14407814408	5.644859446e-05
2.14896214896	6.967348219e-05
2.15384615385	8.307553291e-05
2.15873015873	7.928346019e-05
2.16361416361	9.478280161e-05
2.1684981685	8.217414648e-05
2.17338217338	7.263643516e-05
2.17826617827	6.592459308e-05
2.18315018315	6.710570414e-05
2.18803418803	5.918150013e-05
2.19291819292	5.86361696e-05
2.1978021978	9.629135144e-05
2.20268620269	6.259684906e-05
2.20757020757	7.448993664e-05
2.21245421245	9.474768124e-05
2.21733821734	5.573663039e-05
2.22222222222	6.0993774e-05
2.22710622711	9.170185343e-05
2.23199023199	7.965349075e-05
2.23687423687	7.675359416e-05
2.24175824176	5.833718262e-05
2.24664224664	7.184139353e-05
2.25152625153	6.797243779e-05
2.25641025641	8.860429336e-05
2.26129426129	7.327572884e-05
2.26617826618	8.805627349e-05
2.27106227106	6.551691626e-05
2.27594627595	7.769382456e-05
2.28083028083	8.981807648e-05
2.28571428571	8.319296653e-05
2.2905982906	5.478445e-05
2.29548229548	7.434325652e-05
2.30036630037	7.949941339e-05
2.30525030525	7.658274517e-05
2.31013431013	6.320291622e-05
2.31501831502	0.0001019377176
2.3199023199	6.888856114e-05
2.32478632479	7.517783972e-05
2.32967032967	9.976361344e-05
2.33455433455	7.105793968e-05
2.33943833944	9.178237638e-05
2.34432234432	6.903094361e-05
2.34920634921	5.840784498e-05
2.35409035409	8.92915076e-05
2.35897435897	9.277321007e-05
2.36385836386	6.826912286e-05
2.36874236874	7.444761649e-05
2.37362637363	0.0001048803103
2.37851037851	8.011223917e-05
2.38339438339	8.155784621e-05
2.38827838828	6.685166557e-05
2.39316239316	7.427089074e-05
2.39804639805	7.056002789e-05
2.40293040293	5.857491908e-05
2.40781440781	6.693040646e-05
2.4126984127	8.565370878e-05
2.41758241758	7.887559495e-05
2.42246642247	6.183209942e-05
2.42735042735	6.374772628e-05
2.43223443223	0.0001204977158
2.43711843712	9.860478053e-05
2.442002442	8.998309518e-05
2.44688644689	9.97094286e-05
2.45177045177	7.340231875e-05
2.45665445665	0.0001018421136
2.46153846154	7.83000332e-05
2.46642246642	8.888857284e-05
2.47130647131	8.092248002e-05
2.47619047619	0.00010481925
2.48107448107	8.316315933e-05
2.48595848596	8.412966374e-05
2.49084249084	0.0001021932328
2.49572649573	9.463987797e-05
2.50061050061	0.0001022799859
2.50549450549	6.391959835e-05
2.51037851038	7.82978006e-05
2.51526251526	0.0001055675954
2.52014652015	9.988123455e-05
2.52503052503	0.0001180637777
2.52991452991	9.500342772e-05
2.5347985348	7.915457635e-05
2.53968253968	8.902742289e-05
2.54456654457	0.0001088028997
2.54945054945	8.456047283e-05
2.55433455433	9.618373594e-05
2.55921855922	0.0001007950453
2.5641025641	0.0001015135872
2.56898656899	9.925460454e-05
2.57387057387	0.0001215850129
2.57875457875	0.0001430402058
2.58363858364	0.0001025621548
2.58852258852	0.0001348587468
2.59340659341	0.000100687056
2.59829059829	0.0001059850907
2.60317460317	7.719640664e-05
2.60805860806	0.0001347806806
2.61294261294	9.508603877e-05
2.61782661783	9.551019107e-05
2.62271062271	0.0001367932133
2.62759462759	0.0001302061971
2.63247863248	0.00012306424
2.63736263736	0.0001057614334
2.64224664225	7.274359489e-05
2.64713064713	0.0001211116214
2.65201465201	0.0001061526186
2.6568986569	0.0001057919296
2.66178266178	0.0001430797293
2.66666666667	0.0001576713448
2.67155067155	0.000109735473
2.67643467643	0.0001094423547
2.68131868132	0.0001097883463
2.6862026862	9.00323508e-05
2.69108669109	0.000112250968
2.69597069597	0.0001243616738
2.70085470085	0.0001305714597
2.70573870574	0.0001005976931
2.71062271062	0.0001260962413
2.71550671551	0.0001226126001
2.72039072039	9.818276788e-05
2.72527472527	0.0001158415965
2.73015873016	0.0001250752015
2.73504273504	0.0001227855298
2.73992673993	8.892908893e-05
2.74481074481	0.0001115771609
2.74969474969	0.0001098438679
2.75457875458	0.0001126399369
2.75946275946	0.0001040100409
2.76434676435	9.868854386e-05
2.76923076923	0.0001083109337
2.77411477411	0.0001347246238
2.778998779	0.0001001661012
2.78388278388	0.0001141390275
2.78876678877	0.0001216022025
2.79365079365	0.0001120044675
2.79853479853	9.002724482e-05
2.80341880342	0.000120043914
2.8083028083	9.756133177e-05
2.81318681319	0.0001337868337
2.81807081807	0.0001166448735
2.82295482295	0.000105645923
2.82783882784	0.0001178614054
2.83272283272	6.64580012e-05
2.83760683761	0.0001228727326
2.84249084249	0.0001178242804
2.84737484737	9.140477783e-05
2.85225885226	9.333296258e-05
2.85714285714	0.0001077879118
2.86202686203	9.290125579e-05
2.86691086691	0.0001102528682
2.87179487179	9.38425259e-05
2.87667887668	9.175816977e-05
2.88156288156	9.402185081e-05
2.88644688645	8.242836332e-05
2.89133089133	9.748983181e-05
2.89621489621	7.248549626e-05
2.9010989011	9.278277358e-05
2.90598290598	0.0001143911147
2.91086691087	7.982976038e-05
2.91575091575	0.0001217573221
2.92063492063	8.834117072e-05
2.92551892552	9.70260042e-05
2.9304029304	0.0001065592712
2.93528693529	9.113012288e-05
2.94017094017	8.196022137e-05
2.94505494505	8.788722624e-05
2.94993894994	9.477682313e-05
2.95482295482	0.000110233158
2.95970695971	8.610998855e-05
2.96459096459	7.956332085e-05
2.96947496947	8.583243264e-05
2.97435897436	6.776237349e-05
2.97924297924	8.913774092e-05
2.98412698413	9.152811497e-05
2.98901098901	7.878596997e-05
2.99389499389	8.262550815e-05
2.99877899878	9.838290869e-05
3.00366300366	9.487138385e-05
3.00854700855	0.0001222958568
3.01343101343	5.543053976e-05
3.01831501832	7.324012731e-05
3.0231990232	6.985779747e-05
3.02808302808	9.144784341e-05
3.03296703297	8.79890857e-05
3.03785103785	6.408758158e-05
3.04273504274	8.892315248e-05
3.04761904762	7.187477376e-05
3.0525030525	8.619505902e-05
3.05738705739	6.372554174e-05
3.06227106227	5.531087903e-05
3.06715506716	6.614664901e-05
3.07203907204	8.119692621e-05
3.07692307692	9.115756987e-05
3.08180708181	7.265807697e-05
3.08669108669	4.77164528e-05
3.09157509158	6.367166089e-05
3.09645909646	7.151821998e-05
3.10134310134	6.207370514e-05
3.10622710623	4.888295283e-05
3.11111111111	4.838037346e-05
3.115995116	5.994647978e-05
3.12087912088	3.265741412e-05
3.12576312576	5.994073187e-05
3.13064713065	6.35932919e-05
3.13553113553	5.774597073e-05
3.14041514042	5.480679091e-05
3.1452991453	5.030366752e-05
3.15018315018	5.884397866e-05
3.15506715507	5.549700964e-05
3.15995115995	5.962687094e-05
3.16483516484	3.851456759e-05
3.16971916972	6.853907589e-05
3.1746031746	5.574785468e-05
3.17948717949	5.583175623e-05
3.18437118437	6.181276808e-05
3.18925518926	6.76179155e-05
3.19413919414	3.85125602e-05
3.19902319902	5.073180309e-05
3.20390720391	7.777661545e-05
3.20879120879	6.669405146e-05
3.21367521368	5.913238353e-05
3.21855921856	3.610101431e-05
3.22344322344	2.966537991e-05
3.22832722833	4.395626201e-05
3.23321123321	2.716486629e-05
3.2380952381	3.378300146e-05
3.24297924298	3.320593324e-05
3.24786324786	3.303747831e-05
3.25274725275	4.187636506e-05
3.25763125763	4.222891959e-05
3.26251526252	6.535541707e-05
3.2673992674	3.704498799e-05
3.27228327228	3.621892828e-05
3.27716727717	5.975452443e-05
3.28205128205	3.184664896e-05
3.28693528694	3.111698268e-05
3.29181929182	4.720519741e-05
3.2967032967	5.163794263e-05
3.30158730159	3.121608567e-05
3.30647130647	5.292191484e-05
3.31135531136	3.831679921e-05
3.31623931624	5.855198978e-05
3.32112332112	5.96323309e-05
3.32600732601	3.666641876e-05
3.33089133089	4.91854367e-05
3.33577533578	3.78886906e-05
3.34065934066	2.897529264e-05
3.34554334554	2.090240209e-05
3.35042735043	4.849664951e-05
3.35531135531	3.546099291e-05
3.3601953602	3.619793955e-05
3.36507936508	2.991330526e-05
3.36996336996	3.569307151e-05
3.37484737485	3.599991737e-05
3.37973137973	3.969731591e-05
3.38461538462	4.153407977e-05
3.3894993895	2.591349776e-05
3.39438339438	3.030078988e-05
3.39926739927	4.266281607e-05
3.40415140415	3.959918497e-05
3.40903540904	3.81007367e-05
3.41391941392	5.275461316e-05
3.4188034188	3.887346512e-05
3.42368742369	2.873338085e-05
3.42857142857	3.642554896e-05
3.43345543346	2.975268272e-05
3.43833943834	3.541678244e-05
3.44322344322	3.845396845e-05
3.44810744811	4.238316415e-05
3.45299145299	2.927188984e-05
3.45787545788	4.259607479e-05
3.46275946276	2.958441004e-05
3.46764346764	3.552841902e-05
3.47252747253	3.645043539e-05
3.47741147741	3.98919858e-05
3.4822954823	2.84443051e-05
3.48717948718	3.949661863e-05
3.49206349206	4.546973648e-05
3.49694749695	2.502740814e-05
3.50183150183	2.654909665e-05
3.50671550672	3.583654651e-05
3.5115995116	1.842650542e-05
3.51648351648	2.779399266e-05
3.52136752137	1.677831705e-05
3.52625152625	2.965766961e-05
3.53113553114	1.593234997e-05
3.53601953602	3.137543507e-05
3.5409035409	3.659656473e-05
3.54578754579	1.732565468e-05
3.55067155067	2.140734452e-05
3.55555555556	2.205369888e-05
3.56043956044	2.446914063e-05
3.56532356532	2.610479063e-05
3.57020757021	2.586885564e-05
3.57509157509	2.387506085e-05
3.57997557998	2.320220222e-05
3.58485958486	2.665724067e-05
3.58974358974	2.644072577e-05
3.59462759463	1.590158522e-05
3.59951159951	1.909953705e-05
3.6043956044	1.387062051e-05
3.60927960928	1.509761392e-05
3.61416361416	1.225557932e-05
3.61904761905	2.144500881e-05
3.62393162393	2.080137227e-05
3.62881562882	2.606645865e-05
3.6336996337	3.169203656e-05
3.63858363858	2.988987077e-05
3.64346764347	2.805411549e-05
3.64835164835	1.823796268e-05
3.65323565324	1.668241116e-05
3.65811965812	2.292764602e-05
3.663003663	2.359797607e-05
3.66788766789	2.237229308e-05
3.67277167277	6.98968453e-06
3.67765567766	9.867335646e-06
3.68253968254	2.650240515e-05
3.68742368742	2.202689887e-05
3.69230769231	2.235825267e-05
3.69719169719	2.333065964e-05
3.70207570208	1.605566615e-05
3.70695970696	2.314726022e-05
3.71184371184	3.167537254e-05
3.71672771673	2.136908426e-05
3.72161172161	2.387621576e-05
3.7264957265	2.994239283e-05
3.73137973138	1.923778732e-05
3.73626373626	3.751289271e-05
3.74114774115	1.550549463e-05
3.74603174603	2.004320169e-05
3.75091575092	1.609775691e-05
3.7557997558	1.730234123e-05
3.76068376068	2.594230393e-05
3.76556776557	3.24505107e-05
3.77045177045	1.149696325e-05
3.77533577534	1.568782484e-05
3.78021978022	1.496210078e-05
3.7851037851	2.57048858e-05
3.78998778999	2.421291677e-05
3.79487179487	1.333326667e-05
3.79975579976	1.036752299e-05
3.80463980464	6.160485451e-06
3.80952380952	1.109076449e-05
3.81440781441	2.305886064e-05
3.81929181929	1.547808875e-05
3.82417582418	9.215677071e-06
3.82905982906	1.673138846e-05
3.83394383394	2.13105099e-05
3.83882783883	1.897470798e-05
3.84371184371	1.957682292e-05
3.8485958486	2.289234343e-05
3.85347985348	1.802153952e-05
3.85836385836	3.131196032e-05
3.86324786325	1.532202703e-05
3.86813186813	1.246283458e-05
3.87301587302	1.585021572e-05
3.8778998779	2.364605202e-05
3.88278388278	1.366380055e-05
3.88766788767	2.93678128e-05
3.89255189255	1.974499211e-05
3.89743589744	1.210910654e-05
3.90231990232	2.378955757e-05
3.9072039072	1.702262488e-05
3.91208791209	9.800227587e-06
3.91697191697	1.729234402e-05
3.92185592186	1.777268136e-05
3.92673992674	1.283696322e-05
3.93162393162	9.031473783e-06
3.93650793651	1.514640485e-05
3.94139194139	1.920302455e-05
3.94627594628	2.361391904e-05
3.95115995116	1.989320927e-05
3.95604395604	2.488841693e-05
3.96092796093	1.957556137e-05
3.96581196581	1.606342096e-05
3.9706959707	1.529659735e-05
3.97557997558	1.958318496e-05
3.98046398046	1.33027158e-05
3.98534798535	1.637286756e-05
3.99023199023	2.097367563e-05
3.99511599512	1.552438549e-05
4.0	1.581528056e-05
4.00488400488	1.884029886e-05
4.00976800977	1.899447174e-05
4.01465201465	1.467527319e-05
4.01953601954	2.180430635e-05
4.02442002442	1.251195204e-05
4.0293040293	2.276707223e-05
4.03418803419	1.958797533e-05
4.03907203907	2.241087071e-05
4.04395604396	2.155779988e-05
4.04884004884	9.27673732e-06
4.05372405372	2.25397878e-05
4.05860805861	1.297072294e-05
4.06349206349	1.371569396e-05
4.06837606838	2.084531179e-05
4.07326007326	1.724426426e-05
4.07814407814	2.44146377e-05
4.08302808303	2.452834146e-05
4.08791208791	1.510345139e-05
4.0927960928	1.920135669e-05
4.09768009768	1.704279355e-05
4.10256410256	1.380860413e-05
4.10744810745	7.599093702e-06
4.11233211233	8.686039749e-06
4.11721611722	1.952016189e-05
4.1221001221	1.289897231e-05
4.12698412698	1.748317463e-05
4.13186813187	1.836579896e-05
4.13675213675	1.919536854e-05
4.14163614164	1.58772977e-05
4.14652014652	1.693813127e-05
4.1514041514	1.530850698e-05
4.15628815629	7.921248427e-06
4.16117216117	1.88470485e-05
4.16605616606	1.449378289e-05
4.17094017094	1.606072754e-05
4.17582417582	9.847979369e-06
4.18070818071	8.733986527e-06
4.18559218559	1.658029659e-05
4.19047619048	1.614086641e-05
4.19536019536	2.907379551e-05
4.20024420024	1.109314761e-05
4.20512820513	1.626675077e-05
4.21001221001	1.826994353e-05
4.2148962149	1.115931065e-05
4.21978021978	9.204877751e-06
4.22466422466	1.817247973e-05
4.22954822955	1.845691458e-05
4.23443223443	1.638428676e-05
4.23931623932	1.664426626e-05
4.2442002442	1.626374962e-05
4.24908424908	9.170502382e-06
4.25396825397	1.689774973e-05
4.25885225885	2.190880254e-05
4.26373626374	2.205738285e-05
4.26862026862	1.432055825e-05
4.2735042735	1.245884221e-05
4.27838827839	1.818583891e-05
4.28327228327	2.103467145e-05
4.28815628816	1.403267784e-05
4.29304029304	1.732347166e-05
4.29792429792	1.977290424e-05
4.30280830281	2.074875622e-05
4.30769230769	2.65756133e-05
4.31257631258	1.664177242e-05
4.31746031746	2.252512291e-05
4.32234432234	1.561862809e-05
4.32722832723	1.374896945e-05
4.33211233211	1.22445865e-05
4.336996337	1.541895648e-05
4.34188034188	2.170108883e-05
4.34676434676	1.531558592e-05
4.35164835165	1.103236162e-05
4.35653235653	1.546709705e-05
4.36141636142	1.845503612e-05
4.3663003663	9.609743819e-06
4.37118437118	7.250457733e-06
4.37606837607	1.276959553e-05
4.38095238095	8.253253391e-06
4.38583638584	1.373143585e-05
4.39072039072	2.314268084e-05
4.3956043956	2.267470992e-05
4.40048840049	8.683518656e-06
4.40537240537	1.843051622e-05
4.41025641026	2.049921084e-05
4.41514041514	1.310483876e-05
4.42002442002	1.572581806e-05
4.42490842491	1.210955172e-05
4.42979242979	2.084368135e-05
4.43467643468	2.436622386e-05
4.43956043956	2.106219271e-05
4.44444444444	1.873040916e-05
4.44932844933	1.619110163e-05
4.45421245421	1.884800559e-05
4.4590964591	2.284358812e-05
4.46398046398	6.635865633e-06
4.46886446886	2.267658173e-05
4.47374847375	7.432430658e-06
4.47863247863	1.646566264e-05
4.48351648352	1.490709214e-05
4.4884004884	2.186089835e-05
4.49328449328	1.886460822e-05
4.49816849817	1.373181448e-05
4.50305250305	5.070779975e-06
4.50793650794	2.222260036e-05
4.51282051282	1.659116121e-05
4.5177045177	1.21010979e-05
4.52258852259	1.197487121e-05
4.52747252747	1.78737218e-05
4.53235653236	1.484193576e-05
4.53724053724	1.402160992e-05
4.54212454212	1.658635663e-05
4.54700854701	1.563946161e-05
4.55189255189	1.193341802e-05
4.55677655678	1.401431781e-05
4.56166056166	1.642469532e-05
4.56654456654	1.973516332e-05
4.57142857143	2.446986197e-05
4.57631257631	1.94627414e-05
4.5811965812	1.119246625e-05
4.58608058608	2.449055363e-05
4.59096459096	1.600596361e-05
4.59584859585	1.682017789e-05
4.60073260073	2.231697229e-05
4.60561660562	1.47083248e-05
4.6105006105	1.538603279e-05
4.61538461538	2.013141674e-05
4.62026862027	2.843936878e-05
4.62515262515	1.193347755e-05
4.63003663004	2.302678996e-05
4.63492063492	2.648657678e-05
4.6398046398	1.873217984e-05
4.64468864469	2.567751899e-05
4.64957264957	3.509479778e-05
4.65445665446	6.097848764e-06
4.65934065934	1.566463937e-05
4.66422466422	2.162036213e-05
4.66910866911	2.09932683e-05
4.67399267399	3.141696869e-05
4.67887667888	1.90639717e-05
4.68376068376	2.979745478e-05
4.68864468864	2.452990348e-05
4.69352869353	1.051922804e-05
4.69841269841	2.206356349e-05
4.7032967033	1.802145238e-05
4.70818070818	1.601459592e-05
4.71306471306	1.621014679e-05
4.71794871795	6.237275957e-06
4.72283272283	1.351402632e-05
4.72771672772	1.443812395e-05
4.7326007326	2.759115597e-05
4.73748473748	9.032948221e-06
4.74236874237	2.210171263e-05
4.74725274725	2.918769289e-05
4.75213675214	2.54256088e-05
4.75702075702	3.469993015e-05
4.7619047619	1.800900749e-05
4.76678876679	1.89968005e-05
4.77167277167	2.414867032e-05
4.77655677656	2.936047407e-05
4.78144078144	2.560367546e-05
4.78632478632	1.902314743e-05
4.79120879121	2.484576834e-05
4.79609279609	1.550025203e-05
4.80097680098	2.769651756e-05
4.80586080586	2.764783126e-05
4.81074481074	1.783204743e-05
4.81562881563	1.40857622e-05
4.82051282051	2.02967136e-05
4.8253968254	1.874635383e-05
4.83028083028	1.624091909e-05
4.83516483516	1.285958204e-05
4.84004884005	2.508492973e-05
4.84493284493	2.136004763e-05
4.84981684982	1.471202073e-05
4.8547008547	2.054105009e-05
4.85958485958	1.528963523e-05
4.86446886447	1.723196709e-05
4.86935286935	2.020918528e-05
4.87423687424	3.304956377e-05
4.87912087912	2.615197716e-05
4.884004884	1.792950763e-05
4.88888888889	2.585983967e-05
4.89377289377	2.493953876e-05
4.89865689866	1.933829547e-05
4.90354090354	1.660714445e-05
4.90842490842	2.06782978e-05
4.91330891331	1.999139114e-05
4.91819291819	1.951432198e-05
4.92307692308	1.551689412e-05
4.92796092796	2.084004432e-05
4.93284493284	2.719904917e-05
4.93772893773	1.75908108e-05
4.94261294261	1.869431548e-05
4.9474969475	2.824951965e-05
4.95238095238	2.191312747e-05
4.95726495726	2.574220645e-05
4.96214896215	1.887861529e-05
4.96703296703	1.421754967e-05
4.97191697192	2.217941946e-05
4.9768009768	2.077011553e-05
4.98168498168	1.255760014e-05
4.98656898657	2.865206002e-05
4.99145299145	2.296447224e-05
4.99633699634	1.562363977e-05
5.00122100122	3.169242828e-05
5.0061050061	2.55209626e-05
5.01098901099	2.058886628e-05
5.01587301587	1.297054292e-05
5.02075702076	1.56812811e-05
5.02564102564	1.741999963e-05
5.03052503053	2.7949729e-05
5.03540903541	1.870267055e-05
5.04029304029	1.789328089e-05
5.04517704518	2.721396984e-05
5.05006105006	2.969459525e-05
5.05494505495	2.685800228e-05
5.05982905983	1.799607038e-05
5.06471306471	2.18200843e-05
5.0695970696	2.215142486e-05
5.07448107448	1.160152834e-05
5.07936507937	9.012935726e-06
5.08424908425	1.353585646e-05
5.08913308913	2.33282571e-05
5.09401709402	1.255463936e-05
5.0989010989	2.229763655e-05
5.10378510379	1.96965885e-05
5.10866910867	2.732549031e-05
5.11355311355	9.678999842e-06
5.11843711844	1.356585866e-05
5.12332112332	1.234505414e-05
5.12820512821	2.812211221e-05
5.13308913309	1.867102274e-05
5.13797313797	2.496744557e-05
5.14285714286	2.221005675e-05
5.14774114774	1.061780851e-05
5.15262515263	2.839943349e-05
5.15750915751	1.421565467e-05
5.16239316239	1.574484881e-05
5.16727716728	1.482406327e-05
5.17216117216	2.13326897e-05
5.17704517705	1.311070654e-05
5.18192918193	2.300114977e-05
5.18681318681	3.32076005e-05
5.1916971917	1.897285396e-05
5.19658119658	1.932435859e-05
5.20146520147	2.517317572e-05
5.20634920635	2.154995927e-05
5.21123321123	1.929224046e-05
5.21611721612	1.380560047e-05
5.221001221	2.15331281e-05
5.22588522589	2.810425081e-05
5.23076923077	1.386056482e-05
5.23565323565	1.607339446e-05
5.24053724054	1.29376945e-05
5.24542124542	1.66129717e-05
5.25030525031	2.144358194e-05
5.25518925519	2.310098516e-05
5.26007326007	1.44559492e-05
5.26495726496	1.528585559e-05
5.26984126984	1.915663184e-05
5.27472527473	1.789086501e-05
5.27960927961	2.505247397e-05
5.28449328449	1.974726008e-05
5.28937728938	9.771107889e-06
5.29426129426	9.577255168e-06
5.29914529915	1.504285559e-05
5.30402930403	1.321391338e-05
5.30891330891	1.603525704e-05
5.3137973138	9.681570562e-06
5.31868131868	1.911081944e-05
5.32356532357	1.478106319e-05
5.32844932845	1.899445267e-05
5.33333333333	9.800016934e-06
5.33821733822	1.808201532e-05
5.3431013431	8.873496593e-06
5.34798534799	8.904927257e-06
5.35286935287	4.504473054e-06
5.35775335775	1.464406545e-05
5.36263736264	1.653500004e-05
5.36752136752	2.238600534e-05
5.37240537241	1.912345199e-05
5.37728937729	1.548082897e-05
5.38217338217	1.522596365e-05
5.38705738706	9.094323045e-06
5.39194139194	1.553680532e-05
5.39682539683	1.592012428e-05
5.40170940171	1.116001305e-05
5.40659340659	1.814180944e-05
5.41147741148	1.279151544e-05
5.41636141636	1.681904723e-05
5.42124542125	1.700837629e-05
5.42612942613	5.469384491e-06
5.43101343101	1.308392836e-05
5.4358974359	2.183089256e-05
5.44078144078	5.345275677e-06
5.44566544567	1.758834376e-05
5.45054945055	1.356872944e-05
5.45543345543	2.019782092e-05
5.46031746032	1.256096938e-05
5.4652014652	1.303218083e-05
5.47008547009	5.217848297e-06
5.47496947497	6.163901848e-06
5.47985347985	5.961711741e-06
5.48473748474	1.027197625e-05
5.48962148962	1.208746538e-05
5.49450549451	1.50806116e-05
5.49938949939	1.196078852e-05
5.50427350427	1.255416337e-05
5.50915750916	2.484005489e-05
5.51404151404	2.634403305e-05
5.51892551893	1.626157247e-05
5.52380952381	2.255022128e-05
5.52869352869	1.098873929e-05
5.53357753358	1.528254398e-05
5.53846153846	1.447372522e-05
5.54334554335	1.805065664e-05
5.54822954823	1.920581521e-05
5.55311355311	1.159282722e-05
5.557997558	1.214749119e-05
5.56288156288	1.27335865e-05
5.56776556777	5.68265153e-06
5.57264957265	6.331824586e-06
5.57753357753	1.468564295e-05
5.58241758242	1.474457733e-05
5.5873015873	1.106428032e-05
5.59218559219	1.582683668e-05
5.59706959707	8.788860459e-06
5.60195360195	9.037684796e-06
5.60683760684	9.385389626e-06
5.61172161172	9.385389626e-06
5.61660561661	1.6344811e-05
5.62148962149	5.500587875e-06
5.62637362637	9.248481353e-06
5.63125763126	8.511089567e-06
5.63614163614	1.618768704e-05
5.64102564103	1.432447714e-05
5.64590964591	9.951092371e-06
5.65079365079	1.566448359e-05
5.65567765568	1.480505883e-05
5.66056166056	8.513318605e-06
5.66544566545	9.802046207e-06
5.67032967033	1.384395832e-05
5.67521367521	1.939244003e-05
5.6800976801	1.748906321e-05
5.68498168498	1.253890666e-05
5.68986568987	8.105509964e-06
5.69474969475	1.187136662e-05
5.69963369963	1.523977934e-05
5.70451770452	1.306075281e-05
5.7094017094	9.253959939e-06
5.71428571429	1.046688208e-05
5.71916971917	1.549776913e-05
5.72405372405	1.242278154e-05
5.72893772894	1.426629745e-05
5.73382173382	1.0379974e-05
5.73870573871	1.48932393e-05
5.74358974359	1.434671817e-05
5.74847374847	7.644362642e-06
5.75335775336	1.410552162e-05
5.75824175824	1.253900414e-05
5.76312576313	1.213128918e-05
5.76800976801	9.819558252e-06
5.77289377289	8.715890851e-06
5.77777777778	8.715890851e-06
5.78266178266	3.181276685e-06
5.78754578755	9.081260939e-06
5.79242979243	8.764865138e-06
5.79731379731	1.120450627e-05
5.8021978022	1.509427856e-05
5.80708180708	4.798634654e-06
5.81196581197	6.292866614e-06
5.81684981685	7.342159e-06
5.82173382173	6.345908089e-06
5.82661782662	1.048506951e-05
5.8315018315	3.001234528e-06
5.83638583639	6.760544184e-06
5.84126984127	9.211686019e-06
5.84615384615	5.412296283e-06
5.85103785104	9.442754122e-06
5.85592185592	8.822745744e-06
5.86080586081	5.417529544e-06
5.86568986569	1.575894214e-05
5.87057387057	8.476539763e-06
5.87545787546	1.284433082e-05
5.88034188034	1.211225639e-05
5.88522588523	9.704861573e-06
5.89010989011	8.512377479e-06
5.89499389499	1.63108775e-05
5.89987789988	1.95838983e-05
5.90476190476	8.928831321e-06
5.90964590965	1.118209955e-05
5.91452991453	1.203378195e-05
5.91941391941	4.420540324e-06
5.9242979243	7.41040304e-06
5.92918192918	1.059612978e-05
5.93406593407	7.600316579e-06
5.93894993895	9.215810128e-06
5.94383394383	8.948765276e-06
5.94871794872	6.013531769e-06
5.9536019536	8.192891247e-06
5.95848595849	1.092461459e-05
5.96336996337	9.749745958e-06
5.96825396825	1.268190448e-05
5.97313797314	9.287214923e-06
5.97802197802	6.231144945e-06
5.98290598291	6.231144945e-06
5.98778998779	5.737043583e-06
5.99267399267	2.386032357e-06
5.99755799756	5.956257129e-06
6.00244200244	6.073607261e-06
6.00732600733	1.989736145e-05
6.01221001221	7.293464404e-06
6.01709401709	9.836002365e-06
6.02197802198	5.78837962e-06
6.02686202686	7.29634541e-06
6.03174603175	8.584371842e-06
6.03663003663	1.311635214e-05
6.04151404151	7.889202359e-06
6.0463980464	6.747781296e-06
6.05128205128	6.40965571e-06
6.05616605617	5.95055163e-06
6.06105006105	1.293646668e-05
6.06593406593	1.194868684e-05
6.07081807082	9.782145745e-06
6.0757020757	1.906643974e-05
6.08058608059	1.370321189e-05
6.08547008547	1.202618341e-05
6.09035409035	1.150302294e-05
6.09523809524	1.156209179e-05
6.10012210012	1.306327537e-05
6.10500610501	1.306327537e-05
6.10989010989	7.041547383e-06
6.11477411477	5.772259651e-06
6.11965811966	7.366472194e-06
6.12454212454	1.661056283e-05
6.12942612943	1.661056283e-05
6.13431013431	5.131334453e-06
6.13919413919	6.253473805e-06
6.14407814408	8.317078527e-06
6.14896214896	7.783601353e-06
6.15384615385	1.111617453e-05
6.15873015873	7.324766677e-06
6.16361416361	1.016179973e-05
6.1684981685	7.438589977e-06
6.17338217338	4.359232303e-06
6.17826617827	4.039470474e-06
6.18315018315	1.167833771e-05
6.18803418803	7.315952581e-06
6.19291819292	4.789540639e-06
6.1978021978	8.173046274e-06
6.20268620269	6.621392527e-06
6.20757020757	2.994801025e-06
6.21245421245	1.261993035e-05
6.21733821734	1.503614765e-05
6.22222222222	5.287290387e-06
6.22710622711	9.071887816e-06
6.23199023199	8.694260714e-06
6.23687423687	1.140675598e-05
6.24175824176	4.791906661e-06
6.24664224664	4.041454492e-06
6.25152625153	6.608544081e-06
6.25641025641	5.531384838e-06
6.26129426129	4.82056112e-06
6.26617826618	4.82056112e-06
6.27106227106	7.821730457e-06
6.27594627595	7.821730457e-06
6.28083028083	5.245952826e-06
6.28571428571	1.188906833e-05
6.2905982906	8.202210069e-06
6.29548229548	7.975363146e-06
6.30036630037	4.314885687e-06
6.30525030525	5.290820532e-06
6.31013431013	1.407610658e-05
6.31501831502	6.066290358e-06
6.3199023199	1.576026543e-05
6.32478632479	1.236369261e-05
6.32967032967	1.218115225e-05
6.33455433455	9.803239186e-06
6.33943833944	1.259300089e-05
6.34432234432	5.378535695e-06
6.34920634921	8.124565403e-06
6.35409035409	9.531210584e-06
6.35897435897	9.834287019e-06
6.36385836386	1.187214108e-05
6.36874236874	5.093554072e-06
6.37362637363	7.935862675e-06
6.37851037851	1.170820484e-05
6.38339438339	8.551754161e-06
6.38827838828	1.229417023e-05
6.39316239316	8.083744576e-06
6.39804639805	5.198309801e-06
6.40293040293	4.719641273e-06
6.40781440781	8.062453701e-06
6.4126984127	9.124480543e-06
6.41758241758	3.166816425e-06
6.42246642247	1.543317909e-05
6.42735042735	2.680213107e-06
6.43223443223	4.619427112e-06
6.43711843712	9.285978803e-06
6.442002442	5.813597912e-06
6.44688644689	1.195419392e-05
6.45177045177	6.480016278e-06
6.45665445665	5.443694884e-06
6.46153846154	8.014285303e-06
6.46642246642	8.014285303e-06
6.47130647131	8.217017074e-06
6.47619047619	5.053284612e-06
6.48107448107	5.053284612e-06
6.48595848596	1.23603069e-05
6.49084249084	1.258752896e-05
6.49572649573	5.17923869e-06
6.50061050061	1.240971621e-05
6.50549450549	1.232644063e-05
6.51037851038	5.188969558e-06
6.51526251526	5.554846078e-06
6.52014652015	9.196820005e-06
6.52503052503	6.226232912e-06
6.52991452991	3.138231175e-06
6.5347985348	1.05400017e-05
6.53968253968	6.57994778e-06
6.54456654457	8.35538319e-06
6.54945054945	1.110577479e-05
6.55433455433	8.52864014e-06
6.55921855922	5.056871856e-06
6.5641025641	9.830428387e-06
6.56898656899	4.72412615e-06
6.57387057387	9.218693593e-06
6.57875457875	9.898425329e-06
6.58363858364	7.491823892e-06
6.58852258852	1.04707301e-05
6.59340659341	1.102616249e-05
6.59829059829	1.255342187e-05
6.60317460317	8.715540785e-06
6.60805860806	5.979904888e-06
6.61294261294	9.740383076e-06
6.61782661783	9.049657461e-06
6.62271062271	1.133070457e-05
6.62759462759	1.365892868e-05
6.63247863248	1.62009152e-05
6.63736263736	1.62009152e-05
6.64224664225	5.909831572e-06
6.64713064713	4.750374246e-06
6.65201465201	1.238309124e-05
6.6568986569	7.597691112e-06
6.66178266178	9.321711852e-06
6.66666666667	9.321711852e-06
6.67155067155	8.890528539e-06
6.67643467643	7.550056877e-06
6.68131868132	1.300115723e-05
6.6862026862	4.496197678e-06
6.69108669109	4.890756875e-06
6.69597069597	6.358006368e-06
6.70085470085	1.28185736e-05
6.70573870574	1.370366633e-05
6.71062271062	9.527621177e-06
6.71550671551	9.489074541e-06
6.72039072039	7.969864984e-06
6.72527472527	1.16371355e-05
6.73015873016	1.270348377e-05
6.73504273504	1.349699975e-05
6.73992673993	1.47233954e-05
6.74481074481	6.901848218e-06
6.74969474969	8.999938935e-06
6.75457875458	1.660958414e-05
6.75946275946	9.708491382e-06
6.76434676435	1.253413169e-05
6.76923076923	8.44114932e-06
6.77411477411	1.182877377e-05
6.778998779	1.319951228e-05
6.78388278388	9.204054816e-06
6.78876678877	1.010563624e-05
6.79365079365	9.351051373e-06
6.79853479853	9.785346678e-06
6.80341880342	2.998691191e-06
6.8083028083	1.345658778e-05
6.81318681319	5.840973083e-06
6.81807081807	6.146375943e-06
6.82295482295	5.389630975e-06
6.82783882784	5.918483192e-06
6.83272283272	7.731590117e-06
6.83760683761	1.191314223e-05
6.84249084249	1.257706218e-05
6.84737484737	6.758494786e-06
6.85225885226	9.071958594e-06
6.85714285714	1.272630877e-05
6.86202686203	1.232351039e-05
6.86691086691	1.084659284e-05
6.87179487179	8.609192919e-06
6.87667887668	2.026871334e-05
6.88156288156	8.774349185e-06
6.88644688645	1.086208219e-05
6.89133089133	1.962935845e-05
6.89621489621	9.963232352e-06
6.9010989011	6.165144492e-06
6.90598290598	6.605711219e-06
6.91086691087	1.463940139e-05
6.91575091575	1.760777632e-05
6.92063492063	1.424585682e-05
6.92551892552	8.758490152e-06
6.9304029304	9.904521895e-06
6.93528693529	5.410456139e-06
6.94017094017	1.84996466e-05
6.94505494505	9.03046409e-06
6.94993894994	7.911723208e-06
6.95482295482	1.761822815e-05
6.95970695971	1.509652644e-05
6.96459096459	1.686475255e-05
6.96947496947	1.984280661e-05
6.97435897436	4.866725453e-06
6.97924297924	6.009193104e-06
6.98412698413	1.916746224e-05
6.98901098901	5.731170069e-06
6.99389499389	7.805223662e-06
6.99877899878	9.121391122e-06
7.00366300366	9.927192481e-06
7.00854700855	1.581602213e-05
7.01343101343	6.395707815e-06
7.01831501831	1.327830309e-05
7.0231990232	9.726103838e-06
7.02808302808	7.352151901e-06
7.03296703297	1.211336706e-05
7.03785103785	9.411451581e-06
7.04273504274	1.513545933e-05
7.04761904762	1.392400445e-05
7.0525030525	1.091828689e-05
7.05738705739	1.443182372e-05
7.06227106227	1.471389883e-05
7.06715506716	1.414874473e-05
7.07203907204	6.75315021e-06
7.07692307692	1.13380176e-05
7.08180708181	1.360858011e-05
7.08669108669	3.786925601e-06
7.09157509158	6.271952356e-06
7.09645909646	7.428149276e-06
7.10134310134	9.115628465e-06
7.10622710623	1.102891871e-05
7.11111111111	1.021970057e-05
7.115995116	1.367820801e-05
7.12087912088	6.509481776e-06
7.12576312576	1.280147539e-05
7.13064713065	1.944478023e-05
7.13553113553	1.414413473e-05
7.14041514042	1.835436703e-05
7.1452991453	8.987506467e-06
7.15018315018	7.99709247e-06
7.15506715507	2.16741868e-05
7.15995115995	1.177348752e-05
7.16483516484	1.784041928e-05
7.16971916972	9.255867726e-06
7.1746031746	8.981458856e-06
7.17948717949	1.204033971e-05
7.18437118437	6.642238727e-06
7.18925518926	5.897895283e-06
7.19413919414	1.185602377e-05
7.19902319902	5.663496128e-06
7.20390720391	6.080261519e-06
7.20879120879	1.174656987e-05
7.21367521368	1.087883351e-05
7.21855921856	8.95106364e-06
7.22344322344	2.010739056e-05
7.22832722833	1.522766501e-05
7.23321123321	7.292435411e-06
7.2380952381	8.753029934e-06
7.24297924298	9.625456638e-06
7.24786324786	1.444713084e-05
7.25274725275	1.89718065e-05
7.25763125763	8.191090496e-06
7.26251526252	1.970711844e-05
7.2673992674	1.100290669e-05
7.27228327228	9.046607034e-06
7.27716727717	5.791037478e-06
7.28205128205	3.314756554e-06
7.28693528694	1.183558502e-05
7.29181929182	1.245214408e-05
7.2967032967	1.110518736e-05
7.30158730159	5.216905633e-06
7.30647130647	5.645227166e-06
7.31135531136	1.029604634e-05
7.31623931624	1.274385932e-05
7.32112332112	1.299123008e-05
7.32600732601	9.967841749e-06
7.33089133089	1.043573188e-05
7.33577533578	8.64558945e-06
7.34065934066	7.629193138e-06
7.34554334554	1.161450843e-05
7.35042735043	8.751883405e-06
7.35531135531	6.665721023e-06
7.3601953602	1.246464326e-05
7.36507936508	5.360389147e-06
7.36996336996	6.148854419e-06
7.37484737485	1.249134584e-05
7.37973137973	1.249134584e-05
7.38461538462	7.427322167e-06
7.3894993895	1.106863951e-05
7.39438339438	7.228501461e-06
7.39926739927	7.97150707e-06
7.40415140415	6.481136151e-06
7.40903540904	7.771384519e-06
7.41391941392	9.761640903e-06
7.4188034188	1.523640888e-05
7.42368742369	9.551110539e-06
7.42857142857	5.830330956e-06
7.43345543346	5.136798861e-06
7.43833943834	9.998219917e-06
7.44322344322	1.759949434e-05
7.44810744811	5.572692203e-06
7.45299145299	2.577639135e-06
7.45787545788	2.577639135e-06
7.46275946276	3.100075842e-06
7.46764346764	3.813278763e-06
7.47252747253	9.753565123e-06
7.47741147741	7.375411234e-06
7.4822954823	1.326824463e-05
7.48717948718	5.964585631e-06
7.49206349206	5.964585631e-06
7.49694749695	6.560648985e-06
7.50183150183	1.293174824e-05
7.50671550672	1.325610064e-05
7.5115995116	1.04629943e-05
7.51648351648	6.529836411e-06
7.52136752137	9.864543379e-06
7.52625152625	1.239108423e-05
7.53113553114	1.239108423e-05
7.53601953602	3.786919722e-06
7.5409035409	8.278635926e-06
7.54578754579	5.474999455e-06
7.55067155067	3.457456123e-06
7.55555555556	9.857094214e-06
7.56043956044	1.128033875e-05
7.56532356532	1.128033875e-05
7.57020757021	2.914673686e-06
7.57509157509	1.013691773e-05
7.57997557998	1.99345066e-05
7.58485958486	4.870726771e-06
7.58974358974	6.7091556e-06
7.59462759463	5.346709517e-06
7.59951159951	1.095541819e-05
7.6043956044	8.008734005e-06
7.60927960928	6.725639465e-06
7.61416361416	1.107293753e-05
7.61904761905	8.223968262e-06
7.62393162393	7.309019344e-06
7.62881562882	5.189365931e-06
7.6336996337	4.556241447e-06
7.63858363858	9.480972983e-06
7.64346764347	4.570752205e-06
7.64835164835	7.237622959e-06
7.65323565324	2.866066314e-06
7.65811965812	5.181142858e-06
7.663003663	3.855379324e-06
7.66788766789	6.174907719e-06
7.67277167277	4.889462694e-06
7.67765567766	4.986246188e-06
7.68253968254	6.558848382e-06
7.68742368742	6.558848382e-06
7.69230769231	5.783793694e-06
7.69719169719	4.412541573e-06
7.70207570208	5.163038427e-06
7.70695970696	1.082050364e-05
7.71184371184	1.082050364e-05
7.71672771673	6.305414743e-06
7.72161172161	7.117259411e-06
7.7264957265	5.355187066e-06
7.73137973138	9.48865271e-06
7.73626373626	5.607599688e-06
7.74114774115	5.131879027e-06
7.74603174603	5.131879027e-06
7.75091575092	3.53415535e-06
7.7557997558	5.901603973e-06
7.76068376068	8.929996507e-06
7.76556776557	1.075478709e-05
7.77045177045	7.172741088e-06
7.77533577534	3.183863061e-06
7.78021978022	2.158857174e-06
7.7851037851	2.770037447e-06
7.78998778999	9.462205161e-06
7.79487179487	5.499261147e-06
7.79975579976	4.018408974e-06
7.80463980464	8.236245501e-06
7.80952380952	6.190191147e-06
7.81440781441	5.527493393e-06
7.81929181929	4.947994108e-06
7.82417582418	5.323299411e-06
7.82905982906	5.323299411e-06
7.83394383394	3.735671086e-06
7.83882783883	7.056274305e-06
7.84371184371	6.142689895e-06
7.8485958486	6.560361117e-06
7.85347985348	2.916328069e-06
7.85836385836	1.061841715e-05
7.86324786325	5.454270956e-06
7.86813186813	7.94921364e-06
7.87301587302	2.630324698e-06
7.8778998779	4.880727705e-06
7.88278388278	6.407015323e-06
7.88766788767	8.07128516e-06
7.89255189255	7.823862632e-06
7.89743589744	7.823862632e-06
7.90231990232	3.585221088e-06
7.9072039072	2.564241033e-06
7.91208791209	2.564241033e-06
7.91697191697	4.843463615e-06
7.92185592186	6.17377294e-06
7.92673992674	6.011798636e-06
7.93162393162	7.248496734e-06
7.93650793651	5.50164191e-06
7.94139194139	6.474713847e-06
7.94627594628	6.474713847e-06
7.95115995116	3.289002116e-06
7.95604395604	4.056489867e-06
7.96092796093	4.056489867e-06
7.96581196581	3.454969329e-06
7.9706959707	4.649450063e-06
7.97557997558	4.649450063e-06
7.98046398046	2.671088993e-06
7.98534798535	3.323058658e-06
7.99023199023	6.523366994e-06
7.99511599512	6.031750532e-06
8.0	4.566211505e-06
8.00488400488	2.833044495e-06
8.00976800977	4.986419984e-06
8.01465201465	4.947530205e-06
8.01953601954	4.947530205e-06
8.02442002442	4.879093462e-06
8.0293040293	3.3051513e-06
8.03418803419	7.004797586e-06
8.03907203907	6.093713761e-06
8.04395604396	3.83084696e-06
8.04884004884	3.83084696e-06
8.05372405372	2.948912509e-06
8.05860805861	5.093687688e-06
8.06349206349	6.000669675e-06
8.06837606838	6.662404282e-06
8.07326007326	6.29832389e-06
8.07814407814	6.29832389e-06
8.08302808303	6.528064115e-06
8.08791208791	8.148362339e-06
8.0927960928	9.082798427e-06
8.09768009768	8.71207026e-06
8.10256410256	3.086186003e-06
8.10744810745	3.13131861e-06
8.11233211233	3.899863516e-06
8.11721611722	1.968338023e-06
8.1221001221	3.273266386e-06
8.12698412698	3.273266386e-06
8.13186813187	2.356655654e-06
8.13675213675	6.588250093e-06
8.14163614164	4.592169433e-06
8.14652014652	5.053531554e-06
8.1514041514	5.281913692e-06
8.15628815629	2.38158282e-06
8.16117216117	2.972324243e-06
8.16605616606	6.381431973e-06
8.17094017094	4.181422558e-06
8.17582417582	2.745100408e-06
8.18070818071	2.745100408e-06
8.18559218559	1.303835328e-06
8.19047619048	3.82526525e-06
8.19536019536	5.105615268e-06
8.20024420024	2.984379222e-06
8.20512820513	5.912765657e-06
8.21001221001	9.801391144e-06
8.2148962149	5.639452754e-06
8.21978021978	2.51155264e-06
8.22466422466	3.29859038e-06
8.22954822955	2.379260727e-06
8.23443223443	2.962549259e-06
8.23931623932	5.14576247e-06
8.2442002442	5.14576247e-06
8.24908424908	1.011203896e-06
8.25396825397	4.242870027e-06
8.25885225885	5.856197555e-06
8.26373626374	5.856197555e-06
8.26862026862	3.602274981e-06
8.2735042735	3.602274981e-06
8.27838827839	3.018970486e-06
8.28327228327	6.128930636e-06
8.28815628816	6.128930636e-06
8.29304029304	1.037250917e-06
8.29792429792	1.615040915e-06
8.30280830281	3.302399973e-06
8.30769230769	5.180761787e-06
8.31257631258	4.720348388e-06
8.31746031746	4.532654193e-06
8.32234432234	9.7302559e-06
8.32722832723	3.252065517e-06
8.33211233211	6.178231348e-06
8.336996337	8.01620599e-06
8.34188034188	8.01620599e-06
8.34676434676	2.057708179e-06
8.35164835165	2.875201753e-06
8.35653235653	2.875201753e-06
8.36141636142	9.441128615e-06
8.3663003663	4.982774052e-06
8.37118437118	4.982774052e-06
8.37606837607	2.951320506e-06
8.38095238095	1.503860123e-06
8.38583638584	7.544433697e-06
8.39072039072	2.244634247e-06
8.3956043956	4.171457064e-06
8.40048840049	4.209363822e-06
8.40537240537	2.212419728e-06
8.41025641026	2.212419728e-06
8.41514041514	2.311363179e-06
8.42002442002	8.779283887e-06
8.42490842491	8.779283887e-06
8.42979242979	2.683671771e-06
8.43467643468	4.626367398e-06
8.43956043956	4.626367398e-06
8.44444444444	5.227615338e-06
8.44932844933	5.227615338e-06
8.45421245421	1.52314498e-06
8.4590964591	8.164741625e-06
8.46398046398	5.659176332e-06
8.46886446886	8.04805947e-06
8.47374847375	7.451839506e-06
8.47863247863	7.451839506e-06
8.48351648352	6.250044922e-06
8.4884004884	7.217920422e-06
8.49328449328	5.366449334e-06
8.49816849817	3.298258552e-06
8.50305250305	1.82970162e-05
8.50793650794	8.612272396e-06
8.51282051282	8.968446852e-06
8.5177045177	1.765294779e-05
8.52258852259	2.946457948e-05
8.52747252747	3.151258651e-05
8.53235653236	5.475815866e-05
8.53724053724	4.990624281e-05
8.54212454212	7.582767806e-05
8.54700854701	6.279896023e-05
8.55189255189	5.941546668e-05
8.55677655678	7.013265209e-05
8.56166056166	7.730937602e-05
8.56654456654	7.620490916e-05
8.57142857143	6.46827263e-05
8.57631257631	4.603156366e-05
8.5811965812	9.34064113e-05
8.58608058608	6.479265992e-05
8.59096459096	6.568868555e-05
8.59584859585	5.017273847e-05
8.60073260073	0.0001040082978
8.60561660562	0.0001064418431
8.6105006105	3.2854149e-05
8.61538461538	1.780983168e-06
8.62026862027	1.780983168e-06
8.62515262515	2.828221224e-06
8.63003663004	3.785549671e-06
8.63492063492	3.998073089e-06
8.6398046398	7.339664299e-06
8.64468864469	7.339664299e-06
8.64957264957	7.507847578e-06
8.65445665446	6.379786387e-06
8.65934065934	5.320964008e-06
8.66422466422	4.269997766e-06
8.66910866911	4.269997766e-06
8.67399267399	2.860577839e-06
8.67887667888	3.836766754e-06
8.68376068376	1.961262246e-06
8.68864468864	3.845601263e-06
8.69352869353	3.694834049e-06
8.69841269841	5.728296309e-06
8.7032967033	4.396963492e-06
8.70818070818	4.859439025e-06
8.71306471306	2.288299567e-06
8.71794871795	2.269091466e-06
8.72283272283	2.992394829e-06
8.72771672772	3.472661972e-06
8.7326007326	7.321238062e-06
8.73748473748	2.961268328e-06
8.74236874237	3.517265942e-06
8.74725274725	2.372228567e-06
8.75213675214	2.372228567e-06
8.75702075702	2.593979017e-06
8.7619047619	4.584033353e-06
8.76678876679	3.07552291e-06
8.77167277167	4.656018766e-06
8.77655677656	9.104493409e-06
8.78144078144	4.306959038e-06
8.78632478632	9.840119058e-06
8.79120879121	1.017107711e-05
8.79609279609	8.722958828e-06
8.80097680098	6.144291686e-06
8.80586080586	5.603869001e-06
8.81074481074	5.603869001e-06
8.81562881563	2.611219953e-06
8.82051282051	5.600143483e-06
8.8253968254	4.835221455e-06
8.83028083028	4.835221455e-06
8.83516483516	1.659768888e-06
8.84004884005	2.530782669e-06
8.84493284493	3.920536527e-06
8.84981684982	4.904898434e-06
8.8547008547	2.805496079e-06
8.85958485958	2.805496079e-06
8.86446886447	3.56615796e-06
8.86935286935	5.438118776e-06
8.87423687424	5.565772665e-06
8.87912087912	8.665857699e-06
8.884004884	2.626122694e-06
8.88888888889	2.626122694e-06
8.89377289377	2.938873086e-06
8.89865689866	2.938873086e-06
8.90354090354	2.63098926e-06
8.90842490842	6.515140143e-06
8.91330891331	2.216984817e-06
8.91819291819	8.351604789e-06
8.92307692308	2.942863943e-06
8.92796092796	4.806929901e-06
8.93284493284	6.597703366e-06
8.93772893773	3.887464284e-06
8.94261294261	3.765940047e-06
8.9474969475	8.541036027e-06
8.95238095238	6.078801941e-06
8.95726495726	6.078801941e-06
8.96214896215	2.167578061e-06
8.96703296703	3.357506597e-06
8.97191697192	1.86132413e-06
8.9768009768	1.86132413e-06
8.98168498168	4.98726079e-06
8.98656898657	4.98726079e-06
8.99145299145	4.939646168e-06
8.99633699634	6.554890059e-06
9.00122100122	5.116520831e-06
9.0061050061	5.116520831e-06
9.01098901099	2.891263149e-06
9.01587301587	6.016002567e-06
9.02075702076	6.016002567e-06
9.02564102564	2.726204576e-06
9.03052503052	2.726204576e-06
9.03540903541	4.97448512e-06
9.04029304029	3.790226288e-06
9.04517704518	3.790226288e-06
9.05006105006	3.13862477e-06
9.05494505495	6.203570924e-06
9.05982905983	4.455161583e-06
9.06471306471	6.508713214e-06
9.0695970696	6.508713214e-06
9.07448107448	2.944090687e-06
9.07936507937	3.679973328e-06
9.08424908425	9.224440413e-06
9.08913308913	9.224440413e-06
9.09401709402	3.150833685e-06
9.0989010989	2.852043566e-06
9.10378510379	5.120170924e-06
9.10866910867	5.94988094e-06
9.11355311355	4.137827903e-06
9.11843711844	5.293865285e-06
9.12332112332	2.827271522e-06
9.12820512821	2.745003051e-06
9.13308913309	3.326668685e-06
9.13797313797	2.907069196e-06
9.14285714286	3.600144092e-06
9.14774114774	3.600144092e-06
9.15262515263	6.302709957e-06
9.15750915751	6.004591952e-06
9.16239316239	6.350579284e-06
9.16727716728	2.88402086e-06
9.17216117216	4.114115526e-06
9.17704517705	4.544716649e-06
9.18192918193	4.992266812e-06
9.18681318681	4.276355726e-06
9.1916971917	4.276355726e-06
9.19658119658	5.712829759e-06
9.20146520147	7.045475917e-06
9.20634920635	5.830576054e-06
9.21123321123	8.195050506e-06
9.21611721612	8.195050506e-06
9.221001221	3.269527416e-06
9.22588522589	3.403437799e-06
9.23076923077	4.209124456e-06
9.23565323565	5.335974095e-06
9.24053724054	2.385518946e-06
9.24542124542	3.463338878e-06
9.25030525031	3.463338878e-06
9.25518925519	2.886248779e-06
9.26007326007	4.283775082e-06
9.26495726496	3.353729149e-06
9.26984126984	3.353729149e-06
9.27472527473	1.430968874e-06
9.27960927961	3.214174871e-06
9.28449328449	5.108301439e-06
9.28937728938	5.468892747e-06
9.29426129426	9.956918405e-06
9.29914529915	3.17829383e-06
9.30402930403	4.302354811e-06
9.30891330891	7.420442468e-06
9.3137973138	2.007547818e-06
9.31868131868	4.022507539e-06
9.32356532357	4.022507539e-06
9.32844932845	6.320127077e-06
9.33333333333	7.339350426e-06
9.33821733822	2.066270673e-06
9.3431013431	3.970978396e-06
9.34798534799	3.970978396e-06
9.35286935287	3.055191049e-06
9.35775335775	4.489039158e-06
9.36263736264	4.489039158e-06
9.36752136752	2.944352301e-06
9.37240537241	2.944352301e-06
9.37728937729	2.989391308e-06
9.38217338217	8.028872253e-06
9.38705738706	2.146658507e-06
9.39194139194	4.381121083e-06
9.39682539683	2.901482652e-06
9.40170940171	5.50798978e-06
9.40659340659	3.71700093e-06
9.41147741148	3.71700093e-06
9.41636141636	3.71700093e-06
9.42124542125	9.31745991e-07
9.42612942613	5.201333476e-06
9.43101343101	7.382584788e-06
9.4358974359	4.692639834e-06
9.44078144078	5.180266541e-06
9.44566544567	1.594068636e-06
9.45054945055	5.574540583e-06
9.45543345543	2.87671173e-06
9.46031746032	2.216031418e-06
9.4652014652	2.216031418e-06
9.47008547009	2.126435019e-06
9.47496947497	2.126435019e-06
9.47985347985	7.41158205e-06
9.48473748474	5.133017266e-06
9.48962148962	2.851510716e-06
9.49450549451	2.601275728e-06
9.49938949939	3.915237305e-06
9.50427350427	3.915237305e-06
9.50915750916	1.720894638e-06
9.51404151404	2.045364884e-06
9.51892551893	2.045364884e-06
9.52380952381	6.384842282e-06
9.52869352869	6.152063381e-06
9.53357753358	2.890538487e-06
9.53846153846	3.371789037e-06
9.54334554335	3.371789037e-06
9.54822954823	1.602264038e-06
9.55311355311	1.602264038e-06
9.557997558	1.583945283e-06
9.56288156288	3.312371103e-06
9.56776556777	3.365444045e-06
9.57264957265	3.365444045e-06
9.57753357753	6.300930024e-06
9.58241758242	3.072683341e-06
9.5873015873	3.613690031e-06
9.59218559219	3.613690031e-06
9.59706959707	4.06410987e-06
9.60195360195	3.238424817e-06
9.60683760684	2.261634572e-06
9.61172161172	2.502258914e-06
9.61660561661	5.990861899e-06
9.62148962149	6.494626325e-06
9.62637362637	4.594456513e-06
9.63125763126	4.627116848e-06
9.63614163614	5.150894953e-06
9.64102564103	5.255919663e-06
9.64590964591	5.164471548e-06
9.65079365079	5.164471548e-06
9.65567765568	3.383507364e-06
9.66056166056	2.978405133e-06
9.66544566545	5.219746363e-06
9.67032967033	5.219746363e-06
9.67521367521	4.709829966e-06
9.6800976801	4.709829966e-06
9.68498168498	3.156292736e-06
9.68986568987	8.274567356e-06
9.69474969475	2.510075569e-06
9.69963369963	2.510075569e-06
9.70451770452	3.014035459e-06
9.7094017094	2.852661082e-06
9.71428571429	4.371948598e-06
9.71916971917	4.371948598e-06
9.72405372405	2.282118606e-06
9.72893772894	4.949905962e-06
9.73382173382	6.133381795e-06
9.73870573871	4.451563385e-06
9.74358974359	4.451563385e-06
9.74847374847	4.451563385e-06
9.75335775336	2.535412165e-06
9.75824175824	2.263922364e-06
9.76312576313	2.263922364e-06
9.76800976801	1.855143254e-06
9.77289377289	1.855143254e-06
9.77777777778	1.321542077e-06
9.78266178266	1.321542077e-06
9.78754578755	3.056893932e-06
9.79242979243	3.433596527e-06
9.79731379731	3.433596527e-06
9.8021978022	3.197820161e-06
9.80708180708	3.24088535e-06
9.81196581197	3.930615672e-06
9.81684981685	3.930615672e-06
9.82173382173	1.835221348e-06
9.82661782662	1.835221348e-06
9.8315018315	1.118114733e-05
9.83638583639	6.003730718e-06
9.84126984127	6.003730718e-06
9.84615384615	6.003730718e-06
9.85103785104	2.528460222e-06
9.85592185592	2.461696495e-06
9.86080586081	2.461696495e-06
9.86568986569	2.461696495e-06
9.87057387057	1.015813287e-06
9.87545787546	3.821808923e-06
9.88034188034	5.364131458e-06
9.88522588523	5.93753711e-06
9.89010989011	5.93753711e-06
9.89499389499	5.269637515e-06
9.89987789988	5.269637515e-06
9.90476190476	5.269637515e-06
9.90964590965	3.080249936e-06
9.91452991453	3.959299666e-06
9.91941391941	2.105220522e-06
9.9242979243	4.182781705e-06
9.92918192918	4.182781705e-06
9.93406593407	2.497864076e-06
9.93894993895	8.575870382e-06
9.94383394383	6.506988213e-06
9.94871794872	6.506988213e-06
9.9536019536	2.808131811e-06
9.95848595849	2.969880541e-06
9.96336996337	3.771462924e-06
9.96825396825	4.490010669e-06
9.97313797314	6.608586881e-06
9.97802197802	5.926181586e-06
9.98290598291	7.681459895e-06
9.98778998779	7.681459895e-06
9.99267399267	9.602818466e-06
9.99755799756	5.479638212e-06
10.0024420024	6.190721137e-06
