V	MHz
0.0	85.76692397
0.004884004884	106.6197982
0.00976800976801	106.6204837
0.014652014652	106.621843
0.019536019536	106.6216955
0.02442002442	106.6224142
0.029304029304	106.6226954
0.034188034188	106.6228569
0.039072039072	106.6227298
0.043956043956	106.6227845
0.04884004884	106.6229282
0.0537240537241	106.6227875
0.0586080586081	106.6230782
0.0634920634921	106.6232052
0.0683760683761	106.6233294
0.0732600732601	106.6232913
0.0781440781441	106.6233502
0.0830280830281	106.6235652
0.0879120879121	106.62381
0.0927960927961	106.6240158
0.0976800976801	106.6239054
0.102564102564	106.6237172
0.107448107448	106.6236616
0.112332112332	106.6235344
0.117216117216	106.6235572
0.1221001221	106.6238245
0.126984126984	106.6237562
0.131868131868	106.6238173
0.136752136752	106.6237138
0.141636141636	106.6236179
0.14652014652	106.6237898
0.151404151404	106.6237798
0.156288156288	106.623926
0.161172161172	106.6241685
0.166056166056	106.6239836
0.17094017094	106.6237485
0.175824175824	106.6238447
0.180708180708	106.6241092
0.185592185592	106.6242297
0.190476190476	106.6245613
0.19536019536	106.6242591
0.200244200244	106.6242069
0.205128205128	106.6243725
0.210012210012	106.6240613
0.214896214896	106.6240048
0.21978021978	106.624242
0.224664224664	106.6243395
0.229548229548	106.624055
0.234432234432	106.6241642
0.239316239316	106.6245381
0.2442002442	106.6244252
0.249084249084	106.6244505
0.253968253968	106.6246364
0.258852258852	106.6247959
0.263736263736	106.6247207
0.26862026862	106.6247202
0.273504273504	106.62476
0.278388278388	106.6251589
0.283272283272	106.6249553
0.288156288156	106.624618
0.29304029304	106.6243895
0.297924297924	106.6247426
0.302808302808	106.6247941
0.307692307692	106.6249708
0.312576312576	106.6247496
0.31746031746	106.624908
0.322344322344	106.6247085
0.327228327228	106.6251339
0.332112332112	106.6249817
0.336996336996	106.6252086
0.34188034188	106.6249796
0.346764346764	106.6252846
0.351648351648	106.6249602
0.356532356532	106.6252281
0.361416361416	106.6249967
0.3663003663	106.6255219
0.371184371184	106.625323
0.376068376068	106.6255912
0.380952380952	106.6253361
0.385836385836	106.6255252
0.39072039072	106.6257263
0.395604395604	106.6256413
0.400488400488	106.62546
0.405372405372	106.6257332
0.410256410256	106.6255119
0.41514041514	106.6253942
0.420024420024	106.6257879
0.424908424908	106.6255665
0.429792429792	106.6258364
0.434676434676	106.6256639
0.43956043956	106.6256807
0.444444444444	106.6257236
0.449328449328	106.6257885
0.454212454212	106.626145
0.459096459096	106.6258363
0.46398046398	106.6260052
0.468864468864	106.6258169
0.473748473748	106.6258428
0.478632478632	106.6259912
0.483516483516	106.6256142
0.4884004884	106.6257883
0.493284493284	106.6259167
0.498168498168	106.626148
0.503052503053	106.6261026
0.507936507937	106.6262842
0.512820512821	106.6260037
0.517704517705	106.6259667
0.522588522589	106.6261975
0.527472527473	106.6263654
0.532356532357	106.6263219
0.537240537241	106.6263338
0.542124542125	106.6263773
0.547008547009	106.6267287
0.551892551893	106.6261688
0.556776556777	106.6263299
0.561660561661	106.6263466
0.566544566545	106.6264414
0.571428571429	106.6265609
0.576312576313	106.6264167
0.581196581197	106.6265744
0.586080586081	106.6264349
0.590964590965	106.6265325
0.595848595849	106.6265551
0.600732600733	106.6264579
0.605616605617	106.626771
0.610500610501	106.6266093
0.615384615385	106.6267597
0.620268620269	106.6268517
0.625152625153	106.6270085
0.630036630037	106.6269382
0.634920634921	106.6266871
0.639804639805	106.626763
0.644688644689	106.6265856
0.649572649573	106.6267924
0.654456654457	106.6266998
0.659340659341	106.6267331
0.664224664225	106.6269722
0.669108669109	106.6266868
0.673992673993	106.6270856
0.678876678877	106.6273095
0.683760683761	106.6270198
0.688644688645	106.6268377
0.693528693529	106.6270765
0.698412698413	106.6269456
0.703296703297	106.6270696
0.708180708181	106.6270611
0.713064713065	106.6270014
0.717948717949	106.6271111
0.722832722833	106.6270446
0.727716727717	106.6270047
0.732600732601	106.6269769
0.737484737485	106.6270514
0.742368742369	106.6271563
0.747252747253	106.6270861
0.752136752137	106.6270558
0.757020757021	106.6272313
0.761904761905	106.6272324
0.766788766789	106.62723
0.771672771673	106.6271469
0.776556776557	106.6271612
0.781440781441	106.627159
0.786324786325	106.6271262
0.791208791209	106.6273083
0.796092796093	106.6271151
0.800976800977	106.6271443
0.805860805861	106.6274087
0.810744810745	106.6275273
0.815628815629	106.6273072
0.820512820513	106.6274964
0.825396825397	106.6274804
0.830280830281	106.6274881
0.835164835165	106.6275329
0.840048840049	106.6273795
0.844932844933	106.627422
0.849816849817	106.6274268
0.854700854701	106.6275586
0.859584859585	106.6275015
0.864468864469	106.6274476
0.869352869353	106.6273093
0.874236874237	106.6272773
0.879120879121	106.6277094
0.884004884005	106.6274195
0.888888888889	106.627374
0.893772893773	106.6276555
0.898656898657	106.6274891
0.903540903541	106.6274593
0.908424908425	106.6276567
0.913308913309	106.6275885
0.918192918193	106.627607
0.923076923077	106.6278486
0.927960927961	106.6278977
0.932844932845	106.6273866
0.937728937729	106.6276749
0.942612942613	106.6278315
0.947496947497	106.6276318
0.952380952381	106.6279172
0.957264957265	106.6279988
0.962148962149	106.6278435
0.967032967033	106.6278693
0.971916971917	106.6278277
0.976800976801	106.6279824
0.981684981685	106.6279598
0.986568986569	106.6279342
0.991452991453	106.6277829
0.996336996337	106.6278144
1.00122100122	106.6279102
1.00610500611	106.628124
1.01098901099	106.6278378
1.01587301587	106.6278356
1.02075702076	106.6278012
1.02564102564	106.6280069
1.03052503053	106.627802
1.03540903541	106.6278581
1.04029304029	106.6279354
1.04517704518	106.6278999
1.05006105006	106.6279446
1.05494505495	106.6277645
1.05982905983	106.6280201
1.06471306471	106.6278816
1.0695970696	106.627733
1.07448107448	106.6279525
1.07936507937	106.6280416
1.08424908425	106.6281909
1.08913308913	106.6281835
1.09401709402	106.62791
1.0989010989	106.6279133
1.10378510379	106.6278897
1.10866910867	106.6280954
1.11355311355	106.6281952
1.11843711844	106.6280236
1.12332112332	106.6279817
1.12820512821	106.627946
1.13308913309	106.6280733
1.13797313797	106.6281274
1.14285714286	106.6281332
1.14774114774	106.6282128
1.15262515263	106.6282508
1.15750915751	106.6282318
1.16239316239	106.6284115
1.16727716728	106.6282734
1.17216117216	106.6281153
1.17704517705	106.6281589
1.18192918193	106.6281184
1.18681318681	106.6280805
1.1916971917	106.6281732
1.19658119658	106.6282194
1.20146520147	106.6282093
1.20634920635	106.6282475
1.21123321123	106.6280681
1.21611721612	106.6282464
1.221001221	106.6281959
1.22588522589	106.6281847
1.23076923077	106.6281881
1.23565323565	106.6281291
1.24053724054	106.6282307
1.24542124542	106.628228
1.25030525031	106.6283533
1.25518925519	106.6282412
1.26007326007	106.6283419
1.26495726496	106.6284251
1.26984126984	106.6287419
1.27472527473	106.6286604
1.27960927961	106.6286196
1.28449328449	106.6285631
1.28937728938	106.6286989
1.29426129426	106.6285608
1.29914529915	106.6284974
1.30402930403	106.6283311
1.30891330891	106.6283984
1.3137973138	106.6285519
1.31868131868	106.6285643
1.32356532357	106.6285532
1.32844932845	106.6283626
1.33333333333	106.6285025
1.33821733822	106.6282678
1.3431013431	106.6282964
1.34798534799	106.6284618
1.35286935287	106.6283239
1.35775335775	106.628259
1.36263736264	106.6282376
1.36752136752	106.6282051
1.37240537241	106.6280697
1.37728937729	106.6280286
1.38217338217	106.6281198
1.38705738706	106.6283154
1.39194139194	106.628208
1.39682539683	106.6280096
1.40170940171	106.6280845
1.40659340659	106.6282007
1.41147741148	106.6283595
1.41636141636	106.6282913
1.42124542125	106.6281984
1.42612942613	106.6280907
1.43101343101	106.627994
1.4358974359	106.627953
1.44078144078	106.627927
1.44566544567	106.6280724
1.45054945055	106.6279112
1.45543345543	106.6279144
1.46031746032	106.6278141
1.4652014652	106.6281056
1.47008547009	106.6280721
1.47496947497	106.6281545
1.47985347985	106.6279145
1.48473748474	106.6279414
1.48962148962	106.6281943
1.49450549451	106.6281676
1.49938949939	106.6281457
1.50427350427	106.6280917
1.50915750916	106.6279433
1.51404151404	106.6280278
1.51892551893	106.6279347
1.52380952381	106.6280216
1.52869352869	106.62795
1.53357753358	106.6279704
1.53846153846	106.6280295
1.54334554335	106.6281519
1.54822954823	106.6281508
1.55311355311	106.6278177
1.557997558	106.6281115
1.56288156288	106.628008
1.56776556777	106.6281466
1.57264957265	106.6282028
1.57753357753	106.6282129
1.58241758242	106.628191
1.5873015873	106.6282509
1.59218559219	106.6281516
1.59706959707	106.6281304
1.60195360195	106.6281392
1.60683760684	106.6280464
1.61172161172	106.6279737
1.61660561661	106.6279531
1.62148962149	106.627994
1.62637362637	106.6281407
1.63125763126	106.6282163
1.63614163614	106.6277447
1.64102564103	106.6281097
1.64590964591	106.6280293
1.65079365079	106.6280931
1.65567765568	106.6281364
1.66056166056	106.6280049
1.66544566545	106.6281316
1.67032967033	106.6281586
1.67521367521	106.6280542
1.6800976801	106.6283519
1.68498168498	106.6281589
1.68986568987	106.6284182
1.69474969475	106.6284639
1.69963369963	106.6283717
1.70451770452	106.6281562
1.7094017094	106.6281938
1.71428571429	106.6281605
1.71916971917	106.628153
1.72405372405	106.628286
1.72893772894	106.6283315
1.73382173382	106.628416
1.73870573871	106.6282522
1.74358974359	106.6281559
1.74847374847	106.6281208
1.75335775336	106.6282163
1.75824175824	106.6284095
1.76312576313	106.6283386
1.76800976801	106.6282785
1.77289377289	106.6284263
1.77777777778	106.6284532
1.78266178266	106.6285837
1.78754578755	106.6284998
1.79242979243	106.6283788
1.79731379731	106.6283136
1.8021978022	106.6285765
1.80708180708	106.6285246
1.81196581197	106.6284257
1.81684981685	106.6281716
1.82173382173	106.6280669
1.82661782662	106.6283907
1.8315018315	106.6282828
1.83638583639	106.6283815
1.84126984127	106.6284739
1.84615384615	106.6283792
1.85103785104	106.6285705
1.85592185592	106.6285576
1.86080586081	106.6284651
1.86568986569	106.6284135
1.87057387057	106.6284891
1.87545787546	106.628513
1.88034188034	106.628342
1.88522588523	106.6285063
1.89010989011	106.6285442
1.89499389499	106.628492
1.89987789988	106.6286692
1.90476190476	106.6285743
1.90964590965	106.6285947
1.91452991453	106.6283802
1.91941391941	106.6285552
1.9242979243	106.6284225
1.92918192918	106.6284394
1.93406593407	106.6284771
1.93894993895	106.6285707
1.94383394383	106.6286281
1.94871794872	106.6286239
1.9536019536	106.6286102
1.95848595849	106.6286171
1.96336996337	106.6287228
1.96825396825	106.6286663
1.97313797314	106.6285811
1.97802197802	106.6286226
1.98290598291	106.6286219
1.98778998779	106.6287006
1.99267399267	106.6288644
1.99755799756	106.6287822
2.00244200244	106.628673
2.00732600733	106.6287278
2.01221001221	106.6287341
2.01709401709	106.6286446
2.02197802198	106.6287354
2.02686202686	106.6286235
2.03174603175	106.6287135
2.03663003663	106.6287759
2.04151404151	106.6287474
2.0463980464	106.6287488
2.05128205128	106.6289586
2.05616605617	106.6288382
2.06105006105	106.628896
2.06593406593	106.6289227
2.07081807082	106.6288486
2.0757020757	106.6287027
2.08058608059	106.6288526
2.08547008547	106.6288382
2.09035409035	106.6288482
2.09523809524	106.6287776
2.10012210012	106.6288405
2.10500610501	106.6289462
2.10989010989	106.6289431
2.11477411477	106.6289161
2.11965811966	106.6288594
2.12454212454	106.6287957
2.12942612943	106.6287888
2.13431013431	106.6289096
2.13919413919	106.6288894
2.14407814408	106.6287103
2.14896214896	106.6288142
2.15384615385	106.6288887
2.15873015873	106.6288057
2.16361416361	106.6289049
2.1684981685	106.6288102
2.17338217338	106.6287059
2.17826617827	106.6289829
2.18315018315	106.6289798
2.18803418803	106.6289701
2.19291819292	106.6289127
2.1978021978	106.6291111
2.20268620269	106.6289485
2.20757020757	106.6289847
2.21245421245	106.6290761
2.21733821734	106.6290379
2.22222222222	106.6290654
2.22710622711	106.6291303
2.23199023199	106.6291528
2.23687423687	106.6291454
2.24175824176	106.6290305
2.24664224664	106.6291691
2.25152625153	106.6292045
2.25641025641	106.6291623
2.26129426129	106.6291428
2.26617826618	106.6290739
2.27106227106	106.6291883
2.27594627595	106.6291665
2.28083028083	106.6291958
2.28571428571	106.6291645
2.2905982906	106.6290681
2.29548229548	106.6290542
2.30036630037	106.6290578
2.30525030525	106.6291641
2.31013431013	106.6292022
2.31501831502	106.6291401
2.3199023199	106.6291942
2.32478632479	106.6290525
2.32967032967	106.6291718
2.33455433455	106.6291527
2.33943833944	106.6290432
2.34432234432	106.6292722
2.34920634921	106.6292307
2.35409035409	106.6290466
2.35897435897	106.6290987
2.36385836386	106.6291922
2.36874236874	106.6290808
2.37362637363	106.6290224
2.37851037851	106.6290943
2.38339438339	106.6290285
2.38827838828	106.6292141
2.39316239316	106.6291772
2.39804639805	106.6291748
2.40293040293	106.6289496
2.40781440781	106.6290612
2.4126984127	106.6291126
2.41758241758	106.6290928
2.42246642247	106.6290365
2.42735042735	106.6292077
2.43223443223	106.6290506
2.43711843712	106.6513061
2.442002442	106.7079418
2.44688644689	106.7595008
2.45177045177	106.7866709
2.45665445665	106.842792
2.46153846154	106.8645887
2.46642246642	106.9206944
2.47130647131	106.9746872
2.47619047619	106.9989434
2.48107448107	107.0563174
2.48595848596	107.0767598
2.49084249084	107.1335862
2.49572649573	107.188864
2.50061050061	107.2108796
2.50549450549	107.266384
2.51037851038	107.2870495
2.51526251526	107.3439418
2.52014652015	107.4012502
2.52503052503	107.4219762
2.52991452991	107.4777887
2.5347985348	107.529368
2.53968253968	107.5548937
2.54456654457	107.6106714
2.54945054945	107.6317509
2.55433455433	107.6880222
2.55921855922	107.741289
2.5641025641	107.7648341
2.56898656899	107.8208875
2.57387057387	107.8412713
2.57875457875	107.8971579
2.58363858364	107.9530326
2.58852258852	107.9751682
2.59340659341	108.0314268
2.59829059829	108.0519412
2.60317460317	108.1067529
2.60805860806	108.1622269
2.61294261294	108.1828106
2.61782661783	108.2381165
2.62271062271	108.2890686
2.62759462759	108.3145053
2.63247863248	108.3702443
2.63736263736	108.390608
2.64224664225	108.4457246
2.64713064713	108.498072
2.65201465201	108.5213672
2.6568986569	108.5752728
2.66178266178	108.5958061
2.66666666667	108.6508282
2.67155067155	108.7060557
2.67643467643	108.7270169
2.68131868132	108.7822641
2.6862026862	108.8306861
2.69108669109	108.8573169
2.69597069597	108.911465
2.70085470085	108.9325141
2.70573870574	108.9873322
2.71062271062	109.0378702
2.71550671551	109.0626062
2.72039072039	109.1162839
2.72527472527	109.1372466
2.73015873016	109.1916776
2.73504273504	109.2431432
2.73992673993	109.2670762
2.74481074481	109.3228265
2.74969474969	109.3428994
2.75457875458	109.397617
2.75946275946	109.4502526
2.76434676435	109.4716721
2.76923076923	109.5263468
2.77411477411	109.5462005
2.778998779	109.6005331
2.78388278388	109.6536851
2.78876678877	109.6746723
2.79365079365	109.7280001
2.79853479853	109.7772098
2.80341880342	109.8018335
2.8083028083	109.8556884
2.81318681319	109.8757404
2.81807081807	109.928875
2.82295482295	109.9807248
2.82783882784	110.0038355
2.83272283272	110.058242
2.83760683761	110.077748
2.84249084249	110.1310051
2.84737484737	110.1844864
2.85225885226	110.2045344
2.85714285714	110.2581851
2.86202686203	110.3060522
2.86691086691	110.3320912
2.87179487179	110.3852431
2.87667887668	110.405576
2.88156288156	110.4584493
2.88644688645	110.5083362
2.89133089133	110.531787
2.89621489621	110.5863614
2.9010989011	110.6074136
2.90598290598	110.6603469
2.91086691087	110.7118413
2.91575091575	110.734436
2.92063492063	110.7867634
2.92551892552	110.807571
2.9304029304	110.8598128
2.93528693529	110.9125552
2.94017094017	110.9325846
2.94505494505	110.9864435
2.94993894994	111.0330558
2.95482295482	111.058568
2.95970695971	111.1108316
2.96459096459	111.131081
2.96947496947	111.1830659
2.97435897436	111.2319262
2.97924297924	111.2553837
2.98412698413	111.3092107
2.98901098901	111.3281795
2.99389499389	111.3813932
2.99877899878	111.4316741
3.00366300366	111.4532794
3.00854700855	111.5063661
3.01343101343	111.5253507
3.01831501832	111.5785887
3.0231990232	111.631112
3.02808302808	111.6507201
3.03296703297	111.7036616
3.03785103785	111.7499933
3.04273504274	111.7756711
3.04761904762	111.8270368
3.0525030525	111.8482711
3.05738705739	111.9012795
3.06227106227	111.950764
3.06715506716	111.9738822
3.07203907204	112.0262043
3.07692307692	112.0466592
3.08180708181	112.0985372
3.08669108669	112.1489538
3.09157509158	112.1704343
3.09645909646	112.2228703
3.10134310134	112.2427802
3.10622710623	112.2948909
3.11111111111	112.3472148
3.115995116	112.3668997
3.12087912088	112.4193164
3.12576312576	112.4389831
3.13064713065	112.4903802
3.13553113553	112.543118
3.14041514042	112.5624778
3.1452991453	112.6147675
3.15018315018	112.6628639
3.15506715507	112.6867632
3.15995115995	112.738603
3.16483516484	112.7586141
3.16971916972	112.8101593
3.1746031746	112.8604725
3.17948717949	112.8817815
3.18437118437	112.9337073
3.18925518926	112.9530588
3.19413919414	113.0047942
3.19902319902	113.0570481
3.20390720391	113.0765864
3.20879120879	113.1300291
3.21367521368	113.1761749
3.21855921856	113.2013821
3.22344322344	113.2540355
3.22832722833	113.2729379
3.23321123321	113.3251794
3.2380952381	113.3724936
3.24297924298	113.3959233
3.24786324786	113.4479344
3.25274725275	113.4670764
3.25763125763	113.5193414
3.26251526252	113.568268
3.2673992674	113.590104
3.27228327228	113.6411659
3.27716727717	113.6606527
3.28205128205	113.7125492
3.28693528694	113.7629278
3.29181929182	113.78314
3.2967032967	113.8356222
3.30158730159	113.8543886
3.30647130647	113.9062267
3.31135531136	113.9569801
3.31623931624	113.9771712
3.32112332112	114.0269002
3.32600732601	114.0734686
3.33089133089	114.0978582
3.33577533578	114.1507596
3.34065934066	114.1695627
3.34554334554	114.2205183
3.35042735043	114.2698765
3.35531135531	114.2919438
3.3601953602	114.3423529
3.36507936508	114.3630755
3.36996336996	114.4152479
3.37484737485	114.4666196
3.37973137973	114.4860577
3.38461538462	114.5371877
3.3894993895	114.5573054
3.39438339438	114.6081388
3.39926739927	114.6598773
3.40415140415	114.6786551
3.40903540904	114.7305652
3.41391941392	114.7774545
3.4188034188	114.8009119
3.42368742369	114.8513378
3.42857142857	114.8707918
3.43345543346	114.9224611
3.43833943834	114.9707895
3.44322344322	114.9926021
3.44810744811	115.043374
3.45299145299	115.0630526
3.45787545788	115.113486
3.46275946276	115.1644847
3.46764346764	115.1839694
3.47252747253	115.2356016
3.47741147741	115.2805959
3.4822954823	115.3049253
3.48717948718	115.3558942
3.49206349206	115.3758586
3.49694749695	115.4263128
3.50183150183	115.4739662
3.50671550672	115.4964902
3.5115995116	115.5475687
3.51648351648	115.5666656
3.52136752137	115.6194535
3.52625152625	115.6690542
3.53113553114	115.6899722
3.53601953602	115.7415347
3.5409035409	115.7600684
3.54578754579	115.8115346
3.55067155067	115.8622052
3.55555555556	115.8813986
3.56043956044	115.9331298
3.56532356532	115.9782011
3.57020757021	116.0028234
3.57509157509	116.0543551
3.57997557998	116.0730617
3.58485958486	116.1242675
3.58974358974	116.1710085
3.59462759463	116.194137
3.59951159951	116.2441423
3.6043956044	116.2640579
3.60927960928	116.3154789
3.61416361416	116.3636772
3.61904761905	116.3845618
3.62393162393	116.43542
3.62881562882	116.4551958
3.6336996337	116.5054235
3.63858363858	116.5563003
3.64346764347	116.5755755
3.64835164835	116.6272115
3.65323565324	116.6462943
3.65811965812	116.6964624
3.663003663	116.7476086
3.66788766789	116.765957
3.67277167277	116.8174528
3.67765567766	116.8658093
3.68253968254	116.8888506
3.68742368742	116.9397069
3.69230769231	116.9590172
3.69719169719	117.0097851
3.70207570208	117.0579108
3.70695970696	117.0779692
3.71184371184	117.1278705
3.71672771673	117.1472034
3.72161172161	117.197882
3.7264957265	117.2494729
3.73137973138	117.267902
3.73626373626	117.318859
3.74114774115	117.36511
3.74603174603	117.3881308
3.75091575092	117.4380812
3.7557997558	117.4573139
3.76068376068	117.5073317
3.76556776557	117.5565992
3.77045177045	117.578617
3.77533577534	117.6282748
3.78021978022	117.6480801
3.7851037851	117.6983758
3.78998778999	117.7487894
3.79487179487	117.7679394
3.79975579976	117.8191224
3.80463980464	117.8642106
3.80952380952	117.8891748
3.81440781441	117.9385469
3.81929181929	117.958246
3.82417582418	118.0083778
3.82905982906	118.0552124
3.83394383394	118.0785481
3.83882783883	118.1299876
3.84371184371	118.1499757
3.8485958486	118.199983
3.85347985348	118.2488071
3.85836385836	118.2694712
3.86324786325	118.3201104
3.86813186813	118.3399361
3.87301587302	118.3895204
3.8778998779	118.4401764
3.88278388278	118.4593679
3.88766788767	118.5105225
3.89255189255	118.554958
3.89743589744	118.5792637
3.90231990232	118.6304359
3.9072039072	118.6486689
3.91208791209	118.6994562
3.91697191697	118.7460341
3.92185592186	118.7690349
3.92673992674	118.8202649
3.93162393162	118.8386508
3.93650793651	118.8898192
3.94139194139	118.9377617
3.94627594628	118.9591849
3.95115995116	119.0090356
3.95604395604	119.0285467
3.96092796093	119.078943
3.96581196581	119.1291359
3.9706959707	119.1487859
3.97557997558	119.1996003
3.98046398046	119.2182915
3.98534798535	119.2681924
3.99023199023	119.3199095
3.99511599512	119.3389764
4.0	119.3900792
4.00488400488	119.4368714
4.00976800977	119.460366
4.01465201465	119.5101736
4.01953601954	119.5297632
4.02442002442	119.5798581
4.0293040293	119.6275325
4.03418803419	119.6489427
4.03907203907	119.6992688
4.04395604396	119.7185593
4.04884004884	119.7691248
4.05372405372	119.8182484
4.05860805861	119.837447
4.06349206349	119.8877105
4.06837606838	119.9073512
4.07326007326	119.9573796
4.07814407814	120.0085196
4.08302808303	120.0278817
4.08791208791	120.0790165
4.0927960928	120.1242758
4.09768009768	120.1478578
4.10256410256	120.1984303
4.10744810745	120.2174313
4.11233211233	120.2685861
4.11721611722	120.3155451
4.1221001221	120.3376104
4.12698412698	120.3881946
4.13186813187	120.4065047
4.13675213675	120.4566133
4.14163614164	120.5057538
4.14652014652	120.5264174
4.1514041514	120.5782325
4.15628815629	120.5966672
4.16117216117	120.6473178
4.16605616606	120.6968994
4.17094017094	120.7165723
4.17582417582	120.7665453
4.18070818071	120.8126484
4.18559218559	120.8354244
4.19047619048	120.8855648
4.19536019536	120.9048204
4.20024420024	120.9559525
4.20512820513	121.0030528
4.21001221001	121.0246364
4.2148962149	121.0739881
4.21978021978	121.0936616
4.22466422466	121.1429714
4.22954822955	121.1932784
4.23443223443	121.2131916
4.23931623932	121.2631208
4.2442002442	121.2823612
4.24908424908	121.332375
4.25396825397	121.382852
4.25885225885	121.4016789
4.26373626374	121.4520238
4.26862026862	121.4986434
4.2735042735	121.5217444
4.27838827839	121.572077
4.28327228327	121.5909114
4.28815628816	121.6415374
4.29304029304	121.689003
4.29792429792	121.7102331
4.30280830281	121.7612757
4.30769230769	121.7802664
4.31257631258	121.8312267
4.31746031746	121.8807312
4.32234432234	121.9000749
4.32722832723	121.9496583
4.33211233211	121.9952807
4.336996337	122.019797
4.34188034188	122.0688705
4.34676434676	122.088151
4.35164835165	122.1383367
4.35653235653	122.185579
4.36141636142	122.2076173
4.3663003663	122.2571384
4.37118437118	122.2764188
4.37606837607	122.3260017
4.38095238095	122.3747646
4.38583638584	122.394564
4.39072039072	122.445435
4.3956043956	122.4648882
4.40048840049	122.5147254
4.40537240537	122.5656367
4.41025641026	122.5845618
4.41514041514	122.6335997
4.42002442002	122.6797745
4.42490842491	122.702814
4.42979242979	122.7541764
4.43467643468	122.7724054
4.43956043956	122.8231951
4.44444444444	122.8707221
4.44932844933	122.8922194
4.45421245421	122.9429887
4.4590964591	122.9620376
4.46398046398	123.0139593
4.46886446886	123.0635765
4.47374847375	123.0835129
4.47863247863	123.1332224
4.48351648352	123.1526606
4.4884004884	123.2034864
4.49328449328	123.2528242
4.49816849817	123.2717368
4.50305250305	123.3225198
4.50793650794	123.3692687
4.51282051282	123.392901
4.5177045177	123.4422514
4.52258852259	123.461885
4.52747252747	123.5116862
4.53235653236	123.5593892
4.53724053724	123.5806813
4.54212454212	123.6317714
4.54700854701	123.6493643
4.55189255189	123.7000908
4.55677655678	123.7503832
4.56166056166	123.7695803
4.56654456654	123.8195313
4.57142857143	123.8647807
4.57631257631	123.8886846
4.5811965812	123.9398907
4.58608058608	123.9585572
4.59096459096	124.0084676
4.59584859585	124.0557529
4.60073260073	124.0779042
4.60561660562	124.1278364
4.6105006105	124.1470291
4.61538461538	124.1980195
4.62026862027	124.2479713
4.62515262515	124.2679402
4.63003663004	124.3188953
4.63492063492	124.3375245
4.6398046398	124.3882582
4.64468864469	124.4386032
4.64957264957	124.457071
4.65445665446	124.50809
4.65934065934	124.5532845
4.66422466422	124.5775395
4.66910866911	124.6277594
4.67399267399	124.6464425
4.67887667888	124.6961981
4.68376068376	124.7437302
4.68864468864	124.7653803
4.69352869353	124.8155256
4.69841269841	124.8351079
4.7032967033	124.8850206
4.70818070818	124.9346862
4.71306471306	124.9545498
4.71794871795	125.0046075
4.72283272283	125.0244275
4.72771672772	125.0741972
4.7326007326	125.1245599
4.73748473748	125.1436055
4.74236874237	125.1938236
4.74725274725	125.2394566
4.75213675214	125.262957
4.75702075702	125.3132025
4.7619047619	125.3323015
4.76678876679	125.3819473
4.77167277167	125.4312656
4.77655677656	125.4526854
4.78144078144	125.503047
4.78632478632	125.5215922
4.79120879121	125.5714696
4.79609279609	125.6189425
4.80097680098	125.6377902
4.80586080586	125.6860017
4.81074481074	125.7031263
4.81562881563	125.7476146
4.82051282051	125.7883156
4.8253968254	125.8023697
4.83028083028	125.8391913
4.83516483516	125.8661989
4.84004884005	125.8796477
4.84493284493	125.9036364
4.84981684982	125.9074198
4.8547008547	125.9200937
4.85958485958	125.9152681
4.86446886447	125.9025326
4.86935286935	125.8409296
4.87423687424	125.8031526
4.87912087912	125.6308638
4.884004884	125.5707242
4.88888888889	125.569012
4.89377289377	125.5817552
4.89865689866	125.5591874
4.90354090354	125.5666205
4.90842490842	125.5853197
4.91330891331	125.5854982
4.91819291819	125.5678701
4.92307692308	125.5736076
4.92796092796	125.5680273
4.93284493284	125.5883756
4.93772893773	125.5762242
4.94261294261	125.5862408
4.9474969475	125.5828395
4.95238095238	125.5706332
4.95726495726	125.5755197
4.96214896215	125.583848
4.96703296703	125.5653839
4.97191697192	125.5678706
4.9768009768	125.5670808
4.98168498168	125.5838715
4.98656898657	125.5899118
4.99145299145	125.5609021
4.99633699634	125.5655889
5.00122100122	125.5471376
5.0061050061	125.5594878
5.01098901099	125.5679755
5.01587301587	125.5758742
5.02075702076	125.5736236
5.02564102564	125.5588626
5.03052503053	125.5637229
5.03540903541	125.5753003
5.04029304029	125.5766591
5.04517704518	125.5739527
5.05006105006	125.5556423
5.05494505495	125.5670873
5.05982905983	125.5723722
5.06471306471	125.578019
5.0695970696	125.5792317
5.07448107448	125.5681917
5.07936507937	125.572725
5.08424908425	125.5596231
5.08913308913	125.5629217
5.09401709402	125.5718446
5.0989010989	125.5715803
5.10378510379	125.5740607
5.10866910867	125.5678068
5.11355311355	125.5787061
5.11843711844	125.55412
5.12332112332	125.5476472
5.12820512821	125.5644703
5.13308913309	125.5652203
5.13797313797	125.5532113
5.14285714286	125.5616826
5.14774114774	125.5692482
5.15262515263	125.5488764
5.15750915751	125.553756
5.16239316239	125.5648044
5.16727716728	125.570545
5.17216117216	125.5727304
5.17704517705	125.5566891
5.18192918193	125.575525
5.18681318681	125.5605456
5.1916971917	125.5679264
5.19658119658	125.5663603
5.20146520147	125.558254
5.20634920635	125.5565143
5.21123321123	125.5485593
5.21611721612	125.548621
5.221001221	125.5483036
5.22588522589	125.5590892
5.23076923077	125.5650276
5.23565323565	125.5745651
5.24053724054	125.5452063
5.24542124542	125.5627356
5.25030525031	125.5664969
5.25518925519	125.579997
5.26007326007	125.5794794
5.26495726496	125.5649654
5.26984126984	125.5690378
5.27472527473	125.5713321
5.27960927961	125.5719113
5.28449328449	125.5871228
5.28937728938	125.5647394
5.29426129426	125.5687526
5.29914529915	125.5619408
5.30402930403	125.5793516
5.30891330891	125.5684556
5.3137973138	125.5618183
5.31868131868	125.5763987
5.32356532357	125.5699478
5.32844932845	125.5781426
5.33333333333	125.587847
5.33821733822	125.5841245
5.3431013431	125.5701214
5.34798534799	125.5685665
5.35286935287	125.5745017
5.35775335775	125.5656958
5.36263736264	125.5781465
5.36752136752	125.5598154
5.37240537241	125.5781971
5.37728937729	125.5741759
5.38217338217	125.5737042
5.38705738706	125.5712985
5.39194139194	125.5587513
5.39682539683	125.5648642
5.40170940171	125.5631002
5.40659340659	125.5638448
5.41147741148	125.5605531
5.41636141636	125.5588726
5.42124542125	125.5811918
5.42612942613	125.569951
5.43101343101	125.5734054
5.4358974359	125.5679043
5.44078144078	125.5601318
5.44566544567	125.5703312
5.45054945055	125.5716886
5.45543345543	125.5696643
5.46031746032	125.5722403
5.4652014652	125.5739013
5.47008547009	125.5599866
5.47496947497	125.5814176
5.47985347985	125.567961
5.48473748474	125.5839866
5.48962148962	125.5781319
5.49450549451	125.5692771
5.49938949939	125.572355
5.50427350427	125.5490787
5.50915750916	125.5620248
5.51404151404	125.5584319
5.51892551893	125.5572419
5.52380952381	125.5696065
5.52869352869	125.5652745
5.53357753358	125.5675079
5.53846153846	125.5633293
5.54334554335	125.5752106
5.54822954823	125.556747
5.55311355311	125.5457004
5.557997558	125.5506479
5.56288156288	125.5551271
5.56776556777	125.5572059
5.57264957265	125.5628527
5.57753357753	125.5396825
5.58241758242	125.5383585
5.5873015873	125.5386002
5.59218559219	125.5523905
5.59706959707	125.5618585
5.60195360195	125.5646572
5.60683760684	125.5405523
5.61172161172	125.5556314
5.61660561661	125.5544236
5.62148962149	125.5687231
5.62637362637	125.567474
5.63125763126	125.5479985
5.63614163614	125.5537051
5.64102564103	125.5627789
5.64590964591	125.558653
5.65079365079	125.5743827
5.65567765568	125.5602231
5.66056166056	125.561676
5.66544566545	125.5719779
5.67032967033	125.5820837
5.67521367521	125.584252
5.6800976801	125.5611265
5.68498168498	125.5711531
5.68986568987	125.5648322
5.69474969475	125.5719816
5.69963369963	125.5735656
5.70451770452	125.555977
5.7094017094	125.5357608
5.71428571429	125.5533205
5.71916971917	125.5771009
5.72405372405	125.5727512
5.72893772894	125.5788978
5.73382173382	125.5722049
5.73870573871	125.576336
5.74358974359	125.5733298
5.74847374847	125.5621588
5.75335775336	125.5658905
5.75824175824	125.5413863
5.76312576313	125.560617
5.76800976801	125.565725
5.77289377289	125.5615944
5.77777777778	125.5581604
5.78266178266	125.5607638
5.78754578755	125.545915
5.79242979243	125.5657833
5.79731379731	125.5498954
5.8021978022	125.5671692
5.80708180708	125.5669697
5.81196581197	125.5547147
5.81684981685	125.5652871
5.82173382173	125.5705379
5.82661782662	125.5620849
5.8315018315	125.5526668
5.83638583639	125.5534946
5.84126984127	125.564527
5.84615384615	125.5626882
5.85103785104	125.5643396
5.85592185592	125.5654474
5.86080586081	125.5707303
5.86568986569	125.5805754
5.87057387057	125.5796707
5.87545787546	125.5630814
5.88034188034	125.5673789
5.88522588523	125.5725491
5.89010989011	125.5681395
5.89499389499	125.5459008
5.89987789988	125.5477114
5.90476190476	125.5450473
5.90964590965	125.569508
5.91452991453	125.5716787
5.91941391941	125.540627
5.9242979243	125.5478691
5.92918192918	125.5560941
5.93406593407	125.5650949
5.93894993895	125.5614818
5.94383394383	125.5456987
5.94871794872	125.5599556
5.9536019536	125.5555545
5.95848595849	125.5752802
5.96336996337	125.5647625
5.96825396825	125.5383263
5.97313797314	125.5293576
5.97802197802	125.5376191
5.98290598291	125.5532342
5.98778998779	125.5658038
5.99267399267	125.5515027
5.99755799756	125.5571608
6.00244200244	125.5665159
6.00732600733	125.5678976
6.01221001221	125.564567
6.01709401709	125.5642711
6.02197802198	125.5500366
6.02686202686	125.5634464
6.03174603175	125.5639979
6.03663003663	125.5764083
6.04151404151	125.5719085
6.0463980464	125.5668279
6.05128205128	125.5758446
6.05616605617	125.5754131
6.06105006105	125.5730062
6.06593406593	125.5757032
6.07081807082	125.5754821
6.0757020757	125.5649599
6.08058608059	125.5668112
6.08547008547	125.5764012
6.09035409035	125.5700771
6.09523809524	125.5609677
6.10012210012	125.5577153
6.10500610501	125.5537022
6.10989010989	125.5629711
6.11477411477	125.5643692
6.11965811966	125.5585981
6.12454212454	125.5614232
6.12942612943	125.5694361
6.13431013431	125.5678681
6.13919413919	125.5695673
6.14407814408	125.5599488
6.14896214896	125.5476932
6.15384615385	125.5624632
6.15873015873	125.5619449
6.16361416361	125.5727583
6.1684981685	125.5908952
6.17338217338	125.5712466
6.17826617827	125.5510904
6.18315018315	125.5768691
6.18803418803	125.5791447
6.19291819292	125.5593173
6.1978021978	125.555219
6.20268620269	125.5577671
6.20757020757	125.5747821
6.21245421245	125.5856968
6.21733821734	125.5738695
6.22222222222	125.5540791
6.22710622711	125.5561172
6.23199023199	125.5523869
6.23687423687	125.5772065
6.24175824176	125.5799462
6.24664224664	125.5491446
6.25152625153	125.5511818
6.25641025641	125.5640151
6.26129426129	125.5665154
6.26617826618	125.5763563
6.27106227106	125.5662319
6.27594627595	125.5731484
6.28083028083	125.5705387
6.28571428571	125.5599704
6.2905982906	125.5871983
6.29548229548	125.560821
6.30036630037	125.5722445
6.30525030525	125.5682522
6.31013431013	125.5699104
6.31501831502	125.5622039
6.3199023199	125.5652208
6.32478632479	125.5574609
6.32967032967	125.5606798
6.33455433455	125.5731598
6.33943833944	125.5803648
6.34432234432	125.5783422
6.34920634921	125.5640701
6.35409035409	125.564862
6.35897435897	125.5516762
6.36385836386	125.5787644
6.36874236874	125.5817683
6.37362637363	125.5671386
6.37851037851	125.5734375
6.38339438339	125.5721549
6.38827838828	125.5733981
6.39316239316	125.5847484
6.39804639805	125.5670871
6.40293040293	125.571002
6.40781440781	125.5575361
6.4126984127	125.5760022
6.41758241758	125.580075
6.42246642247	125.5673736
6.42735042735	125.5825815
6.43223443223	125.5609622
6.43711843712	125.5756329
6.442002442	125.571154
6.44688644689	125.5511528
6.45177045177	125.5603171
6.45665445665	125.5629472
6.46153846154	125.5693556
6.46642246642	125.5678118
6.47130647131	125.5729265
6.47619047619	125.5477409
6.48107448107	125.5466772
6.48595848596	125.5799365
6.49084249084	125.5975994
6.49572649573	125.5873427
6.50061050061	125.5625303
6.50549450549	125.5700764
6.51037851038	125.5581128
6.51526251526	125.5660678
6.52014652015	125.5727937
6.52503052503	125.5398587
6.52991452991	125.5417383
6.5347985348	125.5650306
6.53968253968	125.5702993
6.54456654457	125.5693991
6.54945054945	125.5628923
6.55433455433	125.5477671
6.55921855922	125.5663284
6.5641025641	125.5744983
6.56898656899	125.5729522
6.57387057387	125.5599058
6.57875457875	125.5687471
6.58363858364	125.5574883
6.58852258852	125.5720359
6.59340659341	125.565514
6.59829059829	125.5603952
6.60317460317	125.5644056
6.60805860806	125.5484514
6.61294261294	125.5709288
6.61782661783	125.5779215
6.62271062271	125.5659889
6.62759462759	125.5388659
6.63247863248	125.5625858
6.63736263736	125.5665574
6.64224664225	125.5755493
6.64713064713	125.5618387
6.65201465201	125.564771
6.6568986569	125.5721596
6.66178266178	125.5771628
6.66666666667	125.5656663
6.67155067155	125.5802316
6.67643467643	125.5731571
6.68131868132	125.5766372
6.6862026862	125.5635334
6.69108669109	125.551836
6.69597069597	125.5650877
6.70085470085	125.5695754
6.70573870574	125.555286
6.71062271062	125.5547427
6.71550671551	125.556212
6.72039072039	125.5558698
6.72527472527	125.552215
6.73015873016	125.5723069
6.73504273504	125.5793351
6.73992673993	125.5618792
6.74481074481	125.5624467
6.74969474969	125.5677629
6.75457875458	125.5629176
6.75946275946	125.5625354
6.76434676435	125.5625968
6.76923076923	125.5749697
6.77411477411	125.5612859
6.778998779	125.5677569
6.78388278388	125.5642764
6.78876678877	125.5478692
6.79365079365	125.5531702
6.79853479853	125.5608309
6.80341880342	125.5487652
6.8083028083	125.570132
6.81318681319	125.5600615
6.81807081807	125.555875
6.82295482295	125.5581353
6.82783882784	125.5609683
6.83272283272	125.5542196
6.83760683761	125.5428471
6.84249084249	125.5473235
6.84737484737	125.5464982
6.85225885226	125.5381158
6.85714285714	125.5519809
6.86202686203	125.5457043
6.86691086691	125.5365758
6.87179487179	125.5359958
6.87667887668	125.5373515
6.88156288156	125.5416296
6.88644688645	125.5414763
6.89133089133	125.5391586
6.89621489621	125.5483805
6.9010989011	125.5455149
6.90598290598	125.545692
6.91086691087	125.5442346
6.91575091575	125.5434047
6.92063492063	125.5594457
6.92551892552	125.5446483
6.9304029304	125.5420818
6.93528693529	125.5415777
6.94017094017	125.5322891
6.94505494505	125.5413744
6.94993894994	125.5272452
6.95482295482	125.5310477
6.95970695971	125.5404601
6.96459096459	125.5286161
6.96947496947	125.5341793
6.97435897436	125.5359785
6.97924297924	125.5390916
6.98412698413	125.5376933
6.98901098901	125.5623332
6.99389499389	125.5446558
6.99877899878	125.5434273
7.00366300366	125.5372987
7.00854700855	125.5407359
7.01343101343	125.5459992
7.01831501831	125.5397899
7.0231990232	125.5441897
7.02808302808	125.5549398
7.03296703297	125.5552096
7.03785103785	125.5550029
7.04273504274	125.5473006
7.04761904762	125.5515221
7.0525030525	125.5405617
7.05738705739	125.5317812
7.06227106227	125.5468812
7.06715506716	125.5271
7.07203907204	125.5440933
7.07692307692	125.5282879
7.08180708181	125.5364594
7.08669108669	125.532739
7.09157509158	125.5366997
7.09645909646	125.544273
7.10134310134	125.5541631
7.10622710623	125.5429934
7.11111111111	125.5385806
7.115995116	125.5454118
7.12087912088	125.553064
7.12576312576	125.5312184
7.13064713065	125.5398612
7.13553113553	125.5595033
7.14041514042	125.5505738
7.1452991453	125.5541714
7.15018315018	125.546634
7.15506715507	125.5414432
7.15995115995	125.5449307
7.16483516484	125.5636164
7.16971916972	125.55506
7.1746031746	125.5350373
7.17948717949	125.5421778
7.18437118437	125.5398133
7.18925518926	125.5322845
7.19413919414	125.5233444
7.19902319902	125.536576
7.20390720391	125.545638
7.20879120879	125.5244602
7.21367521368	125.5266631
7.21855921856	125.5152891
7.22344322344	125.5257475
7.22832722833	125.5172024
7.23321123321	125.5195282
7.2380952381	125.5253637
7.24297924298	125.5376437
7.24786324786	125.530704
7.25274725275	125.5291362
7.25763125763	125.526525
7.26251526252	125.5386157
7.2673992674	125.5255708
7.27228327228	125.5319397
7.27716727717	125.539733
7.28205128205	125.527555
7.28693528694	125.5417036
7.29181929182	125.5347644
7.2967032967	125.5375828
7.30158730159	125.5357247
7.30647130647	125.5442742
7.31135531136	125.5496665
7.31623931624	125.5438375
7.32112332112	125.5450524
7.32600732601	125.5336516
7.33089133089	125.5433943
7.33577533578	125.5444352
7.34065934066	125.5341877
7.34554334554	125.5379505
7.35042735043	125.5426492
7.35531135531	125.5395906
7.3601953602	125.5325039
7.36507936508	125.551819
7.36996336996	125.5323726
7.37484737485	125.547061
7.37973137973	125.5589331
7.38461538462	125.5525351
7.3894993895	125.5640537
7.39438339438	125.5496839
7.39926739927	125.5539377
7.40415140415	125.5515889
7.40903540904	125.5534525
7.41391941392	125.5619339
7.4188034188	125.5472731
7.42368742369	125.5435376
7.42857142857	125.5433184
7.43345543346	125.5488499
7.43833943834	125.5521971
7.44322344322	125.5396211
7.44810744811	125.5278168
7.45299145299	125.5638114
7.45787545788	125.5779061
7.46275946276	125.5592268
7.46764346764	125.548501
7.47252747253	125.5565331
7.47741147741	125.5766198
7.4822954823	125.5687611
7.48717948718	125.5602777
7.49206349206	125.5890071
7.49694749695	125.5910747
7.50183150183	125.5878396
7.50671550672	125.5749104
7.5115995116	125.5768302
7.51648351648	125.5679517
7.52136752137	125.5772386
7.52625152625	125.583048
7.53113553114	125.5740843
7.53601953602	125.5675126
7.5409035409	125.5691148
7.54578754579	125.5687977
7.55067155067	125.5673066
7.55555555556	125.5482191
7.56043956044	125.5576818
7.56532356532	125.5681268
7.57020757021	125.568445
7.57509157509	125.5649404
7.57997557998	125.5788903
7.58485958486	125.5605866
7.58974358974	125.5616322
7.59462759463	125.5894584
7.59951159951	125.5682226
7.6043956044	125.5810708
7.60927960928	125.5420622
7.61416361416	125.5585241
7.61904761905	125.5555427
7.62393162393	125.5630642
7.62881562882	125.5787362
7.6336996337	125.5544494
7.63858363858	125.549742
7.64346764347	125.5678276
7.64835164835	125.5698546
7.65323565324	125.573454
7.65811965812	125.547967
7.663003663	125.5388312
7.66788766789	125.5518859
7.67277167277	125.556239
7.67765567766	125.5715571
7.68253968254	125.5406912
7.68742368742	125.5441755
7.69230769231	125.5459893
7.69719169719	125.5478149
7.70207570208	125.5782217
7.70695970696	125.5430362
7.71184371184	125.5452092
7.71672771673	125.5430021
7.72161172161	125.5590506
7.7264957265	125.5590232
7.73137973138	125.5391848
7.73626373626	125.5379857
7.74114774115	125.5339822
7.74603174603	125.5429264
7.75091575092	125.5692933
7.7557997558	125.5583459
7.76068376068	125.5438023
7.76556776557	125.5448933
7.77045177045	125.5549052
7.77533577534	125.5595651
7.78021978022	125.5646344
7.7851037851	125.5406233
7.78998778999	125.558088
7.79487179487	125.5594481
7.79975579976	125.5639619
7.80463980464	125.5736904
7.80952380952	125.5454736
7.81440781441	125.5479305
7.81929181929	125.5581865
7.82417582418	125.5613378
7.82905982906	125.5657776
7.83394383394	125.5401937
7.83882783883	125.5532503
7.84371184371	125.5515674
7.8485958486	125.5818715
7.85347985348	125.5627246
7.85836385836	125.537134
7.86324786325	125.5453359
7.86813186813	125.5518914
7.87301587302	125.5542243
7.8778998779	125.5606849
7.88278388278	125.5530492
7.88766788767	125.5626343
7.89255189255	125.5638213
7.89743589744	125.5642031
7.90231990232	125.5749468
7.9072039072	125.5562905
7.91208791209	125.5663229
7.91697191697	125.5562749
7.92185592186	125.5504543
7.92673992674	125.5628116
7.93162393162	125.5719527
7.93650793651	125.5602986
7.94139194139	125.563619
7.94627594628	125.5476313
7.95115995116	125.5521364
7.95604395604	125.5535594
7.96092796093	125.5472391
7.96581196581	125.5642555
7.9706959707	125.5497722
7.97557997558	125.5588455
7.98046398046	125.5445684
7.98534798535	125.5485639
7.99023199023	125.5579973
7.99511599512	125.5684407
8.0	125.5603759
8.00488400488	125.5507708
8.00976800977	125.5579972
8.01465201465	125.5505827
8.01953601954	125.5520126
8.02442002442	125.5386163
8.0293040293	125.5398852
8.03418803419	125.5628366
8.03907203907	125.5510707
8.04395604396	125.5597833
8.04884004884	125.546616
8.05372405372	125.5369045
8.05860805861	125.5517705
8.06349206349	125.5536574
8.06837606838	125.548483
8.07326007326	125.5359603
8.07814407814	125.549066
8.08302808303	125.5423289
8.08791208791	125.5591447
8.0927960928	125.562228
8.09768009768	125.5585235
8.10256410256	125.5515076
8.10744810745	125.5607581
8.11233211233	125.5539974
8.11721611722	125.5623254
8.1221001221	125.5595962
8.12698412698	125.5548498
8.13186813187	125.5472652
8.13675213675	125.5460337
8.14163614164	125.5428841
8.14652014652	125.5401161
8.1514041514	125.5442114
8.15628815629	125.5360156
8.16117216117	125.5448705
8.16605616606	125.5480549
8.17094017094	125.5502167
8.17582417582	125.5502051
8.18070818071	125.5480814
8.18559218559	125.5404716
8.19047619048	125.5276314
8.19536019536	125.5400787
8.20024420024	125.5462951
8.20512820513	125.5488432
8.21001221001	125.5445774
8.2148962149	125.5381432
8.21978021978	125.550485
8.22466422466	125.5447806
8.22954822955	125.5487087
8.23443223443	125.5422556
8.23931623932	125.5470273
8.2442002442	125.5407136
8.24908424908	125.5305295
8.25396825397	125.5272674
8.25885225885	125.5339934
8.26373626374	125.5494531
8.26862026862	125.5309739
8.2735042735	125.5353102
8.27838827839	125.5437198
8.28327228327	125.5330748
8.28815628816	125.5358846
8.29304029304	125.541263
8.29792429792	125.5391045
8.30280830281	125.5486749
8.30769230769	125.539237
8.31257631258	125.5617927
8.31746031746	125.5717067
8.32234432234	125.5644141
8.32722832723	125.5412102
8.33211233211	125.562097
8.336996337	125.5564572
8.34188034188	125.5516822
8.34676434676	125.5437006
8.35164835165	125.549194
8.35653235653	125.5404899
8.36141636142	125.5417023
8.3663003663	125.5478848
8.37118437118	125.5367366
8.37606837607	125.5329495
8.38095238095	125.5444297
8.38583638584	125.5456089
8.39072039072	125.5459927
8.3956043956	125.5431805
8.40048840049	125.5364079
8.40537240537	125.5522344
8.41025641026	125.5441556
8.41514041514	125.5361021
8.42002442002	125.5484209
8.42490842491	125.5521652
8.42979242979	125.5576221
8.43467643468	125.5663949
8.43956043956	125.5429427
8.44444444444	125.5510163
8.44932844933	125.5428953
8.45421245421	125.5531906
8.4590964591	125.544025
8.46398046398	125.5424416
8.46886446886	125.5337884
8.47374847375	125.5300319
8.47863247863	125.5586396
8.48351648352	125.5528846
8.4884004884	125.5307128
8.49328449328	125.5432157
8.49816849817	125.5398993
8.50305250305	125.5440433
8.50793650794	125.5352419
8.51282051282	125.5327766
8.5177045177	125.538055
8.52258852259	125.5328251
8.52747252747	125.5373853
8.53235653236	125.532198
8.53724053724	125.5377734
8.54212454212	125.5265717
8.54700854701	125.5228986
8.55189255189	125.517649
8.55677655678	125.5216912
8.56166056166	125.5280941
8.56654456654	125.5183453
8.57142857143	125.5261458
8.57631257631	125.5109541
8.5811965812	125.521439
8.58608058608	125.5207113
8.59096459096	125.5181053
8.59584859585	125.5330195
8.60073260073	125.5234211
8.60561660562	125.5232149
8.6105006105	125.5116385
8.61538461538	125.5410198
8.62026862027	125.5301516
8.62515262515	125.5273926
8.63003663004	125.5286463
8.63492063492	125.52074
8.6398046398	125.5398043
8.64468864469	125.5326303
8.64957264957	125.5317604
8.65445665446	125.5094882
8.65934065934	125.5334392
8.66422466422	125.5444032
8.66910866911	125.5455948
8.67399267399	125.5196033
8.67887667888	125.5183242
8.68376068376	125.5110143
8.68864468864	125.5192373
8.69352869353	125.5102225
8.69841269841	125.5084107
8.7032967033	125.5092378
8.70818070818	125.5264018
8.71306471306	125.52885
8.71794871795	125.5144864
8.72283272283	125.5181478
8.72771672772	125.5352157
8.7326007326	125.5255528
8.73748473748	125.5330916
8.74236874237	125.5155513
8.74725274725	125.5155555
8.75213675214	125.5143851
8.75702075702	125.5173923
8.7619047619	125.5288232
8.76678876679	125.5326865
8.77167277167	125.5146896
8.77655677656	125.5180235
8.78144078144	125.509408
8.78632478632	125.5155714
8.79120879121	125.5266025
8.79609279609	125.5165631
8.80097680098	125.5070858
8.80586080586	125.4983321
8.81074481074	125.5126971
8.81562881563	125.5137429
8.82051282051	125.5229008
8.8253968254	125.520716
8.83028083028	125.5168331
8.83516483516	125.5208324
8.84004884005	125.5158743
8.84493284493	125.5229896
8.84981684982	125.5147107
8.8547008547	125.5130826
8.85958485958	125.5144759
8.86446886447	125.5112443
8.86935286935	125.4966201
8.87423687424	125.506501
8.87912087912	125.5223988
8.884004884	125.5331512
8.88888888889	125.5237515
8.89377289377	125.5127441
8.89865689866	125.5227716
8.90354090354	125.5241199
8.90842490842	125.5216642
8.91330891331	125.5211614
8.91819291819	125.5403662
8.92307692308	125.5124462
8.92796092796	125.5139444
8.93284493284	125.526071
8.93772893773	125.5201231
8.94261294261	125.5146336
8.9474969475	125.5259702
8.95238095238	125.499984
8.95726495726	125.5026331
8.96214896215	125.5103579
8.96703296703	125.5267447
8.97191697192	125.5196337
8.9768009768	125.5184671
8.98168498168	125.5214605
8.98656898657	125.5315001
8.99145299145	125.5222635
8.99633699634	125.5174426
9.00122100122	125.5207716
9.0061050061	125.5162542
9.01098901099	125.5331436
9.01587301587	125.5169736
9.02075702076	125.5246152
9.02564102564	125.5179623
9.03052503052	125.5092261
9.03540903541	125.5081682
9.04029304029	125.4967786
9.04517704518	125.4784307
9.05006105006	125.4884045
9.05494505495	125.5027872
9.05982905983	125.4902962
9.06471306471	125.504174
9.0695970696	125.48455
9.07448107448	125.4986537
9.07936507937	125.4815079
9.08424908425	125.4999642
9.08913308913	125.5053555
9.09401709402	125.5040585
9.0989010989	125.5113614
9.10378510379	125.5048523
9.10866910867	125.5009649
9.11355311355	125.5133813
9.11843711844	125.510582
9.12332112332	125.5038214
9.12820512821	125.5068048
9.13308913309	125.5039632
9.13797313797	125.4977824
9.14285714286	125.510755
9.14774114774	125.5189964
9.15262515263	125.511813
9.15750915751	125.4960118
9.16239316239	125.5081999
9.16727716728	125.5073297
9.17216117216	125.5014417
9.17704517705	125.4998266
9.18192918193	125.4959286
9.18681318681	125.4973622
9.1916971917	125.5100071
9.19658119658	125.5278265
9.20146520147	125.5268375
9.20634920635	125.5151417
9.21123321123	125.5241116
9.21611721612	125.4960563
9.221001221	125.5047812
9.22588522589	125.5158729
9.23076923077	125.529744
9.23565323565	125.5114573
9.24053724054	125.4992383
9.24542124542	125.506763
9.25030525031	125.5027522
9.25518925519	125.5143072
9.26007326007	125.5135303
9.26495726496	125.5096355
9.26984126984	125.4888243
9.27472527473	125.5016688
9.27960927961	125.5164051
9.28449328449	125.5288173
9.28937728938	125.5263449
9.29426129426	125.4980652
9.29914529915	125.4893336
9.30402930403	125.4997114
9.30891330891	125.5027204
9.3137973138	125.4978124
9.31868131868	125.4839069
9.32356532357	125.4977968
9.32844932845	125.5100253
9.33333333333	125.5086119
9.33821733822	125.5157071
9.3431013431	125.5186336
9.34798534799	125.5057899
9.35286935287	125.5241946
9.35775335775	125.5126325
9.36263736264	125.5005203
9.36752136752	125.504878
9.37240537241	125.5185178
9.37728937729	125.512233
9.38217338217	125.4884295
9.38705738706	125.4824134
9.39194139194	125.4776859
9.39682539683	125.5089724
9.40170940171	125.4900912
9.40659340659	125.489718
9.41147741148	125.4931343
9.41636141636	125.4884291
9.42124542125	125.492813
9.42612942613	125.5008693
9.43101343101	125.4949648
9.4358974359	125.5020717
9.44078144078	125.4971501
9.44566544567	125.4977597
9.45054945055	125.4921938
9.45543345543	125.5144001
9.46031746032	125.5132096
9.4652014652	125.5105195
9.47008547009	125.4908699
9.47496947497	125.5022138
9.47985347985	125.4970454
9.48473748474	125.5017855
9.48962148962	125.5054063
9.49450549451	125.5091364
9.49938949939	125.5079913
9.50427350427	125.5107885
9.50915750916	125.5061195
9.51404151404	125.5347925
9.51892551893	125.5282531
9.52380952381	125.5206797
9.52869352869	125.5153371
9.53357753358	125.4998181
9.53846153846	125.4799413
9.54334554335	125.4951368
9.54822954823	125.5022229
9.55311355311	125.5023533
9.557997558	125.4894002
9.56288156288	125.4702233
9.56776556777	125.5005976
9.57264957265	125.4927579
9.57753357753	125.4989961
9.58241758242	125.4991445
9.5873015873	125.5101061
9.59218559219	125.4993629
9.59706959707	125.5046996
9.60195360195	125.5050221
9.60683760684	125.5113475
9.61172161172	125.5097178
9.61660561661	125.5106039
9.62148962149	125.4923082
9.62637362637	125.5148463
9.63125763126	125.5021328
9.63614163614	125.5039654
9.64102564103	125.5174652
9.64590964591	125.5044205
9.65079365079	125.5020412
9.65567765568	125.5235996
9.66056166056	125.5095679
9.66544566545	125.5149274
9.67032967033	125.5022814
9.67521367521	125.5061161
9.6800976801	125.5181881
9.68498168498	125.5149482
9.68986568987	125.4842701
9.69474969475	125.4955943
9.69963369963	125.5107509
9.70451770452	125.5077154
9.7094017094	125.4959531
9.71428571429	125.4944059
9.71916971917	125.4992466
9.72405372405	125.4978966
9.72893772894	125.4921593
9.73382173382	125.500916
9.73870573871	125.5025061
9.74358974359	125.4989671
9.74847374847	125.5053275
9.75335775336	125.5072654
9.75824175824	125.5083328
9.76312576313	125.500208
9.76800976801	125.5040122
9.77289377289	125.4878493
9.77777777778	125.4942646
9.78266178266	125.5036851
9.78754578755	125.5038244
9.79242979243	125.5037455
9.79731379731	125.4867886
9.8021978022	125.51047
9.80708180708	125.5115811
9.81196581197	125.5246288
9.81684981685	125.5211497
9.82173382173	125.5063495
9.82661782662	125.5088318
9.8315018315	125.5047611
9.83638583639	125.5062421
9.84126984127	125.5020679
9.84615384615	125.4986627
9.85103785104	125.500052
9.85592185592	125.5048691
9.86080586081	125.4966666
9.86568986569	125.5021545
9.87057387057	125.4825509
9.87545787546	125.4997094
9.88034188034	125.5101356
9.88522588523	125.482632
9.89010989011	125.5027221
9.89499389499	125.5056594
9.89987789988	125.4929787
9.90476190476	125.5000971
9.90964590965	125.4935181
9.91452991453	125.4814655
9.91941391941	125.4955928
9.9242979243	125.487286
9.92918192918	125.4814341
9.93406593407	125.4907268
9.93894993895	125.5018165
9.94383394383	125.5119546
9.94871794872	125.4824077
9.9536019536	125.4977946
9.95848595849	125.4925682
9.96336996337	125.5014746
9.96825396825	125.493452
9.97313797314	125.4804067
9.97802197802	125.4870552
9.98290598291	125.4807148
9.98778998779	125.4914256
9.99267399267	125.4826292
9.99755799756	125.4841863
10.0024420024	125.4881832
V	MHz
2.5	68.18439222
2.50488400488	107.2607369
2.50976800977	107.2829795
2.51465201465	107.341376
2.51953601954	107.3976591
2.52442002442	107.4193338
2.5293040293	107.4752284
2.53418803419	107.5262718
2.53907203907	107.5526647
2.54395604396	107.6091565
2.54884004884	107.6297068
2.55372405372	107.6866587
2.55860805861	107.7385585
2.56349206349	107.7630157
2.56837606838	107.81917
2.57326007326	107.8395407
2.57814407814	107.8955009
2.58302808303	107.950373
2.58791208791	107.9733782
2.5927960928	108.028787
2.59768009768	108.0503205
2.60256410256	108.1048291
2.60744810745	108.1611097
2.61233211233	108.1812187
2.61721611722	108.2368992
2.6221001221	108.286498
2.62698412698	108.313069
2.63186813187	108.3675346
2.63675213675	108.3888587
2.64163614164	108.4428768
2.64652014652	108.4953087
2.6514041514	108.5187539
2.65628815629	108.5733197
2.66117216117	108.5940009
2.66605616606	108.6491972
2.67094017094	108.703654
2.67582417582	108.7252762
2.68070818071	108.7807005
2.68559218559	108.8006616
2.69047619048	108.8558653
2.69536019536	108.9107594
2.70024420024	108.9307188
2.70512820513	108.986027
2.71001221001	109.0354259
2.7148962149	109.0613011
2.71978021978	109.1154988
2.72466422466	109.1355037
2.72954822955	109.190527
2.73443223443	109.2406788
2.73931623932	109.2657415
2.7442002442	109.3201746
2.74908424908	109.341328
2.75396825397	109.3950423
2.75885225885	109.44804
2.76373626374	109.4692793
2.76862026862	109.5235359
2.7735042735	109.5437949
2.77838827839	109.5977196
2.78327228327	109.651661
2.78815628816	109.6723991
2.79304029304	109.7259015
2.79792429792	109.7748736
2.80280830281	109.7994048
2.80769230769	109.8530187
2.81257631258	109.8731226
2.81746031746	109.9267215
2.82234432234	109.9783611
2.82722832723	110.0011953
2.83211233211	110.0549045
2.836996337	110.0753579
2.84188034188	110.1285733
2.84676434676	110.1822213
2.85164835165	110.2021815
2.85653235653	110.2563096
2.86141636142	110.3037576
2.8663003663	110.3300796
2.87118437118	110.3827555
2.87606837607	110.4026277
2.88095238095	110.4565842
2.88583638584	110.5059957
2.89072039072	110.5294503
2.8956043956	110.5835527
2.90048840049	110.6044037
2.90537240537	110.6572396
2.91025641026	110.7095779
2.91514041514	110.7304527
2.92002442002	110.7842347
2.92490842491	110.8034895
2.92979242979	110.8571142
2.93467643468	110.9091413
2.93956043956	110.9297853
2.94444444444	110.9823356
2.94932844933	111.0307836
2.95421245421	111.0556491
2.9590964591	111.1075096
2.96398046398	111.1280039
2.96886446886	111.1797956
2.97374847375	111.2297159
2.97863247863	111.2523441
2.98351648352	111.3057216
2.9884004884	111.3251484
2.99328449328	111.3781859
2.99816849817	111.4294639
3.00305250305	111.449455
3.00793650794	111.5019747
3.01282051282	111.5488901
3.0177045177	111.5744489
3.02258852259	111.6278345
3.02747252747	111.6470412
3.03235653236	111.6998798
3.03724053724	111.7477679
3.04212454212	111.7717528
3.04700854701	111.8235567
3.05189255189	111.8436138
3.05677655678	111.8974178
3.06166056166	111.9485606
3.06654456654	111.9700245
3.07142857143	112.022371
3.07631257631	112.0420553
3.0811965812	112.094605
3.08608058608	112.1468528
3.09096459096	112.1666879
3.09584859585	112.2186843
3.10073260073	112.2660933
3.10561660562	112.2907789
3.1105006105	112.3427198
3.11538461538	112.362391
3.12026862027	112.4150965
3.12515262515	112.4633015
3.13003663004	112.4860093
3.13492063492	112.5384847
3.1398046398	112.5580481
3.14468864469	112.6106293
3.14957264957	112.6607352
3.15445665446	112.6821705
3.15934065934	112.7337185
3.16422466422	112.7539481
3.16910866911	112.8052247
3.17399267399	112.8581667
3.17887667888	112.8771382
3.18376068376	112.929584
3.18864468864	112.9761718
3.19352869353	112.9999518
3.19841269841	113.0518603
3.2032967033	113.0720427
3.20818070818	113.1240892
3.21306471306	113.1740631
3.21794871795	113.1962216
3.22283272283	113.2486576
3.22771672772	113.2674344
3.2326007326	113.3195892
3.23748473748	113.3701668
3.24236874237	113.3903799
3.24725274725	113.4418566
3.25213675214	113.4615797
3.25702075702	113.5126837
3.2619047619	113.5649884
3.26678876679	113.5835109
3.27167277167	113.6356768
3.27655677656	113.6827498
3.28144078144	113.7061677
3.28632478632	113.7579996
3.29120879121	113.7769405
3.29609279609	113.828934
3.30097680098	113.8779496
3.30586080586	113.899895
3.31074481074	113.9514836
3.31562881563	113.9705883
3.32051282051	114.0224744
3.3253968254	114.0728824
3.33028083028	114.0930752
3.33516483516	114.1442106
3.34004884005	114.1641232
3.34493284493	114.2146479
3.34981684982	114.2667953
3.3547008547	114.2853625
3.35958485958	114.3372224
3.36446886447	114.3858304
3.36935286935	114.4094097
3.37423687424	114.4614792
3.37912087912	114.4802758
3.384004884	114.5314033
3.38888888889	114.5803462
3.39377289377	114.6022865
3.39865689866	114.6538885
3.40354090354	114.6728423
3.40842490842	114.7245513
3.41330891331	114.77486
3.41819291819	114.7948423
3.42307692308	114.8454646
3.42796092796	114.864982
3.43284493284	114.9156477
3.43772893773	114.9672223
3.44261294261	114.985782
3.4474969475	115.0374808
3.45238095238	115.0847037
3.45726495726	115.107326
3.46214896215	115.1581386
3.46703296703	115.1772701
3.47191697192	115.2286194
3.4768009768	115.2778467
3.48168498168	115.2989363
3.48656898657	115.3497
3.49145299145	115.3693789
3.49633699634	115.4198522
3.50122100122	115.4713836
3.50610500611	115.4898106
3.51098901099	115.5410421
3.51587301587	115.5871454
3.52075702076	115.612466
3.52564102564	115.6637013
3.53052503053	115.6833234
3.53540903541	115.7340545
3.54029304029	115.7821685
3.54517704518	115.8040391
3.55006105006	115.8556854
3.55494505495	115.8741808
3.55982905983	115.9249358
3.56471306471	115.9755887
3.5695970696	115.994937
3.57448107448	116.0465394
3.57936507937	116.0912234
3.58424908425	116.1157089
3.58913308913	116.167386
3.59401709402	116.1859543
3.5989010989	116.2363305
3.60378510379	116.2839155
3.60866910867	116.307228
3.61355311355	116.3574395
3.61843711844	116.3769606
3.62332112332	116.4273334
3.62820512821	116.4765812
3.63308913309	116.4974488
3.63797313797	116.5489137
3.64285714286	116.5672947
3.64774114774	116.6183107
3.65262515263	116.6692029
3.65750915751	116.6882533
3.66239316239	116.7393242
3.66727716728	116.7846462
3.67216117216	116.8094888
3.67704517705	116.8610393
3.68192918193	116.8808637
3.68681318681	116.932137
3.6916971917	116.9784657
3.69658119658	117.001719
3.70146520147	117.0517348
3.70634920635	117.071514
3.71123321123	117.1214381
3.71611721612	117.1709085
3.721001221	117.1914547
3.72588522589	117.2428389
3.73076923077	117.2613617
3.73565323565	117.3123332
3.74053724054	117.3619668
3.74542124542	117.3817075
3.75030525031	117.4325689
3.75518925519	117.4766165
3.76007326007	117.5012322
3.76495726496	117.5521501
3.76984126984	117.5718627
3.77472527473	117.6226973
3.77960927961	117.6694056
3.78449328449	117.6926108
3.78937728938	117.7425888
3.79426129426	117.7621142
3.79914529915	117.8120563
3.80402930403	117.8615423
3.80891330891	117.8823513
3.8137973138	117.9330941
3.81868131868	117.9515973
3.82356532357	118.0026033
3.82844932845	118.0522292
3.83333333333	118.0724252
3.83821733822	118.1235712
3.8431013431	118.1696774
3.84798534799	118.1944603
3.85286935287	118.2440939
3.85775335775	118.263534
3.86263736264	118.3139366
3.86752136752	118.3608748
3.87240537241	118.3831393
3.87728937729	118.4343644
3.88217338217	118.4526792
3.88705738706	118.5034625
3.89194139194	118.552064
3.89682539683	118.5727214
3.90170940171	118.6238828
3.90659340659	118.64214
3.91147741148	118.6929681
3.91636141636	118.7427136
3.92124542125	118.7624238
3.92612942613	118.812742
3.93101343101	118.8582306
3.9358974359	118.8824008
3.94078144078	118.9334454
3.94566544567	118.9516517
3.95054945055	119.0026527
3.95543345543	119.0497231
3.96031746032	119.0715274
3.9652014652	119.1220879
3.97008547009	119.1408889
3.97496947497	119.1914554
3.97985347985	119.2408911
3.98473748474	119.2600209
3.98962148962	119.312103
3.99450549451	119.3572974
3.99938949939	119.3816191
4.00427350427	119.4322859
4.00915750916	119.4514045
4.01404151404	119.5021374
4.01892551893	119.5484505
4.02380952381	119.5714627
4.02869352869	119.6221547
4.03357753358	119.6409175
4.03846153846	119.6917832
4.04334554335	119.7397258
4.04822954823	119.7609441
4.05311355311	119.8105873
4.057997558	119.830079
4.06288156288	119.8796815
4.06776556777	119.9296632
4.07264957265	119.9493535
4.07753357753	120.0007287
4.08241758242	120.0191871
4.0873015873	120.0694413
4.09218559219	120.1208267
4.09706959707	120.1393027
4.10195360195	120.1901259
4.10683760684	120.2360453
4.11172161172	120.2592543
4.11660561661	120.3094497
4.12148962149	120.3287644
4.12637362637	120.3784691
4.13125763126	120.4271673
4.13614163614	120.4485143
4.14102564103	120.4978203
4.14590964591	120.5180176
4.15079365079	120.5691726
4.15567765568	120.6196582
4.16056166056	120.6387582
4.16544566545	120.6889845
4.17032967033	120.7084033
4.17521367521	120.7583295
4.1800976801	120.8092988
4.18498168498	120.8273812
4.18986568987	120.8785138
4.19474969475	120.9245729
4.19963369963	120.9474041
4.20451770452	120.9981393
4.2094017094	121.0164835
4.21428571429	121.0669508
4.21916971917	121.1146102
4.22405372405	121.1358397
4.22893772894	121.1857274
4.23382173382	121.2052265
4.23870573871	121.2551806
4.24358974359	121.3053279
4.24847374847	121.3242291
4.25335775336	121.3752982
4.25824175824	121.4195134
4.26312576313	121.4443889
4.26800976801	121.4941708
4.27289377289	121.5136231
4.27777777778	121.5635331
4.28266178266	121.6100122
4.28754578755	121.6324433
4.29242979243	121.6831946
4.29731379731	121.7013261
4.3021978022	121.7530831
4.30708180708	121.8021062
4.31196581197	121.8230219
4.31684981685	121.8728471
4.32173382173	121.8919313
4.32661782662	121.9418843
4.3315018315	121.9918961
4.33638583639	122.0109101
4.34126984127	122.0611271
4.34615384615	122.1066469
4.35103785104	122.1305117
4.35592185592	122.1810539
4.36080586081	122.1994707
4.36568986569	122.2501912
4.37057387057	122.2966608
4.37545787546	122.3187336
4.38034188034	122.3677508
4.38522588523	122.3871399
4.39010989011	122.438237
4.39499389499	122.4868092
4.39987789988	122.5072416
4.40476190476	122.5569949
4.40964590965	122.5765921
4.41452991453	122.6262759
4.41941391941	122.6765113
4.4242979243	122.6956348
4.42918192918	122.7463257
4.43406593407	122.7919851
4.43894993895	122.815891
4.44383394383	122.8655552
4.44871794872	122.8850619
4.4536019536	122.9355394
4.45848595849	122.9840897
4.46336996337	123.0063604
4.46825396825	123.056696
4.47313797314	123.0759095
4.47802197802	123.1265672
4.48290598291	123.1751817
4.48778998779	123.1960136
4.49267399267	123.2467539
4.49755799756	123.2651721
4.50244200244	123.3161833
4.50732600733	123.3661446
4.51221001221	123.3854321
4.51709401709	123.4359592
4.52197802198	123.4805648
4.52686202686	123.5051664
4.53174603175	123.5545913
4.53663003663	123.5733987
4.54151404151	123.6244542
4.5463980464	123.6712251
4.55128205128	123.6933929
4.55616605617	123.7445077
4.56105006105	123.7628838
4.56593406593	123.8137893
4.57081807082	123.8619381
4.5757020757	123.8826273
4.58058608059	123.9327305
4.58547008547	123.9524121
4.59035409035	124.0033259
4.59523809524	124.0524397
4.60012210012	124.071907
4.60500610501	124.1219283
4.60989010989	124.1672335
4.61477411477	124.1919271
4.61965811966	124.2437992
4.62454212454	124.2622079
4.62942612943	124.3122765
4.63431013431	124.3598539
4.63919413919	124.3818828
4.64407814408	124.4330154
4.64896214896	124.4512738
4.65384615385	124.5021861
4.65873015873	124.5505864
4.66361416361	124.5712868
4.6684981685	124.6220147
4.67338217338	124.6405288
4.67826617827	124.6901796
4.68315018315	124.7403133
4.68803418803	124.7600799
4.69291819292	124.8097466
4.6978021978	124.8552736
4.70268620269	124.8802765
