V	%
0.004	0.0
0.008	0.000196907724584
0.012	0.00108759508847
0.016	0.00353631549559
0.02	0.00876537203408
0.024	0.0182270107003
0.028	0.0337630660155
0.032	0.057461299648
0.036	0.0921308276707
0.04	0.140182941782
0.044	0.205792485968
0.048	0.291148096075
0.052	0.396021259128
0.056	0.531185513916
0.06	0.693923969858
0.064	0.886459850762
0.068	1.11790191557
0.072	1.39321978229
0.076	1.71723454726
0.08	2.09262392721
0.084	2.53943498494
0.088	3.03298881619
0.092	3.58141524789
0.096	4.20719823081
0.1	4.90152130066
0.104	5.67171554781
0.108	6.52857576826
0.112	7.48339511656
0.116	8.52230372663
0.12	9.66531225651
0.124	10.9342117744
0.128	12.1628963949
0.132	13.5745224676
0.136	14.9980357737
0.14	16.4884026701
0.144	18.2675963763
0.148	20.5781767021
0.152	22.068859236
0.156	23.9880647038
0.16	25.9887915397
0.164	28.2920384578
0.168	30.5569760282
0.172	32.9034335919
0.176	35.2214128804
0.18	37.526620357
0.184	40.6774931139
0.188	44.0847263196
0.192	46.2877858132
0.196	49.1066825848
0.2	52.6288239982
0.204	55.2866381991
0.208	59.404977723
0.212	62.0726116058
0.216	65.7136051252
0.22	69.1601221642
0.224	72.4485087628
0.228	74.8067463705
0.232	78.0489731391
0.236	81.7233521234
0.24	84.7003877802
0.244	87.6066917194
0.248	91.0414287146
0.252	93.6884404995
0.256	95.4377339118
0.26	98.1692064297
0.264	100.0
V	%
0.016	0.0
0.02	5.0965244745e-06
0.024	1.48258894169e-05
0.028	1.94594064574e-05
0.032	2.54826422549e-05
0.036	2.779940244e-05
0.04	1.43625354202e-05
0.044	1.01927122799e-05
0.048	2.82627532022e-05
0.052	2.17758266438e-05
0.056	1.89957157916e-05
0.06	4.12352364307e-05
0.064	3.19695654838e-05
0.068	4.07718857636e-05
0.072	3.75294472846e-05
0.076	6.44024874662e-05
0.08	7.32048035888e-05
0.084	8.98851289315e-05
0.088	8.24714993265e-05
0.092	0.00010749078768
0.096	0.000122781057558
0.1	0.000153360910849
0.104	0.000176526796153
0.108	0.000202936139933
0.112	0.000228882142749
0.116	0.000245562121586
0.12	0.00029328461506
0.124	0.000327107622597
0.128	0.000354443648304
0.132	0.00040031309471
0.136	0.0004600824228
0.14	0.000535140624244
0.144	0.000586106264735
0.148	0.000641242026221
0.152	0.000720007746866
0.156	0.000817769859114
0.16	0.000902558112346
0.164	0.000997539704108
0.168	0.00107676844512
0.172	0.00119537936532
0.176	0.00132279429181
0.18	0.00144418567637
0.184	0.00158735280671
0.188	0.00172032760597
0.192	0.00187415137394
0.196	0.00204187546596
0.2	0.0022225722583
0.204	0.00240280580956
0.208	0.00262242238667
0.212	0.00281840868403
0.216	0.00306582486279
0.22	0.00331879964907
0.224	0.00356992255553
0.228	0.00385579485941
0.232	0.00415093334518
0.236	0.00448545421943
0.24	0.00482924105677
0.244	0.00521287542628
0.248	0.00556639253326
0.252	0.00598940843506
0.256	0.00642308065106
0.26	0.00686694699611
0.264	0.00740347854681
0.268	0.00791313611231
0.272	0.00851916519258
0.276	0.00908998333721
0.28	0.00975114864606
0.284	0.0104377971133
0.288	0.0112032120699
0.292	0.012022832844
0.296	0.0128461638277
0.3	0.0137746645674
0.304	0.0146948318194
0.308	0.0157780881842
0.312	0.0168191790039
0.316	0.0179802724267
0.32	0.0192650759985
0.324	0.0206953603851
0.328	0.022045490985
0.332	0.0235832678495
0.336	0.0251826675258
0.34	0.0271050062124
0.344	0.0289268027018
0.348	0.0310214926589
0.352	0.0332538021741
0.356	0.0355834007818
0.36	0.0381877482949
0.364	0.0409514876491
0.368	0.0437675825201
0.372	0.047128544979
0.376	0.0504394637979
0.38	0.0539310903017
0.384	0.0581950779524
0.388	0.0623951175959
0.392	0.0667591758786
0.396	0.0715078076844
0.4	0.076582151573
0.404	0.0824839833906
0.408	0.088409453108
0.412	0.0947811022269
0.416	0.102232773537
0.42	0.109746787327
0.424	0.118126736104
0.428	0.126965911423
0.432	0.136508165784
0.436	0.147236667383
0.44	0.157769009526
0.444	0.169492384003
0.448	0.182698476201
0.452	0.195952412702
0.456	0.21132529446
0.46	0.227267324888
0.464	0.246557538524
0.468	0.264393653691
0.472	0.284946618073
0.476	0.305791348705
0.48	0.330118127276
0.484	0.355458962871
0.488	0.384310559837
0.492	0.413339120697
0.496	0.442874722912
0.5	0.479881517537
0.504	0.514133232595
0.508	0.555066930241
0.512	0.598985286477
0.516	0.643472845607
0.52	0.685889246704
0.524	0.739254157279
0.528	0.795139757615
0.532	0.849427796019
0.536	0.917950421696
0.54	0.990438154108
0.544	1.06872356525
0.548	1.14146686461
0.552	1.22157982101
0.556	1.31710297531
0.56	1.40209757655
0.564	1.49675919473
0.568	1.60783606176
0.572	1.71431854195
0.576	1.83195166627
0.58	1.95719422566
0.584	2.09904302869
0.588	2.25075092795
0.592	2.39130753619
0.596	2.54090951745
0.6	2.6951535748
0.604	2.88706141953
0.608	3.07394410459
0.612	3.27480149674
0.616	3.46221022846
0.62	3.69666339125
0.624	3.9168068046
0.628	4.15676272342
0.632	4.42098353229
0.636	4.67754633213
0.64	4.92166565569
0.644	5.21713664381
0.648	5.50877949787
0.652	5.78769204575
0.656	6.17126807134
0.66	6.52239689207
0.664	6.89151997683
0.668	7.23709715365
0.672	7.61804120507
0.676	7.98032045113
0.68	8.45932468062
0.684	8.84136884755
0.688	9.33176186294
0.692	9.77305490121
0.696	10.2194674692
0.7	10.7453670498
0.704	11.2808082835
0.708	11.7605946622
0.712	12.3032326616
0.716	12.8593065072
0.72	13.3784341778
0.724	13.9954389465
0.728	14.5817381427
0.732	15.2227309889
0.736	15.8656462451
0.74	16.5032802962
0.744	17.1716224883
0.748	17.8898632455
0.752	18.5769182081
0.756	19.3421762935
0.76	20.0143565514
0.764	20.8405498407
0.768	21.5755825755
0.772	22.3427614536
0.776	23.154559404
0.78	23.9591603984
0.784	24.8299710475
0.788	25.8370439236
0.792	26.6598749931
0.796	27.4947048579
0.8	28.4418046864
0.804	29.5573061309
0.808	30.1459968288
0.812	31.2581480399
0.816	32.2047633655
0.82	33.1446646208
0.824	34.2126692762
0.828	35.2816326631
0.832	36.3117375488
0.836	37.2881022838
0.84	38.3738611683
0.844	39.4653718716
0.848	40.6293286466
0.852	41.74099545
0.856	42.8382719565
0.86	43.8482208371
0.864	45.1052606718
0.868	46.2442715889
0.872	47.5204983276
0.876	48.554441279
0.88	49.7409524101
0.884	50.8247904066
0.888	51.988273048
0.892	53.0927377584
0.896	54.3617728684
0.9	55.5746764213
0.904	56.5328060393
0.908	57.7495407134
0.912	58.777247248
0.916	59.9532027231
0.92	60.9612377555
0.924	62.3041585567
0.928	63.708481846
0.932	65.2596350998
0.936	66.6188703204
0.94	68.0390373202
0.944	69.8847781268
0.948	71.8754109816
0.952	74.1193780566
0.956	76.6166587084
0.96	78.8390300639
0.964	81.7806008129
0.968	84.9212743744
0.972	88.3085680858
0.976	92.2763987102
0.98	96.1540326487
0.984	100.0
