V	%
0.04884004884	0.0
0.0732600732601	0.000311714607749
0.0976800976801	0.000632713412367
0.1221001221	0.00166197481987
0.14652014652	0.00346385378612
0.17094017094	0.00631619126199
0.19536019536	0.0110678134701
0.21978021978	0.0177491272822
0.2442002442	0.0272099835642
0.26862026862	0.0398549521843
0.29304029304	0.0565257987763
0.31746031746	0.077223252588
0.34188034188	0.103698702862
0.3663003663	0.136749977754
0.39072039072	0.176486243598
0.41514041514	0.224293197286
0.43956043956	0.282316621864
0.46398046398	0.349032201217
0.4884004884	0.42683768732
0.512820512821	0.517836784091
0.537240537241	0.623517008186
0.561660561661	0.741306359885
0.586080586081	0.878334201142
0.610500610501	1.03013832154
0.634920634921	1.20012856268
0.659340659341	1.39268323717
0.683760683761	1.60670787704
0.708180708181	1.84005482917
0.732600732601	2.09428278914
0.757020757021	2.3853876747
0.781440781441	2.69291135769
0.805860805861	3.03642812431
0.830280830281	3.40124641961
0.854700854701	3.80483631301
0.879120879121	4.24698811004
0.903540903541	4.70244256037
0.927960927961	5.22028606704
0.952380952381	5.7764677498
0.976800976801	6.32542266059
1.00122100122	6.95327783695
1.02564102564	7.65585691807
1.05006105006	8.36052392919
1.07448107448	9.11653663987
1.0989010989	9.89885075792
1.12332112332	10.7951291439
1.14774114774	11.6630210472
1.17216117216	12.6164899845
1.19658119658	13.7331859676
1.221001221	14.7192196015
1.24542124542	15.8279819513
1.26984126984	17.031509279
1.29426129426	18.3055866546
1.31868131868	19.630175259
1.3431013431	20.9647803683
1.36752136752	22.324438434
1.39194139194	23.8139237269
1.41636141636	25.409855037
1.44078144078	27.0291690096
1.4652014652	28.7699668531
1.48962148962	30.4214205742
1.51404151404	32.2436217453
1.53846153846	34.1159113505
1.56288156288	36.0040682723
1.5873015873	37.868008862
1.61172161172	39.910623273
1.63614163614	41.9645047934
1.66056166056	44.0104628974
1.68498168498	46.0175938169
1.7094017094	48.169162766
1.73382173382	50.1963326551
1.75824175824	52.3094941092
1.78266178266	54.3992816652
1.80708180708	56.6886480849
1.8315018315	58.5154641372
1.85592185592	60.5350133072
1.88034188034	62.5503771015
1.90476190476	64.775218521
1.92918192918	67.0084562337
1.9536019536	68.8520343223
1.97802197802	70.9176611877
2.00244200244	73.0838672824
2.02686202686	75.2919581845
2.05128205128	77.47072892
2.0757020757	79.3017193299
2.10012210012	81.069876018
2.12454212454	83.051714738
2.14896214896	84.7612005429
2.17338217338	86.6047731225
2.1978021978	88.3855059704
2.22222222222	89.9525332475
2.24664224664	91.6159423586
2.27106227106	93.1829696358
2.29548229548	94.9888367737
2.3199023199	96.3379961424
2.34432234432	97.5614590197
2.36874236874	99.0907813561
2.39316239316	100.0
V	%
0.04884004884	0.0
0.0732600732601	3.48086194486e-05
0.0976800976801	0.000475662959119
0.1221001221	0.001274525027
0.14652014652	0.00269552632125
0.17094017094	0.0052546774063
0.19536019536	0.00911854321074
0.21978021978	0.0146747487696
0.2442002442	0.0227229229843
0.26862026862	0.0335234251874
0.29304029304	0.0475665588598
0.31746031746	0.0655741430955
0.34188034188	0.0887634326699
0.3663003663	0.117225898369
0.39072039072	0.151996843561
0.41514041514	0.194100476736
0.43956043956	0.243774353904
0.46398046398	0.302087123261
0.4884004884	0.371120672755
0.512820512821	0.452014156702
0.537240537241	0.545740959063
0.561660561661	0.649090709779
0.586080586081	0.765349662514
0.610500610501	0.901065920118
0.634920634921	1.05274210402
0.659340659341	1.21900187036
0.683760683761	1.40468134787
0.708180708181	1.61458003198
0.732600732601	1.85029775746
0.757020757021	2.09464646913
0.781440781441	2.37835547996
0.805860805861	2.68323313246
0.830280830281	3.01791041279
0.854700854701	3.3709289288
0.879120879121	3.76940872339
0.903540903541	4.16684739719
0.927960927961	4.63218077112
0.952380952381	5.1016280223
0.976800976801	5.61516117306
1.00122100122	6.15230634828
1.02564102564	6.72892500212
1.05006105006	7.36604752399
1.07448107448	8.04006082722
1.0989010989	8.75207214246
1.12332112332	9.49839353345
1.14774114774	10.2900911547
1.17216117216	11.1415539148
1.19658119658	12.0129385945
1.221001221	12.9127299344
1.24542124542	13.8534715915
1.26984126984	14.8989855852
1.29426129426	15.9551973204
1.31868131868	17.1202414591
1.3431013431	18.2262566652
1.36752136752	19.4363099932
1.39194139194	20.6574268644
1.41636141636	22.0397649186
1.44078144078	23.3453650773
1.4652014652	24.7210590838
1.48962148962	26.1380730598
1.51404151404	27.7233167848
1.53846153846	29.3155652695
1.56288156288	30.7263087448
1.5873015873	32.2554733198
1.61172161172	33.8908889731
1.63614163614	35.5451135615
1.66056166056	37.3756882101
1.68498168498	39.1634641031
1.7094017094	40.8623346462
1.73382173382	42.6785133489
1.75824175824	44.5854521247
1.78266178266	46.520791453
1.80708180708	48.4074452959
1.8315018315	50.3977867725
1.85592185592	52.3047104117
1.88034188034	54.1671992123
1.90476190476	56.1963130145
1.92918192918	57.9366116521
1.9536019536	59.8287217605
1.97802197802	61.9319018886
2.00244200244	63.757355092
2.02686202686	65.7309303251
2.05128205128	67.5637925068
2.0757020757	69.4040694206
2.10012210012	71.4368824008
2.12454212454	73.2697600732
2.14896214896	75.1137312965
2.17338217338	77.1909839837
2.1978021978	78.9905309907
2.22222222222	80.827092793
2.24664224664	82.4822315538
2.27106227106	84.0003728172
2.29548229548	85.4888715283
2.3199023199	87.18473577
2.34432234432	88.7176901215
2.36874236874	90.035859342
2.39316239316	91.3984842027
2.41758241758	92.5648525746
2.442002442	93.7386303674
2.46642246642	94.8383568823
2.49084249084	96.1232211076
2.51526251526	96.7378657895
2.53968253968	97.3784379122
2.5641025641	98.1227082908
2.58852258852	99.0928303534
2.61294261294	100.0
