V	MHz
0.0	88.02082755
0.004884004884	104.942758
0.00976800976801	104.9444875
0.014652014652	104.9464446
0.019536019536	104.9475111
0.02442002442	104.9480665
0.029304029304	104.948555
0.034188034188	104.9487781
0.039072039072	104.9490186
0.043956043956	104.9495228
0.04884004884	104.9495852
0.0537240537241	104.9498029
0.0586080586081	104.9498502
0.0634920634921	104.9500319
0.0683760683761	104.9501179
0.0732600732601	104.9501012
0.0781440781441	104.950234
0.0830280830281	104.9502665
0.0879120879121	104.950306
0.0927960927961	104.9503651
0.0976800976801	104.9505592
0.102564102564	104.9505559
0.107448107448	104.9505725
0.112332112332	104.950671
0.117216117216	104.9507323
0.1221001221	104.9509195
0.126984126984	104.9506941
0.131868131868	104.9508577
0.136752136752	104.9509807
0.141636141636	104.9511187
0.14652014652	104.9510329
0.151404151404	104.9511927
0.156288156288	104.9511306
0.161172161172	104.9511672
0.166056166056	104.9512117
0.17094017094	104.9513841
0.175824175824	104.9513885
0.180708180708	104.9513807
0.185592185592	104.9513864
0.190476190476	104.9515042
0.19536019536	104.951662
0.200244200244	104.9515888
0.205128205128	104.9516775
0.210012210012	104.9516909
0.214896214896	104.9517341
0.21978021978	104.9517284
0.224664224664	104.9518188
0.229548229548	104.9519069
0.234432234432	104.9518662
0.239316239316	104.9519092
0.2442002442	104.951887
0.249084249084	104.9519862
0.253968253968	104.9521356
0.258852258852	104.9521031
0.263736263736	104.9521988
0.26862026862	104.9522117
0.273504273504	104.9522037
0.278388278388	104.9522508
0.283272283272	104.9521738
0.288156288156	104.9522034
0.29304029304	104.9525383
0.297924297924	104.9523918
0.302808302808	104.9525493
0.307692307692	104.9525688
0.312576312576	104.95254
0.31746031746	104.9526494
0.322344322344	104.9526468
0.327228327228	104.9527108
0.332112332112	104.9528597
0.336996336996	104.9528821
0.34188034188	104.9527084
0.346764346764	104.9527906
0.351648351648	104.9529724
0.356532356532	104.9530308
0.361416361416	104.9529568
0.3663003663	104.9528933
0.371184371184	104.953104
0.376068376068	104.9530652
0.380952380952	104.9531869
0.385836385836	104.9532106
0.39072039072	104.9530976
0.395604395604	104.9532187
0.400488400488	104.9531602
0.405372405372	104.9533382
0.410256410256	104.9532723
0.41514041514	104.9532637
0.420024420024	104.9533541
0.424908424908	104.9533105
0.429792429792	104.9534463
0.434676434676	104.953586
0.43956043956	104.9535845
0.444444444444	104.9536445
0.449328449328	104.953342
0.454212454212	104.9535625
0.459096459096	104.9536637
0.46398046398	104.9537258
0.468864468864	104.9537641
0.473748473748	104.9538415
0.478632478632	104.9537307
0.483516483516	104.9536975
0.4884004884	104.9538393
0.493284493284	104.953707
0.498168498168	104.9538534
0.503052503053	104.9537965
0.507936507937	104.9538355
0.512820512821	104.9540387
0.517704517705	104.9540338
0.522588522589	104.9540507
0.527472527473	104.9539873
0.532356532357	104.9540506
0.537240537241	104.9540818
0.542124542125	104.9540967
0.547008547009	104.9542609
0.551892551893	104.9543098
0.556776556777	104.9543911
0.561660561661	104.9542746
0.566544566545	104.9542179
0.571428571429	104.9543078
0.576312576313	104.9543018
0.581196581197	104.9542714
0.586080586081	104.9542425
0.590964590965	104.9543635
0.595848595849	104.9545196
0.600732600733	104.954442
0.605616605617	104.9543948
0.610500610501	104.954469
0.615384615385	104.9546533
0.620268620269	104.9545808
0.625152625153	104.9546731
0.630036630037	104.9547125
0.634920634921	104.9545954
0.639804639805	104.9545125
0.644688644689	104.9547365
0.649572649573	104.9548366
0.654456654457	104.9546716
0.659340659341	104.9549509
0.664224664225	104.9547836
0.669108669109	104.9547858
0.673992673993	104.9546991
0.678876678877	104.9548585
0.683760683761	104.9549633
0.688644688645	104.9548669
0.693528693529	104.9549709
0.698412698413	104.9550483
0.703296703297	104.9550451
0.708180708181	104.9550119
0.713064713065	104.9549025
0.717948717949	104.9550682
0.722832722833	104.9551251
0.727716727717	104.9551127
0.732600732601	104.9551612
0.737484737485	104.9549664
0.742368742369	104.9552457
0.747252747253	104.955197
0.752136752137	104.9551868
0.757020757021	104.9552372
0.761904761905	104.9553139
0.766788766789	104.955391
0.771672771673	104.9552243
0.776556776557	104.9552507
0.781440781441	104.955269
0.786324786325	104.9554698
0.791208791209	104.9553606
0.796092796093	104.9554569
0.800976800977	104.9555883
0.805860805861	104.9555049
0.810744810745	104.9554398
0.815628815629	104.9555563
0.820512820513	104.9554861
0.825396825397	104.9557232
0.830280830281	104.9555133
0.835164835165	104.9556379
0.840048840049	104.9556103
0.844932844933	104.9555501
0.849816849817	104.9556553
0.854700854701	104.955715
0.859584859585	104.95562
0.864468864469	104.9557641
0.869352869353	104.9557714
0.874236874237	104.9557354
0.879120879121	104.9559087
0.884004884005	104.9558769
0.888888888889	104.9558724
0.893772893773	104.9558801
0.898656898657	104.9558417
0.903540903541	104.9559379
0.908424908425	104.9558707
0.913308913309	104.9558252
0.918192918193	104.9559606
0.923076923077	104.9559263
0.927960927961	104.9559739
0.932844932845	104.9559822
0.937728937729	104.9560983
0.942612942613	104.9561315
0.947496947497	104.9560889
0.952380952381	104.9561018
0.957264957265	104.9561589
0.962148962149	104.9560544
0.967032967033	104.9561599
0.971916971917	104.9561599
0.976800976801	104.956222
0.981684981685	104.9561901
0.986568986569	104.9561576
0.991452991453	104.9562846
0.996336996337	104.9561922
1.00122100122	104.9562982
1.00610500611	104.9564103
1.01098901099	104.9561953
1.01587301587	104.9564399
1.02075702076	104.9564601
1.02564102564	104.9563443
1.03052503053	104.9563929
1.03540903541	104.9563579
1.04029304029	104.9564411
1.04517704518	104.9565441
1.05006105006	104.9563853
1.05494505495	104.9565139
1.05982905983	104.9564781
1.06471306471	104.9567036
1.0695970696	104.9565256
1.07448107448	104.9564824
1.07936507937	104.9565465
1.08424908425	104.9566866
1.08913308913	104.9565944
1.09401709402	104.9566085
1.0989010989	104.956677
1.10378510379	104.9567514
1.10866910867	104.9568046
1.11355311355	104.9567534
1.11843711844	104.956636
1.12332112332	104.956694
1.12820512821	104.9568014
1.13308913309	104.9568408
1.13797313797	104.9568682
1.14285714286	104.9567893
1.14774114774	104.9567939
1.15262515263	104.9567783
1.15750915751	104.956793
1.16239316239	104.9568406
1.16727716728	104.956866
1.17216117216	104.9570255
1.17704517705	104.9569131
1.18192918193	104.9569822
1.18681318681	104.956946
1.1916971917	104.9570281
1.19658119658	104.9569429
1.20146520147	104.957039
1.20634920635	104.9569606
1.21123321123	104.9571091
1.21611721612	104.9571074
1.221001221	104.9571156
1.22588522589	104.9570036
1.23076923077	104.9570154
1.23565323565	104.9571303
1.24053724054	104.9571362
1.24542124542	104.9570783
1.25030525031	104.9569738
1.25518925519	104.9570716
1.26007326007	104.9572549
1.26495726496	104.9571986
1.26984126984	104.9570886
1.27472527473	104.9571191
1.27960927961	104.9570976
1.28449328449	104.9573371
1.28937728938	104.9572446
1.29426129426	104.9572314
1.29914529915	104.9573613
1.30402930403	104.9572243
1.30891330891	104.957133
1.3137973138	104.9573276
1.31868131868	104.9574355
1.32356532357	104.9573914
1.32844932845	104.9573569
1.33333333333	104.9574769
1.33821733822	104.9574289
1.3431013431	104.9573653
1.34798534799	104.9575115
1.35286935287	104.9573049
1.35775335775	104.9573113
1.36263736264	104.9574549
1.36752136752	104.9574096
1.37240537241	104.9575298
1.37728937729	104.9575202
1.38217338217	104.957469
1.38705738706	104.9576668
1.39194139194	104.9575713
1.39682539683	104.9574005
1.40170940171	104.9575576
1.40659340659	104.9576216
1.41147741148	104.9575396
1.41636141636	104.9575207
1.42124542125	104.9574871
1.42612942613	104.9576293
1.43101343101	104.9575906
1.4358974359	104.9577137
1.44078144078	104.9576701
1.44566544567	104.9576052
1.45054945055	104.957637
1.45543345543	104.9576351
1.46031746032	104.9575964
1.4652014652	104.9575366
1.47008547009	104.9577826
1.47496947497	104.957752
1.47985347985	104.9577099
1.48473748474	104.9576157
1.48962148962	104.9577327
1.49450549451	104.9575972
1.49938949939	104.9577453
1.50427350427	104.9577491
1.50915750916	104.9576547
1.51404151404	104.9578272
1.51892551893	104.9578531
1.52380952381	104.9577519
1.52869352869	104.9579126
1.53357753358	104.9578268
1.53846153846	104.9576156
1.54334554335	104.9578199
1.54822954823	104.9579492
1.55311355311	104.9577734
1.557997558	104.9577257
1.56288156288	104.9579614
1.56776556777	104.9577709
1.57264957265	104.9578913
1.57753357753	104.9580191
1.58241758242	104.9580276
1.5873015873	104.9578668
1.59218559219	104.9579358
1.59706959707	104.9579385
1.60195360195	104.9579191
1.60683760684	104.9581549
1.61172161172	104.9580383
1.61660561661	104.9581147
1.62148962149	104.9579537
1.62637362637	104.9580882
1.63125763126	104.9580461
1.63614163614	104.9579427
1.64102564103	104.9581376
1.64590964591	104.9579053
1.65079365079	104.9580423
1.65567765568	104.9579983
1.66056166056	104.958091
1.66544566545	104.9580948
1.67032967033	104.9581504
1.67521367521	104.9580332
1.6800976801	104.9582296
1.68498168498	104.9580731
1.68986568987	104.9582359
1.69474969475	104.9580928
1.69963369963	104.9581791
1.70451770452	104.9581235
1.7094017094	104.9582137
1.71428571429	104.9582333
1.71916971917	104.9581232
1.72405372405	104.9580922
1.72893772894	104.9581827
1.73382173382	104.9582707
1.73870573871	104.9581783
1.74358974359	104.9581573
1.74847374847	104.958161
1.75335775336	104.9582931
1.75824175824	104.9584432
1.76312576313	104.9583448
1.76800976801	104.9582644
1.77289377289	104.9583036
1.77777777778	104.9583459
1.78266178266	104.9581863
1.78754578755	104.9584493
1.79242979243	104.9583883
1.79731379731	104.9581231
1.8021978022	104.9584353
1.80708180708	104.9584599
1.81196581197	104.9584266
1.81684981685	104.9584541
1.82173382173	104.9583761
1.82661782662	104.9582431
1.8315018315	104.9583488
1.83638583639	104.9584751
1.84126984127	104.9584018
1.84615384615	104.9583301
1.85103785104	104.9584692
1.85592185592	104.9583028
1.86080586081	104.9584818
1.86568986569	104.9585165
1.87057387057	104.9583971
1.87545787546	104.9585147
1.88034188034	104.9586096
1.88522588523	104.9586024
1.89010989011	104.9585419
1.89499389499	104.9586226
1.89987789988	104.9584294
1.90476190476	104.9584728
1.90964590965	104.9586167
1.91452991453	104.9586424
1.91941391941	104.9585417
1.9242979243	104.9586799
1.92918192918	104.9585664
1.93406593407	104.9585366
1.93894993895	104.9585852
1.94383394383	104.9586426
1.94871794872	104.9586121
1.9536019536	104.9586413
1.95848595849	104.9587223
1.96336996337	104.9587239
1.96825396825	104.9586611
1.97313797314	104.958726
1.97802197802	104.9585895
1.98290598291	104.9586242
1.98778998779	104.9585531
1.99267399267	104.9586235
1.99755799756	104.9587341
2.00244200244	104.9586144
2.00732600733	104.9587862
2.01221001221	104.9587252
2.01709401709	104.9585654
2.02197802198	104.9588272
2.02686202686	104.958763
2.03174603175	104.958822
2.03663003663	104.9586698
2.04151404151	104.958595
2.0463980464	104.9590082
2.05128205128	104.9587156
2.05616605617	104.9588069
2.06105006105	104.9587296
2.06593406593	104.9587077
2.07081807082	104.9586973
2.0757020757	104.9587306
2.08058608059	104.958749
2.08547008547	104.9589193
2.09035409035	104.9589345
2.09523809524	104.9589524
2.10012210012	104.9589434
2.10500610501	104.9588182
2.10989010989	104.9587354
2.11477411477	104.9588485
2.11965811966	104.9588273
2.12454212454	104.9587859
2.12942612943	104.9589469
2.13431013431	104.9588521
2.13919413919	104.9588366
2.14407814408	104.9590133
2.14896214896	104.9587776
2.15384615385	104.9587965
2.15873015873	104.9588926
2.16361416361	104.9589285
2.1684981685	104.9587957
2.17338217338	104.9590386
2.17826617827	104.9589346
2.18315018315	104.9588992
2.18803418803	104.9589953
2.19291819292	104.9589142
2.1978021978	104.9589337
2.20268620269	104.9590528
2.20757020757	104.9590078
2.21245421245	104.9589025
2.21733821734	104.9590591
2.22222222222	104.9590975
2.22710622711	104.9590892
2.23199023199	104.9590382
2.23687423687	104.9591003
2.24175824176	104.9590735
2.24664224664	104.9591456
2.25152625153	104.9589895
2.25641025641	104.9589988
2.26129426129	104.9589778
2.26617826618	104.9591003
2.27106227106	104.9590049
2.27594627595	104.9590992
2.28083028083	104.9589532
2.28571428571	104.9591174
2.2905982906	104.9589339
2.29548229548	104.959135
2.30036630037	104.9591533
2.30525030525	104.9590845
2.31013431013	104.9591744
2.31501831502	104.9590992
2.3199023199	104.9591927
2.32478632479	104.9591489
2.32967032967	104.9590456
2.33455433455	104.9592672
2.33943833944	104.9591703
2.34432234432	104.9593364
2.34920634921	104.9590072
2.35409035409	104.9591082
2.35897435897	104.9591306
2.36385836386	104.9592336
2.36874236874	104.9592812
2.37362637363	104.959127
2.37851037851	104.9593225
2.38339438339	104.9591817
2.38827838828	104.9592331
2.39316239316	104.9592019
2.39804639805	104.9592998
2.40293040293	104.9593172
2.40781440781	104.9591197
2.4126984127	104.9590915
2.41758241758	104.9592216
2.42246642247	104.9592561
2.42735042735	104.9593472
2.43223443223	104.9591385
2.43711843712	104.9593842
2.442002442	104.9593298
2.44688644689	104.9593777
2.45177045177	104.9594071
2.45665445665	104.9593457
2.46153846154	104.9593235
2.46642246642	104.9594239
2.47130647131	104.9594641
2.47619047619	104.9592985
2.48107448107	104.9592581
2.48595848596	104.9593212
2.49084249084	104.9593596
2.49572649573	104.9595646
2.50061050061	104.9593846
2.50549450549	104.959271
2.51037851038	104.9594302
2.51526251526	104.9592979
2.52014652015	104.9593599
2.52503052503	104.9592778
2.52991452991	104.9592946
2.5347985348	104.9593378
2.53968253968	104.9594999
2.54456654457	104.9594555
2.54945054945	104.9593088
2.55433455433	104.9592563
2.55921855922	104.9594835
2.5641025641	104.9593473
2.56898656899	104.9594451
2.57387057387	104.9593873
2.57875457875	104.9594258
2.58363858364	104.959506
2.58852258852	104.9594295
2.59340659341	104.9593251
2.59829059829	104.9594885
2.60317460317	104.9593898
2.60805860806	104.9594172
2.61294261294	104.9595452
2.61782661783	104.9594465
2.62271062271	104.9595107
2.62759462759	104.9595302
2.63247863248	104.9596432
2.63736263736	104.9593979
2.64224664225	104.9595147
2.64713064713	104.9594362
2.65201465201	104.9594487
2.6568986569	104.9596407
2.66178266178	104.9594543
2.66666666667	104.9595649
2.67155067155	104.9596164
2.67643467643	104.9595684
2.68131868132	104.9595728
2.6862026862	104.9594787
2.69108669109	104.9596499
2.69597069597	104.9595604
2.70085470085	104.9596775
2.70573870574	104.9595321
2.71062271062	104.9594863
2.71550671551	104.9597562
2.72039072039	104.9596297
2.72527472527	104.9595344
2.73015873016	104.9594575
2.73504273504	104.9596388
2.73992673993	104.9594828
2.74481074481	104.9595686
2.74969474969	104.9596487
2.75457875458	104.9596861
2.75946275946	104.9595747
2.76434676435	104.9597064
2.76923076923	104.9595241
2.77411477411	104.9596124
2.778998779	104.9596457
2.78388278388	104.9596143
2.78876678877	104.959821
2.79365079365	104.9597635
2.79853479853	104.9597687
2.80341880342	104.9596901
2.8083028083	104.9596953
2.81318681319	104.9597796
2.81807081807	104.9597435
2.82295482295	104.9595825
2.82783882784	104.9598649
2.83272283272	104.9597942
2.83760683761	104.9597001
2.84249084249	104.9598191
2.84737484737	104.9597365
2.85225885226	104.9600166
2.85714285714	104.9597866
2.86202686203	104.959806
2.86691086691	104.9598663
2.87179487179	104.9597707
2.87667887668	104.959812
2.88156288156	104.9596116
2.88644688645	104.9600034
2.89133089133	104.9598163
2.89621489621	104.959864
2.9010989011	104.9597488
2.90598290598	104.9598559
2.91086691087	104.9598796
2.91575091575	104.9600286
2.92063492063	104.9598381
2.92551892552	104.9598977
2.9304029304	104.959968
2.93528693529	104.9597075
2.94017094017	104.959956
2.94505494505	104.9599107
2.94993894994	104.9598874
2.95482295482	104.9597924
2.95970695971	104.95987
2.96459096459	104.9600142
2.96947496947	104.959886
2.97435897436	104.9599325
2.97924297924	104.9600217
2.98412698413	104.9599487
2.98901098901	104.9598127
2.99389499389	104.9598144
2.99877899878	104.9598654
3.00366300366	104.9599065
3.00854700855	104.9600275
3.01343101343	104.9599748
3.01831501832	104.959998
3.0231990232	104.959864
3.02808302808	104.9599571
3.03296703297	104.9600639
3.03785103785	104.9601341
3.04273504274	104.9600087
3.04761904762	104.9599542
3.0525030525	104.9600547
3.05738705739	104.9599756
3.06227106227	104.9599595
3.06715506716	104.9597582
3.07203907204	104.960034
3.07692307692	104.9600837
3.08180708181	104.960128
3.08669108669	104.9600913
3.09157509158	104.9600258
3.09645909646	104.9601079
3.10134310134	104.9601016
3.10622710623	104.9600588
3.11111111111	104.9601469
3.115995116	104.9601451
3.12087912088	104.9602336
3.12576312576	104.9599458
3.13064713065	104.9602012
3.13553113553	104.9601936
3.14041514042	104.9599541
3.1452991453	104.9601341
3.15018315018	104.9600066
3.15506715507	104.9601003
3.15995115995	104.9602056
3.16483516484	104.9601028
3.16971916972	104.9601354
3.1746031746	104.960171
3.17948717949	104.9601581
3.18437118437	104.9600585
3.18925518926	104.9601789
3.19413919414	104.9601388
3.19902319902	104.9601138
3.20390720391	104.960066
3.20879120879	104.9603071
3.21367521368	104.9601889
3.21855921856	104.9603361
3.22344322344	104.9602069
3.22832722833	104.9602529
3.23321123321	104.9602816
3.2380952381	104.9602102
3.24297924298	104.9602958
3.24786324786	104.9601719
3.25274725275	104.9603096
3.25763125763	104.9602072
3.26251526252	104.9602731
3.2673992674	104.9602759
3.27228327228	104.9603591
3.27716727717	104.9603983
3.28205128205	104.9601629
3.28693528694	104.9603051
3.29181929182	104.9603284
3.2967032967	104.9602968
3.30158730159	104.960303
3.30647130647	104.9603376
3.31135531136	104.9603141
3.31623931624	104.9603407
3.32112332112	104.9601554
3.32600732601	104.9601965
3.33089133089	104.960505
3.33577533578	104.9603193
3.34065934066	104.9603624
3.34554334554	104.9604261
3.35042735043	104.9602813
3.35531135531	104.9603065
3.3601953602	104.9602563
3.36507936508	104.9604294
3.36996336996	104.9603505
3.37484737485	104.9604309
3.37973137973	104.9602175
3.38461538462	104.9603552
3.3894993895	104.9602807
3.39438339438	104.9604898
3.39926739927	104.9604896
3.40415140415	104.9602607
3.40903540904	104.9603504
3.41391941392	104.9604229
3.4188034188	104.9602624
3.42368742369	104.9604051
3.42857142857	104.9604076
3.43345543346	104.9603769
3.43833943834	104.9604682
3.44322344322	104.9603571
3.44810744811	104.9603861
3.45299145299	104.9604392
3.45787545788	104.9604902
3.46275946276	104.9604834
3.46764346764	104.9603825
3.47252747253	104.9603629
3.47741147741	104.9603695
3.4822954823	104.9605281
3.48717948718	104.9602196
3.49206349206	104.9604266
3.49694749695	104.9603045
3.50183150183	104.9605097
3.50671550672	104.9604818
3.5115995116	104.9605062
3.51648351648	104.9605885
3.52136752137	104.9604564
3.52625152625	104.9605368
3.53113553114	104.9605508
3.53601953602	104.9603287
3.5409035409	104.9604292
3.54578754579	104.9603856
3.55067155067	104.9605376
3.55555555556	104.9601982
3.56043956044	104.9604695
3.56532356532	104.9602586
3.57020757021	104.9605438
3.57509157509	104.9605543
3.57997557998	104.9604884
3.58485958486	104.9605689
3.58974358974	104.9606894
3.59462759463	104.9604777
3.59951159951	104.9606216
3.6043956044	104.9605761
3.60927960928	104.9606563
3.61416361416	104.9606063
3.61904761905	104.9607516
3.62393162393	104.9606052
3.62881562882	104.9606626
3.6336996337	104.9606793
3.63858363858	104.9605379
3.64346764347	104.9605763
3.64835164835	104.9605857
3.65323565324	104.9606608
3.65811965812	104.9607181
3.663003663	104.9605903
3.66788766789	104.9606157
3.67277167277	104.9608224
3.67765567766	104.9607916
3.68253968254	104.9607243
3.68742368742	104.9607586
3.69230769231	104.9606478
3.69719169719	104.9607552
3.70207570208	104.9606742
3.70695970696	104.9606101
3.71184371184	104.9606594
3.71672771673	104.9608767
3.72161172161	104.9607704
3.7264957265	104.9608415
3.73137973138	104.9608081
3.73626373626	104.9607511
3.74114774115	104.9607471
3.74603174603	104.9608455
3.75091575092	104.9606291
3.7557997558	104.9607383
3.76068376068	104.9606981
3.76556776557	104.9606911
3.77045177045	104.9608236
3.77533577534	104.9607031
3.78021978022	104.9609475
3.7851037851	104.9607859
3.78998778999	104.960796
3.79487179487	104.9608623
3.79975579976	104.9608353
3.80463980464	104.960687
3.80952380952	104.96095
3.81440781441	104.9608466
3.81929181929	104.9608534
3.82417582418	104.9610019
3.82905982906	104.9608615
3.83394383394	104.9608964
3.83882783883	104.9608621
3.84371184371	104.9609139
3.8485958486	104.960925
3.85347985348	104.960852
3.85836385836	104.9608678
3.86324786325	104.9610209
3.86813186813	104.9608732
3.87301587302	104.9610016
3.8778998779	104.9608671
3.88278388278	104.9609667
3.88766788767	104.9610478
3.89255189255	104.9609684
3.89743589744	104.9609369
3.90231990232	104.9608215
3.9072039072	104.9608597
3.91208791209	104.9610783
3.91697191697	104.9610683
3.92185592186	104.9609174
3.92673992674	104.9609571
3.93162393162	104.9609373
3.93650793651	104.9611014
3.94139194139	104.9610821
3.94627594628	104.9610744
3.95115995116	104.960928
3.95604395604	104.9609031
3.96092796093	104.9609176
3.96581196581	104.9610811
3.9706959707	104.9610409
3.97557997558	104.9608921
3.98046398046	104.9609817
3.98534798535	104.9611528
3.99023199023	104.9610912
3.99511599512	104.9610843
4.0	104.9609362
4.00488400488	104.9609429
4.00976800977	104.9612018
4.01465201465	104.9612366
4.01953601954	104.9612336
4.02442002442	104.9612271
4.0293040293	104.9612117
4.03418803419	104.9613228
4.03907203907	104.9611014
4.04395604396	104.9611688
4.04884004884	104.9612543
4.05372405372	104.9611991
4.05860805861	104.961265
4.06349206349	104.9610838
4.06837606838	104.9612245
4.07326007326	104.9610359
4.07814407814	104.9611459
4.08302808303	104.961317
4.08791208791	104.9611755
4.0927960928	104.9610877
4.09768009768	104.9613099
4.10256410256	104.9611721
4.10744810745	104.9613316
4.11233211233	104.9613202
4.11721611722	104.9612318
4.1221001221	104.9613168
4.12698412698	104.9613829
4.13186813187	104.9613442
4.13675213675	104.9612904
4.14163614164	104.9613222
4.14652014652	104.9612179
4.1514041514	104.9612719
4.15628815629	104.9611957
4.16117216117	104.9612885
4.16605616606	104.9613786
4.17094017094	104.9614287
4.17582417582	104.9614515
4.18070818071	104.9611565
4.18559218559	104.9614012
4.19047619048	104.9612653
4.19536019536	104.9614671
4.20024420024	104.9613836
4.20512820513	104.9615575
4.21001221001	104.9614535
4.2148962149	104.9614644
4.21978021978	104.961474
4.22466422466	104.9612054
4.22954822955	104.9615213
4.23443223443	104.9614293
4.23931623932	104.9614933
4.2442002442	104.961541
4.24908424908	104.9613865
4.25396825397	104.9613702
4.25885225885	104.9614368
4.26373626374	104.9615794
4.26862026862	104.9615961
4.2735042735	104.9615435
4.27838827839	104.961489
4.28327228327	104.961441
4.28815628816	104.9615381
4.29304029304	104.9614005
4.29792429792	104.9612813
4.30280830281	104.9616052
4.30769230769	104.9615514
4.31257631258	104.9616066
4.31746031746	104.961452
4.32234432234	104.9617172
4.32722832723	104.961473
4.33211233211	104.9616283
4.336996337	104.9615043
4.34188034188	104.9615536
4.34676434676	104.9615268
4.35164835165	104.9616593
4.35653235653	104.9617222
4.36141636142	104.9615674
4.3663003663	104.9616987
4.37118437118	104.9615701
4.37606837607	104.9616141
4.38095238095	104.9616932
4.38583638584	104.9616977
4.39072039072	104.9616435
4.3956043956	104.9616675
4.40048840049	104.9614749
4.40537240537	104.9616039
4.41025641026	104.9617153
4.41514041514	104.9615907
4.42002442002	104.9615302
4.42490842491	104.9617522
4.42979242979	104.9617951
4.43467643468	104.9616799
4.43956043956	104.9617267
4.44444444444	104.9617184
4.44932844933	104.9617184
4.45421245421	104.9617416
4.4590964591	104.9616669
4.46398046398	104.9617491
4.46886446886	104.9618333
4.47374847375	104.9617595
4.47863247863	104.9617939
4.48351648352	104.9618561
4.4884004884	104.9617168
4.49328449328	104.9618554
4.49816849817	104.9618177
4.50305250305	104.9615854
4.50793650794	104.9617279
4.51282051282	104.9617768
4.5177045177	104.9618376
4.52258852259	104.961837
4.52747252747	104.9617327
4.53235653236	104.9617538
4.53724053724	104.9617662
4.54212454212	104.9619146
4.54700854701	104.9617866
4.55189255189	104.9618592
4.55677655678	104.9618276
4.56166056166	104.9618915
4.56654456654	104.9618323
4.57142857143	104.9618465
4.57631257631	104.9618693
4.5811965812	104.9620199
4.58608058608	104.9619625
4.59096459096	104.9618026
4.59584859585	104.962034
4.60073260073	104.9619279
4.60561660562	104.9619888
4.6105006105	104.9617563
4.61538461538	104.9620149
4.62026862027	104.9619758
4.62515262515	104.9618693
4.63003663004	104.9620397
4.63492063492	104.9618745
4.6398046398	104.9619379
4.64468864469	104.9619845
4.64957264957	104.9619881
4.65445665446	104.9620321
4.65934065934	104.9618504
4.66422466422	104.9620762
4.66910866911	104.961872
4.67399267399	104.9620768
4.67887667888	104.9619409
4.68376068376	104.9619999
4.68864468864	104.9620162
4.69352869353	104.961958
4.69841269841	104.9620754
4.7032967033	104.962049
4.70818070818	104.9617862
4.71306471306	104.9619865
4.71794871795	104.9620164
4.72283272283	104.9620285
4.72771672772	104.961964
4.7326007326	104.9619912
4.73748473748	104.9619875
4.74236874237	104.9620331
4.74725274725	104.9620959
4.75213675214	104.9621274
4.75702075702	104.9621335
4.7619047619	104.9621173
4.76678876679	104.962131
4.77167277167	104.9622547
4.77655677656	104.962091
4.78144078144	104.9621159
4.78632478632	104.9621366
4.79120879121	104.9622037
4.79609279609	104.9620515
4.80097680098	104.9622169
4.80586080586	104.9621943
4.81074481074	104.9621639
4.81562881563	104.9622353
4.82051282051	104.9621996
4.8253968254	104.9621981
4.83028083028	104.9622271
4.83516483516	104.9621394
4.84004884005	104.9622334
4.84493284493	104.9621132
4.84981684982	104.9622113
4.8547008547	104.9621863
4.85958485958	104.9621479
4.86446886447	104.9621631
4.86935286935	104.962239
4.87423687424	104.9622983
4.87912087912	104.9621951
4.884004884	104.9623553
4.88888888889	104.9622423
4.89377289377	104.9622342
4.89865689866	104.9621324
4.90354090354	104.9622291
4.90842490842	104.9624031
4.91330891331	104.9622795
4.91819291819	104.9622893
4.92307692308	104.9621995
4.92796092796	104.962205
4.93284493284	104.9622952
4.93772893773	104.9621433
4.94261294261	104.9623062
4.9474969475	104.9619238
4.95238095238	104.9623352
4.95726495726	104.9622296
4.96214896215	104.9624048
4.96703296703	104.9624352
4.97191697192	104.9622786
4.9768009768	104.9623935
4.98168498168	104.9622319
4.98656898657	104.9623117
4.99145299145	104.9622856
4.99633699634	104.9622013
5.00122100122	104.9623293
5.0061050061	104.9622839
5.01098901099	104.962314
5.01587301587	104.9622395
5.02075702076	104.9624575
5.02564102564	104.9623602
5.03052503053	104.9624239
5.03540903541	104.9622981
5.04029304029	104.9624008
5.04517704518	104.9622527
5.05006105006	104.9622201
5.05494505495	104.9623939
5.05982905983	104.9623002
5.06471306471	104.9623779
5.0695970696	104.962423
5.07448107448	104.9624448
5.07936507937	104.9623399
5.08424908425	104.9623718
5.08913308913	104.9623323
5.09401709402	104.9624764
5.0989010989	104.9625859
5.10378510379	104.9624694
5.10866910867	104.9624526
5.11355311355	104.9624295
5.11843711844	104.9624286
5.12332112332	104.9624644
5.12820512821	104.9624693
5.13308913309	104.9625067
5.13797313797	104.9624557
5.14285714286	104.9624758
5.14774114774	104.9624851
5.15262515263	104.962481
5.15750915751	104.9624055
5.16239316239	104.9625424
5.16727716728	104.962331
5.17216117216	104.9624637
5.17704517705	104.9626807
5.18192918193	104.9625529
5.18681318681	104.962664
5.1916971917	104.9625046
5.19658119658	104.9624098
5.20146520147	104.9626407
5.20634920635	104.9624019
5.21123321123	104.9625904
5.21611721612	104.9627016
5.221001221	104.9625827
5.22588522589	104.9625846
5.23076923077	104.962525
5.23565323565	104.9626218
5.24053724054	104.9626638
5.24542124542	104.9624314
5.25030525031	104.9625966
5.25518925519	104.9627696
5.26007326007	104.9627906
5.26495726496	104.9627338
5.26984126984	104.9626266
5.27472527473	104.9626511
5.27960927961	104.9626272
5.28449328449	104.9627307
5.28937728938	104.9625911
5.29426129426	104.9627184
5.29914529915	104.9625169
5.30402930403	104.9627012
5.30891330891	104.9626679
5.3137973138	104.9627188
5.31868131868	104.9626356
5.32356532357	104.9627265
5.32844932845	104.9625492
5.33333333333	104.962645
5.33821733822	104.9626392
5.3431013431	104.9627723
5.34798534799	104.9626841
5.35286935287	104.9627397
5.35775335775	104.9626905
5.36263736264	104.9626261
5.36752136752	104.9625558
5.37240537241	104.9626914
5.37728937729	104.9625831
5.38217338217	104.9626702
5.38705738706	104.9625657
5.39194139194	104.9626007
5.39682539683	104.9625803
5.40170940171	104.962783
5.40659340659	104.9626563
5.41147741148	104.9626564
5.41636141636	104.9625985
5.42124542125	104.9626609
5.42612942613	104.9627267
5.43101343101	104.962677
5.4358974359	104.9626693
5.44078144078	104.9627578
5.44566544567	104.9626206
5.45054945055	104.9626217
5.45543345543	104.9627782
5.46031746032	104.9627633
5.4652014652	104.9628142
5.47008547009	104.9627423
5.47496947497	104.9627743
5.47985347985	104.9628485
5.48473748474	104.9627333
5.48962148962	104.9629323
5.49450549451	104.9628226
5.49938949939	104.9627135
5.50427350427	104.9626039
5.50915750916	104.9627497
5.51404151404	104.9628151
5.51892551893	104.9627707
5.52380952381	104.9627088
5.52869352869	104.9629033
5.53357753358	104.9628689
5.53846153846	104.962656
5.54334554335	104.9628366
5.54822954823	104.9629499
5.55311355311	104.9628977
5.557997558	104.9629089
5.56288156288	104.9627633
5.56776556777	104.9627936
5.57264957265	104.9628914
5.57753357753	104.9629431
5.58241758242	104.9628539
5.5873015873	104.9629041
5.59218559219	104.9628186
5.59706959707	104.9627301
5.60195360195	104.9629034
5.60683760684	104.9627291
5.61172161172	104.9628664
5.61660561661	104.9629218
5.62148962149	104.963006
5.62637362637	104.9628688
5.63125763126	104.962845
5.63614163614	104.9630484
5.64102564103	104.9629322
5.64590964591	104.9630124
5.65079365079	104.962935
5.65567765568	104.9630082
5.66056166056	104.9628876
5.66544566545	104.9630206
5.67032967033	104.962901
5.67521367521	104.9629308
5.6800976801	104.962952
5.68498168498	104.962842
5.68986568987	104.9629439
5.69474969475	104.9627911
5.69963369963	104.9628723
5.70451770452	104.962786
5.7094017094	104.9629529
5.71428571429	104.9629045
5.71916971917	104.9628933
5.72405372405	104.962876
5.72893772894	104.9628835
5.73382173382	104.9629016
5.73870573871	104.9627927
5.74358974359	104.9629896
5.74847374847	104.9629505
5.75335775336	104.9628872
5.75824175824	104.9628843
5.76312576313	104.9629751
5.76800976801	104.9630456
5.77289377289	104.9629179
5.77777777778	104.9630759
5.78266178266	104.9629106
5.78754578755	104.9628933
5.79242979243	104.9628254
5.79731379731	104.9629992
5.8021978022	104.963014
5.80708180708	104.9630137
5.81196581197	104.9629473
5.81684981685	104.9628634
5.82173382173	104.9629345
5.82661782662	104.962978
5.8315018315	104.9629183
5.83638583639	104.9629926
5.84126984127	104.9629766
5.84615384615	104.9630086
5.85103785104	104.9628723
5.85592185592	104.9629012
5.86080586081	104.9629801
5.86568986569	104.9630898
5.87057387057	104.9629498
5.87545787546	104.963005
5.88034188034	104.9630205
5.88522588523	104.9629571
5.89010989011	104.9629759
5.89499389499	104.9629284
5.89987789988	104.9630744
5.90476190476	104.9630263
5.90964590965	104.9630446
5.91452991453	104.9629414
5.91941391941	104.9629776
5.9242979243	104.9629234
5.92918192918	104.9628458
5.93406593407	104.9629853
5.93894993895	104.9628893
5.94383394383	104.9628885
5.94871794872	104.9630695
5.9536019536	104.9631106
5.95848595849	104.9630957
5.96336996337	104.9630248
5.96825396825	104.9628844
5.97313797314	104.9630683
5.97802197802	104.9630965
5.98290598291	104.9631139
5.98778998779	104.9630023
5.99267399267	104.9630222
5.99755799756	104.9629864
6.00244200244	104.9629442
6.00732600733	104.9629689
6.01221001221	104.9629819
6.01709401709	104.9631298
6.02197802198	104.9629472
6.02686202686	104.9630051
6.03174603175	104.9631191
6.03663003663	104.9630038
6.04151404151	104.9631635
6.0463980464	104.9630519
6.05128205128	104.9630335
6.05616605617	104.9631259
6.06105006105	104.9629878
6.06593406593	104.9632062
6.07081807082	104.9630831
6.0757020757	104.9629828
6.08058608059	104.9631374
6.08547008547	104.9629579
6.09035409035	104.9630674
6.09523809524	104.9630812
6.10012210012	104.9629462
6.10500610501	104.9630956
6.10989010989	104.9631785
6.11477411477	104.9630177
6.11965811966	104.9630867
6.12454212454	104.9631222
6.12942612943	104.9630794
6.13431013431	104.9629833
6.13919413919	104.9630702
6.14407814408	104.9630115
6.14896214896	104.9631215
6.15384615385	104.9630639
6.15873015873	104.9631563
6.16361416361	104.9631507
6.1684981685	104.9631658
6.17338217338	104.9630379
6.17826617827	104.9631917
6.18315018315	104.9631519
6.18803418803	104.9606913
6.19291819292	104.960601
6.1978021978	104.9606804
6.20268620269	104.9607889
6.20757020757	104.9605921
6.21245421245	104.9605429
6.21733821734	104.9607012
6.22222222222	104.9606736
6.22710622711	104.9608859
6.23199023199	104.9607102
6.23687423687	104.9609123
6.24175824176	104.9608966
6.24664224664	104.9607833
6.25152625153	104.9607025
6.25641025641	104.9607806
6.26129426129	104.9609014
6.26617826618	104.9607712
6.27106227106	104.9607381
6.27594627595	104.9607596
6.28083028083	104.9607729
6.28571428571	104.9607434
6.2905982906	104.9609222
6.29548229548	104.9608209
6.30036630037	104.960881
6.30525030525	104.9608201
6.31013431013	104.9611259
6.31501831502	104.9612145
6.3199023199	104.961295
6.32478632479	104.961295
6.32967032967	104.9613484
6.33455433455	104.9613791
6.33943833944	104.9613522
6.34432234432	104.9614098
6.34920634921	104.9613876
6.35409035409	104.9615107
6.35897435897	104.9613661
6.36385836386	104.961468
6.36874236874	104.9613443
6.37362637363	104.9613485
6.37851037851	104.9614838
6.38339438339	104.9613663
6.38827838828	104.9613974
6.39316239316	104.9614715
6.39804639805	104.9614797
6.40293040293	104.9614104
6.40781440781	104.9614592
6.4126984127	104.9613642
6.41758241758	104.9615509
6.42246642247	104.961318
6.42735042735	104.9613511
6.43223443223	104.961338
6.43711843712	104.961314
6.442002442	104.9614554
6.44688644689	104.9613854
6.45177045177	104.9613815
6.45665445665	104.9614402
6.46153846154	104.961465
6.46642246642	104.9615473
6.47130647131	104.9615176
6.47619047619	104.9614021
6.48107448107	104.9614014
6.48595848596	104.9613804
6.49084249084	104.9615114
6.49572649573	104.9614534
6.50061050061	104.9615055
6.50549450549	104.9613685
6.51037851038	104.9614756
6.51526251526	104.96141
6.52014652015	104.9613405
6.52503052503	104.9613123
6.52991452991	104.9611912
6.5347985348	104.9614016
6.53968253968	104.9612926
6.54456654457	104.9613068
6.54945054945	104.961439
6.55433455433	104.9612828
6.55921855922	104.9614519
6.5641025641	104.9614027
6.56898656899	104.9614427
6.57387057387	104.9612363
6.57875457875	104.9613734
6.58363858364	104.9613825
6.58852258852	104.9614108
6.59340659341	104.9613416
6.59829059829	104.9614139
6.60317460317	104.9615237
6.60805860806	104.9614299
6.61294261294	104.9612641
6.61782661783	104.9614469
6.62271062271	104.9614671
6.62759462759	104.9614825
6.63247863248	104.9614121
6.63736263736	104.9614718
6.64224664225	104.9614514
6.64713064713	104.9614331
6.65201465201	104.9613754
6.6568986569	104.9613778
6.66178266178	104.9615103
6.66666666667	104.9612562
6.67155067155	104.961426
6.67643467643	104.9614017
6.68131868132	104.9613798
6.6862026862	104.9613756
6.69108669109	104.9613116
6.69597069597	104.9613477
6.70085470085	104.9613788
6.70573870574	104.9614403
6.71062271062	104.9613039
6.71550671551	104.9613505
6.72039072039	104.9613029
6.72527472527	104.9613241
6.73015873016	104.9612521
6.73504273504	104.9612604
6.73992673993	104.9613923
6.74481074481	104.9612179
6.74969474969	104.9614387
6.75457875458	104.961457
6.75946275946	104.9612558
6.76434676435	104.9613668
6.76923076923	104.9613589
6.77411477411	104.9613874
6.778998779	104.9614333
6.78388278388	104.9614256
6.78876678877	104.9612613
6.79365079365	104.9613597
6.79853479853	104.9613691
6.80341880342	104.961301
6.8083028083	104.9612918
6.81318681319	104.9614941
6.81807081807	104.9614024
6.82295482295	104.9614229
6.82783882784	104.9614563
6.83272283272	104.9613235
6.83760683761	104.9612824
6.84249084249	104.9612821
6.84737484737	104.9613239
6.85225885226	104.9613626
6.85714285714	104.9613478
6.86202686203	104.9614167
6.86691086691	104.961498
6.87179487179	104.9613067
6.87667887668	104.9614202
6.88156288156	104.9613651
6.88644688645	104.9612569
6.89133089133	104.9614508
6.89621489621	104.961301
6.9010989011	104.9612218
6.90598290598	104.9614368
6.91086691087	104.9614248
6.91575091575	104.9613316
6.92063492063	104.9614012
6.92551892552	104.9612753
6.9304029304	104.9612976
6.93528693529	104.9612456
6.94017094017	104.9613307
6.94505494505	104.9614133
6.94993894994	104.9612098
6.95482295482	104.9612966
6.95970695971	104.9737355
6.96459096459	105.0101365
6.96947496947	105.0424157
6.97435897436	105.0582816
6.97924297924	105.0928632
6.98412698413	105.1061031
6.98901098901	105.141571
6.99389499389	105.1753365
6.99877899878	105.1896821
7.00366300366	105.225152
7.00854700855	105.2381152
7.01343101343	105.2737245
7.01831501831	105.3081404
7.0231990232	105.3214333
7.02808302808	105.3566445
7.03296703297	105.370114
7.03785103785	105.4041805
7.04273504274	105.4401004
7.04761904762	105.4528825
7.0525030525	105.4884146
7.05738705739	105.5209178
7.06227106227	105.5371528
7.06715506716	105.5729247
7.07203907204	105.5858271
7.07692307692	105.6211023
7.08180708181	105.654642
7.08669108669	105.6693686
7.09157509158	105.7048541
7.09645909646	105.7183801
7.10134310134	105.7530589
7.10622710623	105.7881675
7.11111111111	105.8013061
7.115995116	105.8377144
7.12087912088	105.8696097
7.12576312576	105.8867588
7.13064713065	105.9222391
7.13553113553	105.9356894
7.14041514042	105.970834
7.1452991453	106.0039018
7.15018315018	106.0194122
7.15506715507	106.0539646
7.15995115995	106.0679042
7.16483516484	106.1032901
7.16971916972	106.1383022
7.1746031746	106.1518498
7.17948717949	106.1875342
7.18437118437	106.2012135
7.18925518926	106.2360208
7.19413919414	106.2697358
7.19902319902	106.2834245
7.20390720391	106.3197379
7.20879120879	106.3523685
7.21367521368	106.3694892
7.21855921856	106.404704
7.22344322344	106.4187533
7.22832722833	106.4546633
7.23321123321	106.4877975
7.2380952381	106.5039099
7.24297924298	106.5396433
7.24786324786	106.5535066
7.25274725275	106.5887324
7.25763125763	106.6243359
7.26251526252	106.6382056
7.2673992674	106.6745535
7.27228327228	106.6877411
7.27716727717	106.7249457
7.28205128205	106.760737
7.28693528694	106.7740969
7.29181929182	106.8102993
7.2967032967	106.8436844
7.30158730159	106.8602088
7.30647130647	106.8961969
7.31135531136	106.9096446
7.31623931624	106.945907
7.32112332112	106.980478
7.32600732601	106.9960136
7.33089133089	107.0321929
7.33577533578	107.0454261
7.34065934066	107.0818253
7.34554334554	107.1169866
7.35042735043	107.130751
7.35531135531	107.1674371
7.3601953602	107.1811284
7.36507936508	107.2179637
7.36996336996	107.2538891
7.37484737485	107.2678698
7.37973137973	107.3041923
7.38461538462	107.3375752
7.3894993895	107.354215
7.39438339438	107.3905629
7.39926739927	107.404876
7.40415140415	107.44181
7.40903540904	107.4758516
7.41391941392	107.4915009
7.4188034188	107.5286271
7.42368742369	107.5417802
7.42857142857	107.5786087
7.43345543346	107.6158352
7.43833943834	107.6300445
7.44322344322	107.6670871
7.44810744811	107.6813591
7.45299145299	107.7175489
7.45787545788	107.7546162
7.46275946276	107.7680056
7.46764346764	107.804866
7.47252747253	107.8390941
7.47741147741	107.8558765
7.4822954823	107.8920832
7.48717948718	107.906325
7.49206349206	107.9435098
7.49694749695	107.9783028
7.50183150183	107.993878
7.50671550672	108.0287942
7.5115995116	108.0425451
7.51648351648	108.0807802
7.52136752137	108.1178518
7.52625152625	108.1323929
7.53113553114	108.1693952
7.53601953602	108.1840398
7.5409035409	108.2208474
7.54578754579	108.2577692
7.55067155067	108.2720569
7.55555555556	108.3098587
7.56043956044	108.3445672
7.56532356532	108.3612461
7.57020757021	108.3985497
7.57509157509	108.4126892
7.57997557998	108.4502766
7.58485958486	108.4859467
7.58974358974	108.5024744
7.59462759463	108.5402094
7.59951159951	108.5548265
7.6043956044	108.5917152
7.60927960928	108.6294473
7.61416361416	108.6434793
7.61904761905	108.6816064
7.62393162393	108.7142602
7.62881562882	108.7325969
7.6336996337	108.7710918
7.63858363858	108.7848177
7.64346764347	108.8218252
7.64835164835	108.8571019
7.65323565324	108.8741105
7.65811965812	108.9108739
7.663003663	108.924959
7.66788766789	108.9620433
7.67277167277	108.9994308
7.67765567766	109.0151847
7.68253968254	109.052908
7.68742368742	109.0678748
7.69230769231	109.1055473
7.69719169719	109.142951
7.70207570208	109.1574548
7.70695970696	109.1956974
7.71184371184	109.2295291
7.71672771673	109.2481128
7.72161172161	109.285137
7.7264957265	109.299873
7.73137973138	109.3380602
7.73626373626	109.3724708
7.74114774115	109.3902512
7.74603174603	109.4286988
7.75091575092	109.4437153
7.7557997558	109.4814945
7.76068376068	109.5180024
7.76556776557	109.5338517
7.77045177045	109.5715497
7.77533577534	109.5865958
7.78021978022	109.6239573
7.7851037851	109.662123
7.78998778999	109.6765294
7.79487179487	109.7151785
7.79975579976	109.7480027
7.80463980464	109.7669045
7.80952380952	109.8048972
7.81440781441	109.8186886
7.81929181929	109.8555728
7.82417582418	109.890777
7.82905982906	109.9084912
7.83394383394	109.9465944
7.83882783883	109.9615215
7.84371184371	110.0001722
7.8485958486	110.0364725
7.85347985348	110.0521221
7.85836385836	110.0906739
7.86324786325	110.1047754
7.86813186813	110.1436284
7.87301587302	110.1818128
7.8778998779	110.1961724
7.88278388278	110.2347065
7.88766788767	110.2683504
7.89255189255	110.2870739
7.89743589744	110.3252743
7.90231990232	110.3405483
7.9072039072	110.3787093
7.91208791209	110.4149592
7.91697191697	110.4316472
7.92185592186	110.4702769
7.92673992674	110.4849168
7.93162393162	110.5234634
7.93650793651	110.5592116
7.94139194139	110.5751638
7.94627594628	110.6134431
7.95115995116	110.6279896
7.95604395604	110.6664825
7.96092796093	110.7042376
7.96581196581	110.7186119
7.9706959707	110.756253
7.97557997558	110.7894567
7.98046398046	110.8084757
7.98534798535	110.8468739
7.99023199023	110.8620162
7.99511599512	110.8996622
8.0	110.9358575
8.00488400488	110.9527194
8.00976800977	110.9910565
8.01465201465	111.0050787
8.01953601954	111.043944
8.02442002442	111.0810752
8.0293040293	111.0965278
8.03418803419	111.1342866
8.03907203907	111.1490046
8.04395604396	111.1868474
8.04884004884	111.225335
8.05372405372	111.2393943
8.05860805861	111.2787247
8.06349206349	111.3140244
8.06837606838	111.3324114
8.07326007326	111.369618
8.07814407814	111.3846363
8.08302808303	111.422484
8.08791208791	111.4588831
8.0927960928	111.4749322
8.09768009768	111.5139086
8.10256410256	111.5280158
8.10744810745	111.5667011
8.11233211233	111.6034953
8.11721611722	111.6186718
8.1221001221	111.6566176
8.12698412698	111.6710301
8.13186813187	111.7069915
8.13675213675	111.7457552
8.14163614164	111.7605107
8.14652014652	111.7993473
8.1514041514	111.8347668
8.15628815629	111.8528636
8.16117216117	111.8912813
8.16605616606	111.9055891
8.17094017094	111.9437226
8.17582417582	111.9810498
8.18070818071	111.9973841
8.18559218559	112.0366483
8.19047619048	112.0505508
8.19536019536	112.0882738
8.20024420024	112.1266628
8.20512820513	112.1408417
8.21001221001	112.1800706
8.2148962149	112.1954722
8.21978021978	112.2339342
8.22466422466	112.2732377
8.22954822955	112.2870181
8.23443223443	112.3253985
8.23931623932	112.3610254
8.2442002442	112.3784168
8.24908424908	112.4168141
8.25396825397	112.431133
8.25885225885	112.469945
8.26373626374	112.506556
8.26862026862	112.5225023
8.2735042735	112.5611891
8.27838827839	112.5751141
8.28327228327	112.6128276
8.28815628816	112.6498838
8.29304029304	112.6647568
8.29792429792	112.7040894
8.30280830281	112.7382266
8.30769230769	112.756461
8.31257631258	112.7955862
8.31746031746	112.8098999
8.32234432234	112.8476573
8.32722832723	112.8830602
8.33211233211	112.9006556
8.336996337	112.9388093
8.34188034188	112.9531362
8.34676434676	112.9912967
8.35164835165	113.0282108
8.35653235653	113.0441696
8.36141636142	113.0822141
8.3663003663	113.0964819
8.37118437118	113.1359041
8.37606837607	113.1745194
8.38095238095	113.1890995
8.38583638584	113.2266493
8.39072039072	113.26157
8.3956043956	113.2792932
8.40048840049	113.3179801
8.40537240537	113.3317331
8.41025641026	113.3704437
8.41514041514	113.4061054
8.42002442002	113.4227575
8.42490842491	113.4601699
8.42979242979	113.4748701
8.43467643468	113.5123984
8.43956043956	113.5495846
8.44444444444	113.5641116
8.44932844933	113.6016629
8.45421245421	113.6166838
8.4590964591	113.6553595
8.46398046398	113.6929727
8.46886446886	113.7080834
8.47374847375	113.7463704
8.47863247863	113.7805107
8.48351648352	113.7984318
8.4884004884	113.8373325
8.49328449328	113.8515782
8.49816849817	113.8900852
8.50305250305	113.9252598
8.50793650794	113.9420916
8.51282051282	113.9800797
8.5177045177	113.9946076
8.52258852259	114.0326499
8.52747252747	114.0708654
8.53235653236	114.0862974
8.53724053724	114.125094
8.54212454212	114.1388285
8.54700854701	114.1773753
8.55189255189	114.2151396
8.55677655678	114.2295613
8.56166056166	114.2670228
8.56654456654	114.3024891
8.57142857143	114.3200285
8.57631257631	114.3585734
8.5811965812	114.3720255
8.58608058608	114.4102714
8.59096459096	114.4462593
8.59584859585	114.4624579
8.60073260073	114.4998016
8.60561660562	114.5138176
8.6105006105	114.5528466
8.61538461538	114.5905827
8.62026862027	114.605392
8.62515262515	114.6432655
8.63003663004	114.6578659
8.63492063492	114.6954635
8.6398046398	114.7335553
8.64468864469	114.7478097
8.64957264957	114.7863721
8.65445665446	114.8211755
8.65934065934	114.8384896
8.66422466422	114.8766667
8.66910866911	114.8904601
8.67399267399	114.9288744
8.67887667888	114.9653199
8.68376068376	114.9818217
8.68864468864	115.0205393
8.69352869353	115.0346972
8.69841269841	115.071947
8.7032967033	115.1097031
8.70818070818	115.1099365
8.71306471306	115.1100364
8.71794871795	115.1097758
8.72283272283	115.1098918
8.72771672772	115.1097304
8.7326007326	115.1099104
8.73748473748	115.109904
8.74236874237	115.1097793
8.74725274725	115.1099651
8.75213675214	115.1098712
8.75702075702	115.109831
8.7619047619	115.1100094
8.76678876679	115.1097941
8.77167277167	115.1098286
8.77655677656	115.1098135
8.78144078144	115.1100086
8.78632478632	115.1098279
8.79120879121	115.1096313
8.79609279609	115.1100648
8.80097680098	115.1098932
8.80586080586	115.1098277
8.81074481074	115.1100169
8.81562881563	115.1097369
8.82051282051	115.1098738
8.8253968254	115.1099312
8.83028083028	115.1098506
8.83516483516	115.1097654
8.84004884005	115.1099606
8.84493284493	115.1100978
8.84981684982	115.1098819
8.8547008547	115.109729
8.85958485958	115.1098994
8.86446886447	115.110006
8.86935286935	115.1097358
8.87423687424	115.1101122
8.87912087912	115.1099145
8.884004884	115.1098372
8.88888888889	115.1098494
8.89377289377	115.1099567
8.89865689866	115.1100533
8.90354090354	115.1100204
8.90842490842	115.1099781
8.91330891331	115.1098733
8.91819291819	115.1097173
8.92307692308	115.1098798
8.92796092796	115.1100185
8.93284493284	115.1098385
8.93772893773	115.1098011
8.94261294261	115.1098982
8.9474969475	115.1098177
8.95238095238	115.1098348
8.95726495726	115.1100488
8.96214896215	115.110004
8.96703296703	115.1098023
8.97191697192	115.1097157
8.9768009768	115.1098466
8.98168498168	115.1100726
8.98656898657	115.1100267
8.99145299145	115.1098148
8.99633699634	115.1097367
9.00122100122	115.1098751
9.0061050061	115.1098776
9.01098901099	115.1097115
9.01587301587	115.1099284
9.02075702076	115.1097822
9.02564102564	115.1100192
9.03052503052	115.1097035
9.03540903541	115.1097729
9.04029304029	115.1098751
9.04517704518	115.1100982
9.05006105006	115.1096647
9.05494505495	115.1097049
9.05982905983	115.1098748
9.06471306471	115.1098119
9.0695970696	115.1098693
9.07448107448	115.1098961
9.07936507937	115.109858
9.08424908425	115.109644
9.08913308913	115.1098469
9.09401709402	115.109783
9.0989010989	115.1100131
9.10378510379	115.1099594
9.10866910867	115.1095902
9.11355311355	115.1100106
9.11843711844	115.1096996
9.12332112332	115.1096737
9.12820512821	115.1098251
9.13308913309	115.1096971
9.13797313797	115.110032
9.14285714286	115.1100226
9.14774114774	115.109768
9.15262515263	115.1100699
9.15750915751	115.1098505
9.16239316239	115.1099245
9.16727716728	115.1098077
9.17216117216	115.109926
9.17704517705	115.1097925
9.18192918193	115.1097744
9.18681318681	115.1099071
9.1916971917	115.1098616
9.19658119658	115.1099277
9.20146520147	115.110009
9.20634920635	115.1097625
9.21123321123	115.1098815
9.21611721612	115.1097051
9.221001221	115.1098607
9.22588522589	115.1097189
9.23076923077	115.1099112
9.23565323565	115.1097697
9.24053724054	115.1097434
9.24542124542	115.1098081
9.25030525031	115.1098854
9.25518925519	115.109662
9.26007326007	115.1098947
9.26495726496	115.1098855
9.26984126984	115.1097727
9.27472527473	115.1097817
9.27960927961	115.1096254
9.28449328449	115.1097317
9.28937728938	115.110019
9.29426129426	115.1097544
9.29914529915	115.1099841
9.30402930403	115.1098286
9.30891330891	115.1098847
9.3137973138	115.1098048
9.31868131868	115.1094607
9.32356532357	115.1101189
9.32844932845	115.1101555
9.33333333333	115.1097641
9.33821733822	115.109757
9.3431013431	115.1098202
9.34798534799	115.1097784
9.35286935287	115.1099298
9.35775335775	115.1096276
9.36263736264	115.109692
9.36752136752	115.1099617
9.37240537241	115.1097151
9.37728937729	115.1098006
9.38217338217	115.1097394
9.38705738706	115.1096669
9.39194139194	115.1097098
9.39682539683	115.10994
9.40170940171	115.1097941
9.40659340659	115.1097344
9.41147741148	115.1097603
9.41636141636	115.1099033
9.42124542125	115.109786
9.42612942613	115.1099261
9.43101343101	115.1097787
9.4358974359	115.1095874
9.44078144078	115.1100347
9.44566544567	115.1098876
9.45054945055	115.1095027
9.45543345543	115.109856
9.46031746032	115.1097623
9.4652014652	115.1097371
9.47008547009	115.1097547
9.47496947497	115.1098224
9.47985347985	115.1099604
9.48473748474	115.1098343
9.48962148962	115.1096114
9.49450549451	115.1098484
9.49938949939	115.1099195
9.50427350427	115.1097162
9.50915750916	115.1097797
9.51404151404	115.1099703
9.51892551893	115.109719
9.52380952381	115.1098155
9.52869352869	115.1095715
9.53357753358	115.1100365
9.53846153846	115.1102259
9.54334554335	115.1098276
9.54822954823	115.109752
9.55311355311	115.109862
9.557997558	115.1100545
9.56288156288	115.1098226
9.56776556777	115.109551
9.57264957265	115.1093026
9.57753357753	115.1099299
9.58241758242	115.1097314
9.5873015873	115.1100435
9.59218559219	115.1099732
9.59706959707	115.1099583
9.60195360195	115.1098971
9.60683760684	115.109793
9.61172161172	115.1099273
9.61660561661	115.1097371
9.62148962149	115.1100353
9.62637362637	115.109828
9.63125763126	115.109759
9.63614163614	115.1098662
9.64102564103	115.1099629
9.64590964591	115.1097333
9.65079365079	115.1096169
9.65567765568	115.1099315
9.66056166056	115.10986
9.66544566545	115.1099565
9.67032967033	115.1098511
9.67521367521	115.1095899
9.6800976801	115.1099947
9.68498168498	115.1099068
9.68986568987	115.1099822
9.69474969475	115.1098569
9.69963369963	115.1097471
9.70451770452	115.1098512
9.7094017094	115.1098405
9.71428571429	115.1097112
9.71916971917	115.1098883
9.72405372405	115.1097555
9.72893772894	115.1098668
9.73382173382	115.1097717
9.73870573871	115.1097653
9.74358974359	115.1098845
9.74847374847	115.109956
9.75335775336	115.1099174
9.75824175824	115.1096981
9.76312576313	115.1097046
9.76800976801	115.1096307
9.77289377289	115.1097851
9.77777777778	115.1100288
9.78266178266	115.1100294
9.78754578755	115.1099862
9.79242979243	115.1096358
9.79731379731	115.1097462
9.8021978022	115.1099856
9.80708180708	115.1098941
9.81196581197	115.1100299
9.81684981685	115.1097433
9.82173382173	115.1098084
9.82661782662	115.1099729
9.8315018315	115.110094
9.83638583639	115.1098365
9.84126984127	115.1098154
9.84615384615	115.1097202
9.85103785104	115.1099006
9.85592185592	115.1096351
9.86080586081	115.1099576
9.86568986569	115.1100443
9.87057387057	115.1099084
9.87545787546	115.1097631
9.88034188034	115.1099279
9.88522588523	115.1097616
9.89010989011	115.1098951
9.89499389499	115.1101815
9.89987789988	115.1097164
9.90476190476	115.109871
9.90964590965	115.1099406
9.91452991453	115.1099931
9.91941391941	115.1098826
9.9242979243	115.1097291
9.92918192918	115.1099244
9.93406593407	115.1098934
9.93894993895	115.1099197
9.94383394383	115.1098811
9.94871794872	115.1096527
9.9536019536	115.1100276
9.95848595849	115.1100772
9.96336996337	115.1100472
9.96825396825	115.1100912
9.97313797314	115.1098183
9.97802197802	115.1100457
9.98290598291	115.1098596
9.98778998779	115.1100701
9.99267399267	115.1099169
9.99755799756	115.1101153
10.0024420024	115.1099449
