V	MHz
0.0	64.40260974
0.004884004884	64.41580478
0.00976800976801	64.47162915
0.014652014652	64.52344252
0.019536019536	64.54565841
0.02442002442	64.59826518
0.029304029304	64.61885863
0.034188034188	64.67162931
0.039072039072	64.72248239
0.043956043956	64.7430786
0.04884004884	64.79636288
0.0537240537241	64.81636191
0.0586080586081	64.86920974
0.0634920634921	64.91924445
0.0683760683761	64.94032962
0.0732600732601	64.99165603
0.0781440781441	65.01200874
0.0830280830281	65.06383702
0.0879120879121	65.11597358
0.0927960927961	65.13694148
0.0976800976801	65.18885038
0.102564102564	65.20790691
0.107448107448	65.25980226
0.112332112332	65.3103984
0.117216117216	65.33007449
0.1221001221	65.38089502
0.126984126984	65.40026684
0.131868131868	65.45227423
0.136752136752	65.50258032
0.141636141636	65.52169781
0.14652014652	65.57249361
0.151404151404	65.59175691
0.156288156288	65.64145625
0.161172161172	65.69022036
0.166056166056	65.71030192
0.17094017094	65.76158455
0.175824175824	65.78125298
0.180708180708	65.83131976
0.185592185592	65.88199703
0.190476190476	65.90117771
0.19536019536	65.95093132
0.200244200244	65.96937723
0.205128205128	66.02032667
0.210012210012	66.06993033
0.214896214896	66.08883938
0.21978021978	66.13830672
0.224664224664	66.15716179
0.229548229548	66.20673767
0.234432234432	66.25588239
0.239316239316	66.27489237
0.2442002442	66.32534219
0.249084249084	66.3698742
0.253968253968	66.39413237
0.258852258852	66.44281498
0.263736263736	66.46140124
0.26862026862	66.51079282
0.273504273504	66.55452562
0.278388278388	66.57750282
0.283272283272	66.62684113
0.288156288156	66.64553521
0.29304029304	66.69418284
0.297924297924	66.73706812
0.302808302808	66.75976877
0.307692307692	66.80814505
0.312576312576	66.82520552
0.31746031746	66.87109486
0.322344322344	66.91554088
0.327228327228	66.93731169
0.332112332112	66.98634551
0.336996336996	67.00449992
0.34188034188	67.05345411
0.346764346764	67.09979785
0.351648351648	67.11983933
0.356532356532	67.16677682
0.361416361416	67.18498738
0.3663003663	67.23396572
0.371184371184	67.27893143
0.376068376068	67.29907604
0.380952380952	67.34684348
0.385836385836	67.36464233
0.39072039072	67.41144369
0.395604395604	67.45701189
0.400488400488	67.47784742
0.405372405372	67.52549809
0.410256410256	67.54384933
0.41514041514	67.59026023
0.420024420024	67.63543027
0.424908424908	67.6554349
0.429792429792	67.70153931
0.434676434676	67.7189151
0.43956043956	67.76583485
0.444444444444	67.81071962
0.449328449328	67.82993241
0.454212454212	67.87634891
0.459096459096	67.89342841
0.46398046398	67.9393352
0.468864468864	67.98340726
0.473748473748	68.00179167
0.478632478632	68.04794804
0.483516483516	68.06592751
0.4884004884	68.11202003
0.493284493284	68.15615641
0.498168498168	68.17546246
0.503052503053	68.22123483
0.507936507937	68.23875444
0.512820512821	68.28375485
0.517704517705	68.32832104
0.522588522589	68.34739383
0.527472527473	68.39283466
0.532356532357	68.40939631
0.537240537241	68.454943
0.542124542125	68.49867244
0.547008547009	68.51669254
0.551892551893	68.56210517
0.556776556777	68.58019626
0.561660561661	68.62603943
0.566544566545	68.67049347
0.571428571429	68.68836334
0.576312576313	68.73338502
0.581196581197	68.75015248
0.586080586081	68.79442387
0.590964590965	68.83885673
0.595848595849	68.85656245
0.600732600733	68.90161545
0.605616605617	68.91822383
0.610500610501	68.96220067
0.615384615385	69.00724862
0.620268620269	69.02394269
0.625152625153	69.06831353
0.630036630037	69.08408264
0.634920634921	69.12743931
0.639804639805	69.17296226
0.644688644689	69.18978075
0.649572649573	69.23439277
0.654456654457	69.25154036
0.659340659341	69.29609156
0.664224664225	69.34027529
0.669108669109	69.35706268
0.673992673993	69.4014811
0.678876678877	69.4187766
0.683760683761	69.46283507
0.688644688645	69.50642776
0.693528693529	69.52338693
0.698412698413	69.56705431
0.703296703297	69.58397452
0.708180708181	69.62768096
0.713064713065	69.67244287
0.717948717949	69.68872828
0.722832722833	69.73337057
0.727716727717	69.77161381
0.732600732601	69.7924907
0.737484737485	69.83575503
0.742368742369	69.85239031
0.747252747253	69.89469637
0.752136752137	69.93451545
0.757020757021	69.95446926
0.761904761905	69.99815798
0.766788766789	70.0136612
0.771672771673	70.05628109
0.776556776557	70.09539346
0.781440781441	70.11491117
0.786324786325	70.15631688
0.791208791209	70.17234526
0.796092796093	70.21602484
0.800976800977	70.25564239
0.805860805861	70.27459508
0.810744810745	70.31764839
0.815628815629	70.33345447
0.820512820513	70.37562342
0.825396825397	70.41467814
0.830280830281	70.43398744
0.835164835165	70.4764407
0.840048840049	70.49257903
0.844932844933	70.53419351
0.849816849817	70.57371441
0.854700854701	70.59218798
0.859584859585	70.63349353
0.864468864469	70.6497103
0.869352869353	70.69257029
0.874236874237	70.73277452
0.879120879121	70.75094457
0.884004884005	70.79254481
0.888888888889	70.80867146
0.893772893773	70.85038755
0.898656898657	70.88992293
0.903540903541	70.90763491
0.908424908425	70.94955526
0.913308913309	70.96570821
0.918192918193	71.00710038
0.923076923077	71.04634249
0.927960927961	71.06431849
0.932844932845	71.105599
0.937728937729	71.12159012
0.942612942613	71.16122316
0.947496947497	71.20124718
0.952380952381	71.219282
0.957264957265	71.26108208
0.962148962149	71.2767565
0.967032967033	71.31917013
0.971916971917	71.35899874
0.976800976801	71.376189
0.981684981685	71.4180745
0.986568986569	71.43374929
0.991452991453	71.47562602
0.996336996337	71.51610879
1.00122100122	71.53313364
1.00610500611	71.57453874
1.01098901099	71.5899994
1.01587301587	71.63160827
1.02075702076	71.67278193
1.02564102564	71.6904333
1.03052503053	71.73218228
1.03540903541	71.74787545
1.04029304029	71.78953646
1.04517704518	71.83001876
1.05006105006	71.84653791
1.05494505495	71.88805506
1.05982905983	71.90361937
1.06471306471	71.94506033
1.0695970696	71.98574485
1.07448107448	72.00232473
1.07936507937	72.04334222
1.08424908425	72.0589621
1.08913308913	72.10003959
1.09401709402	72.13997492
1.0989010989	72.15590599
1.10378510379	72.19676671
1.10866910867	72.21318656
1.11355311355	72.25457496
1.11843711844	72.29473436
1.12332112332	72.31143417
1.12820512821	72.35236667
1.13308913309	72.36777362
1.13797313797	72.40847087
1.14285714286	72.44968733
1.14774114774	72.46558066
1.15262515263	72.50673475
1.15750915751	72.52222661
1.16239316239	72.56291692
1.16727716728	72.6036773
1.17216117216	72.61925894
1.17704517705	72.66156309
1.18192918193	72.67704154
1.18681318681	72.71836333
1.1916971917	72.75953068
1.19658119658	72.77506305
1.20146520147	72.81577792
1.20634920635	72.83141811
1.21123321123	72.87272589
1.21611721612	72.91281867
1.221001221	72.928582
1.22588522589	72.97046727
1.23076923077	72.98566661
1.23565323565	73.02612662
1.24053724054	73.06721496
1.24542124542	73.08272654
1.25030525031	73.12392532
1.25518925519	73.13867364
1.26007326007	73.17953727
1.26495726496	73.22179301
1.26984126984	73.2376344
1.27472527473	73.27881425
1.27960927961	73.29494534
1.28449328449	73.33602408
1.28937728938	73.37651718
1.29426129426	73.39217649
1.29914529915	73.43356412
1.30402930403	73.47285861
1.30891330891	73.49381121
1.3137973138	73.53495875
1.31868131868	73.55060272
1.32356532357	73.59189416
1.32844932845	73.62879
1.33333333333	73.64878707
1.33821733822	73.69108157
1.3431013431	73.70672887
1.34798534799	73.74808778
1.35286935287	73.78602511
1.35775335775	73.80542414
1.36263736264	73.84679618
1.36752136752	73.86208026
1.37240537241	73.90313727
1.37728937729	73.94209585
1.38217338217	73.96126269
1.38705738706	74.00211289
1.39194139194	74.01730039
1.39682539683	74.05884965
1.40170940171	74.0970499
1.40659340659	74.1159533
1.41147741148	74.155968
1.41636141636	74.17197464
1.42124542125	74.21484131
1.42612942613	74.25402705
1.43101343101	74.2723774
1.4358974359	74.31538369
1.44078144078	74.330821
1.44566544567	74.37260776
1.45054945055	74.41137454
1.45543345543	74.43040168
1.46031746032	74.47284927
1.4652014652	74.48923061
1.47008547009	74.53059733
1.47496947497	74.57038767
1.47985347985	74.58835359
1.48473748474	74.63013749
1.48962148962	74.64645487
1.49450549451	74.68932601
1.49938949939	74.73010742
1.50427350427	74.74836471
1.50915750916	74.78991164
1.51404151404	74.80588088
1.51892551893	74.84880342
1.52380952381	74.88844687
1.52869352869	74.90559822
1.53357753358	74.94808166
1.53846153846	74.96437127
1.54334554335	75.00628685
1.54822954823	75.04644996
1.55311355311	75.06411713
1.557997558	75.10588073
1.56288156288	75.12203528
1.56776556777	75.16214963
1.57264957265	75.20344511
1.57753357753	75.22128501
1.58241758242	75.26401173
1.5873015873	75.27978216
1.59218559219	75.32224216
1.59706959707	75.36443878
1.60195360195	75.38159453
1.60683760684	75.42414264
1.61172161172	75.44046811
1.61660561661	75.4834371
1.62148962149	75.52605626
1.62637362637	75.54310523
1.63125763126	75.58641503
1.63614163614	75.60268836
1.64102564103	75.64555537
1.64590964591	75.68865805
1.65079365079	75.70649092
1.65567765568	75.7509888
1.66056166056	75.7676595
1.66544566545	75.81144387
1.67032967033	75.8544383
1.67521367521	75.87192238
1.6800976801	75.91595788
1.68498168498	75.93233137
1.68986568987	75.9765377
1.69474969475	76.02023287
1.69963369963	76.03790752
1.70451770452	76.08123594
1.7094017094	76.09867964
1.71428571429	76.14291409
1.71916971917	76.18603029
1.72405372405	76.20312245
1.72893772894	76.24853732
1.73382173382	76.26541234
1.73870573871	76.31018657
1.74358974359	76.35405668
1.74847374847	76.37213739
1.75335775336	76.41667104
1.75824175824	76.43363797
1.76312576313	76.47769019
1.76800976801	76.52301984
1.77289377289	76.54023904
1.77777777778	76.58489154
1.78266178266	76.60207581
1.78754578755	76.64631011
1.79242979243	76.69066209
1.79731379731	76.7071018
1.8021978022	76.75244806
1.80708180708	76.76986231
1.81196581197	76.815052
1.81684981685	76.85993343
1.82173382173	76.87658077
1.82661782662	76.92107652
1.8315018315	76.93822885
1.83638583639	76.98208631
1.84126984127	77.02583928
1.84615384615	77.04323143
1.85103785104	77.08756698
1.85592185592	77.1046654
1.86080586081	77.14808564
1.86568986569	77.19215943
1.87057387057	77.20883591
1.87545787546	77.25199443
1.88034188034	77.28835986
1.88522588523	77.31054202
1.89010989011	77.35514133
1.89499389499	77.3715841
1.89987789988	77.41578058
1.90476190476	77.45556627
1.90964590965	77.47681248
1.91452991453	77.52035239
1.91941391941	77.53639878
1.9242979243	77.58028964
1.92918192918	77.6199062
1.93406593407	77.6405264
1.93894993895	77.68331416
1.94383394383	77.69960087
1.94871794872	77.74284165
1.9536019536	77.7818451
1.95848595849	77.8022775
1.96336996337	77.84635525
1.96825396825	77.86259381
1.97313797314	77.90585397
1.97802197802	77.94439289
1.98290598291	77.96425688
1.98778998779	78.00723899
1.99267399267	78.02268709
1.99755799756	78.06418727
2.00244200244	78.10362407
2.00732600733	78.12297756
2.01221001221	78.16465816
2.01709401709	78.18027165
2.02197802198	78.22199094
2.02686202686	78.26080848
2.03174603175	78.27906655
2.03663003663	78.3201187
2.04151404151	78.33592739
2.0463980464	78.37799921
2.05128205128	78.41739132
2.05616605617	78.43564802
2.06105006105	78.4770996
2.06593406593	78.49266204
2.07081807082	78.53461134
2.0757020757	78.57274366
2.08058608059	78.59088808
2.08547008547	78.63233464
2.09035409035	78.64761898
2.09523809524	78.68862181
2.10012210012	78.72808685
2.10500610501	78.74493738
2.10989010989	78.78566772
2.11477411477	78.80142798
2.11965811966	78.84308234
2.12454212454	78.88302699
2.12942612943	78.89998285
2.13431013431	78.94032992
2.13919413919	78.95607966
2.14407814408	78.99656398
2.14896214896	79.03550746
2.15384615385	79.05220168
2.15873015873	79.09244427
2.16361416361	79.10761601
2.1684981685	79.1485522
2.17338217338	79.18665862
2.17826617827	79.20273698
2.18315018315	79.24281384
2.18803418803	79.25776749
2.19291819292	79.29603398
2.1978021978	79.33540888
2.20268620269	79.3516655
2.20757020757	79.39177994
2.21245421245	79.40710594
2.21733821734	79.44690723
2.22222222222	79.48612172
2.22710622711	79.50198557
2.23199023199	79.54117772
2.23687423687	79.55619203
2.24175824176	79.59664892
2.24664224664	79.63576414
2.25152625153	79.65134033
2.25641025641	79.69062175
2.26129426129	79.70530621
2.26617826618	79.74479562
2.27106227106	79.78447597
2.27594627595	79.79992431
2.28083028083	79.84020781
2.28571428571	79.85490049
2.2905982906	79.89382414
2.29548229548	79.933309
2.30036630037	79.94836416
2.30525030525	79.98691279
2.31013431013	80.00167623
2.31501831502	80.04126159
2.3199023199	80.07986283
2.32478632479	80.09478685
2.32967032967	80.13378187
2.33455433455	80.14827431
2.33943833944	80.18676538
2.34432234432	80.22574028
2.34920634921	80.23963675
2.35409035409	80.27831049
2.35897435897	80.31334723
2.36385836386	80.33236827
2.36874236874	80.37082069
2.37362637363	80.38588383
2.37851037851	80.42426784
2.38339438339	80.45885508
2.38827838828	80.47720755
2.39316239316	80.51620322
2.39804639805	80.53077317
2.40293040293	80.56940686
2.40781440781	80.60356684
2.4126984127	80.62210707
2.41758241758	80.66042048
2.42246642247	80.67475452
2.42735042735	80.71373442
2.43223443223	80.74884633
2.43711843712	80.76725979
2.442002442	80.80565366
2.44688644689	80.82013563
2.45177045177	80.8581855
2.45665445665	80.89251451
2.46153846154	80.91056652
2.46642246642	80.94817226
2.47130647131	80.96296701
2.47619047619	81.00083955
2.48107448107	81.03522716
2.48595848596	81.0524876
2.49084249084	81.09000971
2.49572649573	81.1044691
2.50061050061	81.14166153
2.50549450549	81.17401598
2.51037851038	81.19201773
2.51526251526	81.23040511
2.52014652015	81.24515746
2.52503052503	81.28268358
2.52991452991	81.31793415
2.5347985348	81.33479749
2.53968253968	81.37266094
2.54456654457	81.38642333
2.54945054945	81.42439986
2.55433455433	81.45956008
2.55921855922	81.47628012
2.5641025641	81.51359228
2.56898656899	81.52782754
2.57387057387	81.56503001
2.57875457875	81.59966529
2.58363858364	81.61659839
2.58852258852	81.6546318
2.59340659341	81.66866419
2.59829059829	81.70653981
2.60317460317	81.74124707
2.60805860806	81.75806407
2.61294261294	81.79512233
2.61782661783	81.80886692
2.62271062271	81.84563886
2.62759462759	81.88104672
2.63247863248	81.89708152
2.63736263736	81.93432153
2.64224664225	81.94802154
2.64713064713	81.98534102
2.65201465201	82.01947176
2.6568986569	82.0352197
2.66178266178	82.07104311
2.66666666667	82.08528396
2.67155067155	82.12314347
2.67643467643	82.15826765
2.68131868132	82.17398053
2.6862026862	82.21130792
2.69108669109	82.22524788
2.69597069597	82.26174645
2.70085470085	82.29614279
2.70573870574	82.31241694
2.71062271062	82.34923464
2.71550671551	82.36297124
2.72039072039	82.39948882
2.72527472527	82.43452682
2.73015873016	82.44957148
2.73504273504	82.48585314
2.73992673993	82.49992883
2.74481074481	82.53723446
2.74969474969	82.57287056
2.75457875458	82.58819006
2.75946275946	82.62427986
2.76434676435	82.63844567
2.76923076923	82.6747375
2.77411477411	82.70966819
2.778998779	82.72457917
2.78388278388	82.76088192
2.78876678877	82.77464853
2.79365079365	82.8112073
2.79853479853	82.84582769
2.80341880342	82.86103645
2.8083028083	82.89690358
2.81318681319	82.91034316
2.81807081807	82.94507156
2.82295482295	82.9806437
2.82783882784	82.99526155
2.83272283272	83.03208681
2.83760683761	83.0457721
2.84249084249	83.08210334
2.84737484737	83.1176412
2.85225885226	83.13216564
2.85714285714	83.16798587
2.86202686203	83.18179613
2.86691086691	83.21827814
2.87179487179	83.25375531
2.87667887668	83.2679439
2.88156288156	83.30383746
2.88644688645	83.31712173
2.89133089133	83.35241788
2.89621489621	83.38870728
2.9010989011	83.40297339
2.90598290598	83.4394645
2.91086691087	83.45286097
2.91575091575	83.48810281
2.92063492063	83.52408812
2.92551892552	83.5380669
2.9304029304	83.57313745
2.93528693529	83.58696892
2.94017094017	83.62223541
2.94505494505	83.65796141
2.94993894994	83.67195431
2.95482295482	83.70710259
2.95970695971	83.72068501
2.96459096459	83.75606441
2.96947496947	83.79101554
2.97435897436	83.80368979
2.97924297924	83.83901439
2.98412698413	83.87156745
2.98901098901	83.88858335
2.99389499389	83.92380742
2.99877899878	83.93776035
3.00366300366	83.97295678
3.00854700855	84.00498506
3.01343101343	84.02178525
3.01831501832	84.05754743
3.0231990232	84.07092303
3.02808302808	84.10612159
3.03296703297	84.13788063
3.03785103785	84.15465438
3.04273504274	84.18962378
3.04761904762	84.20278792
3.0525030525	84.23817186
3.05738705739	84.27142872
3.06227106227	84.28782652
3.06715506716	84.32298384
3.07203907204	84.33608721
3.07692307692	84.3714351
3.08180708181	84.404051
3.08669108669	84.41958482
3.09157509158	84.45449907
3.09645909646	84.46802485
3.10134310134	84.503178
3.10622710623	84.53605532
3.11111111111	84.55142608
3.115995116	84.58645241
3.12087912088	84.59984603
3.12576312576	84.63435475
3.13064713065	84.66484727
3.13553113553	84.6808986
3.14041514042	84.71666454
3.1452991453	84.72973524
3.15018315018	84.76514505
3.15506715507	84.79854091
3.15995115995	84.81361158
3.16483516484	84.84896949
3.16971916972	84.86191239
3.1746031746	84.89739145
3.17948717949	84.93063067
3.18437118437	84.94577655
3.18925518926	84.98007322
3.19413919414	84.9938353
3.19902319902	85.02869136
3.20390720391	85.06158327
3.20879120879	85.07697018
3.21367521368	85.11286766
3.21855921856	85.12627317
3.22344322344	85.16115258
3.22832722833	85.19408688
3.23321123321	85.20936446
3.2380952381	85.24414306
3.24297924298	85.25757938
3.24786324786	85.29181686
3.25274725275	85.32529298
3.25763125763	85.33982576
3.26251526252	85.37429451
3.2673992674	85.38774015
3.27228327228	85.4221786
3.27716727717	85.45552868
3.28205128205	85.46924964
3.28693528694	85.50344348
3.29181929182	85.51638675
3.2967032967	85.55179442
3.30158730159	85.58600898
3.30647130647	85.59978391
3.31135531136	85.63467231
3.31623931624	85.64787219
3.32112332112	85.68219871
3.32600732601	85.71588566
3.33089133089	85.72953954
3.33577533578	85.76462964
3.34065934066	85.77767749
3.34554334554	85.81212695
3.35042735043	85.84630118
3.35531135531	85.85947349
3.3601953602	85.89388535
3.36507936508	85.90721954
3.36996336996	85.94290572
3.37484737485	85.97710191
3.37973137973	85.99039362
3.38461538462	86.02461799
3.3894993895	86.03795858
3.39438339438	86.07215996
3.39926739927	86.10632541
3.40415140415	86.11910143
3.40903540904	86.15371406
3.41391941392	86.16680266
3.4188034188	86.20116184
3.42368742369	86.23545035
3.42857142857	86.24810365
3.43345543346	86.28225048
3.43833943834	86.29533785
3.44322344322	86.32814401
3.44810744811	86.36245824
3.45299145299	86.37524757
3.45787545788	86.41026543
3.46275946276	86.44068673
3.46764346764	86.4578022
3.47252747253	86.49218033
3.47741147741	86.50484783
3.4822954823	86.53857085
3.48717948718	86.57016464
3.49206349206	86.58680577
3.49694749695	86.62108973
3.50183150183	86.6340453
3.50671550672	86.66803963
3.5115995116	86.69899805
3.51648351648	86.71516453
3.52136752137	86.74970803
3.52625152625	86.76270926
3.53113553114	86.79716748
3.53601953602	86.82903817
3.5409035409	86.84455648
3.54578754579	86.87874566
3.55067155067	86.89214954
3.55555555556	86.9259992
3.56043956044	86.9571096
3.56532356532	86.97275504
3.57020757021	87.00743966
3.57509157509	87.02014182
3.57997557998	87.05397819
3.58485958486	87.08573581
3.58974358974	87.10088632
3.59462759463	87.13467914
3.59951159951	87.14733929
3.6043956044	87.18136092
3.60927960928	87.21354077
3.61416361416	87.22898559
3.61904761905	87.26292379
3.62393162393	87.27612632
3.62881562882	87.31024759
3.6336996337	87.34200532
3.63858363858	87.35662614
3.64346764347	87.39100834
3.64835164835	87.40406485
3.65323565324	87.43799128
3.65811965812	87.47008408
3.663003663	87.48485375
3.66788766789	87.51876543
3.67277167277	87.53175132
3.67765567766	87.56603373
3.68253968254	87.59916975
3.68742368742	87.61389642
3.69230769231	87.64858181
3.69719169719	87.66103923
3.70207570208	87.69477018
3.70695970696	87.72728836
3.71184371184	87.7417801
3.71672771673	87.77511143
3.72161172161	87.78854417
3.7264957265	87.82230311
3.73137973138	87.85481765
3.73626373626	87.86907653
3.74114774115	87.90252222
3.74603174603	87.91533222
3.75091575092	87.94908633
3.7557997558	87.98037681
3.76068376068	87.99498666
3.76556776557	88.02984481
3.77045177045	88.04278492
3.77533577534	88.07686055
3.78021978022	88.11005235
3.7851037851	88.12406813
3.78998778999	88.15775637
3.79487179487	88.17021018
3.79975579976	88.20471439
3.80463980464	88.23795644
3.80952380952	88.25171562
3.81440781441	88.28539105
3.81929181929	88.29830371
3.82417582418	88.3324861
3.82905982906	88.36504145
3.83394383394	88.3788104
3.83882783883	88.41328948
3.84371184371	88.42684436
3.8485958486	88.46110427
3.85347985348	88.4938388
3.85836385836	88.50765099
3.86324786325	88.54187093
3.86813186813	88.55466941
3.87301587302	88.58793343
3.8778998779	88.62149105
3.88278388278	88.63519056
3.88766788767	88.66907878
3.89255189255	88.68139615
3.89743589744	88.71537172
3.90231990232	88.74834891
3.9072039072	88.76121779
3.91208791209	88.79440321
3.91697191697	88.80716932
3.92185592186	88.8413614
3.92673992674	88.87559339
3.93162393162	88.88871167
3.93650793651	88.92294386
3.94139194139	88.93570817
3.94627594628	88.9693886
3.95115995116	89.00223384
3.95604395604	89.01592546
3.96092796093	89.05017346
3.96581196581	89.06306255
3.9706959707	89.09648921
3.97557997558	89.13014021
3.98046398046	89.14240268
3.98534798535	89.17609081
3.99023199023	89.1889784
3.99511599512	89.2234773
4.0	89.25800864
4.00488400488	89.27060748
4.00976800977	89.3039168
4.01465201465	89.33430372
4.01953601954	89.35069597
4.02442002442	89.38412746
4.0293040293	89.39706594
4.03418803419	89.43059067
4.03907203907	89.46102583
4.04395604396	89.47729361
4.04884004884	89.51038347
4.05372405372	89.52313373
4.05860805861	89.55703259
4.06349206349	89.58659459
4.06837606838	89.60151126
4.07326007326	89.63538
4.07814407814	89.64837628
4.08302808303	89.68234295
4.08791208791	89.71279324
4.0927960928	89.72898091
4.09768009768	89.76271158
4.10256410256	89.77573981
4.10744810745	89.80899483
4.11233211233	89.84015004
4.11721611722	89.85611238
4.1221001221	89.88967007
4.12698412698	89.90221841
4.13186813187	89.93608638
4.13675213675	89.96666312
4.14163614164	89.98220064
4.14652014652	90.01625728
4.1514041514	90.02936816
4.15628815629	90.06367432
4.16117216117	90.09464225
4.16605616606	90.11018962
4.17094017094	90.14404886
4.17582417582	90.1568161
4.18070818071	90.19019379
4.18559218559	90.22086252
4.19047619048	90.23619854
4.19536019536	90.2698345
4.20024420024	90.28291467
4.20512820513	90.31629959
4.21001221001	90.34780111
4.2148962149	90.36269584
4.21978021978	90.3957367
4.22466422466	90.40781652
4.22954822955	90.44110146
4.23443223443	90.47379387
4.23931623932	90.48847105
4.2442002442	90.52216915
4.24908424908	90.5351513
4.25396825397	90.56876588
4.25885225885	90.60061551
4.26373626374	90.61502564
4.26862026862	90.64886698
4.2735042735	90.66200593
4.27838827839	90.69557953
4.28327228327	90.72720113
4.28815628816	90.74187289
4.29304029304	90.77529331
4.29792429792	90.78794797
4.30280830281	90.82187451
4.30769230769	90.85458419
4.31257631258	90.86915954
4.31746031746	90.90279232
4.32234432234	90.91525058
4.32722832723	90.94907332
4.33211233211	90.98115914
4.336996337	90.99543655
4.34188034188	91.02833785
4.34676434676	91.04114802
4.35164835165	91.0752004
4.35653235653	91.10740773
4.36141636142	91.12092258
4.3663003663	91.15431939
4.37118437118	91.16703569
4.37606837607	91.2003641
4.38095238095	91.23048676
4.38583638584	91.24473777
4.39072039072	91.27908428
4.3956043956	91.29201417
4.40048840049	91.32556579
4.40537240537	91.35835135
4.41025641026	91.37233928
4.41514041514	91.4057492
4.42002442002	91.41815286
4.42490842491	91.45206965
4.42979242979	91.48520788
4.43467643468	91.49869462
4.43956043956	91.53204119
4.44444444444	91.54508805
4.44932844933	91.57833788
4.45421245421	91.61126461
4.4590964591	91.62452421
4.46398046398	91.65913061
4.46886446886	91.67213208
4.47374847375	91.70594382
4.47863247863	91.73903034
4.48351648352	91.75226651
4.4884004884	91.78587484
4.49328449328	91.79873652
4.49816849817	91.83176421
4.50305250305	91.86572293
4.50793650794	91.87856194
4.51282051282	91.9122202
4.5177045177	91.92453849
4.52258852259	91.95826005
4.52747252747	91.99154497
4.53235653236	92.00385452
4.53724053724	92.03681709
4.54212454212	92.0495298
4.54700854701	92.08343584
4.55189255189	92.11762822
4.55677655678	92.13022983
4.56166056166	92.16400485
4.56654456654	92.17677707
4.57142857143	92.21014623
4.57631257631	92.24359026
4.5811965812	92.25606439
4.58608058608	92.29019904
4.59096459096	92.3202854
4.59584859585	92.33605492
4.60073260073	92.36995759
4.60561660562	92.38241822
4.6105006105	92.41581333
4.61538461538	92.446674
4.62026862027	92.46313829
4.62515262515	92.49662531
4.63003663004	92.50999701
4.63492063492	92.54294081
4.6398046398	92.5739427
4.64468864469	92.58975947
4.64957264957	92.62320983
4.65445665446	92.6360523
4.65934065934	92.66961744
4.66422466422	92.70024433
4.66910866911	92.71610565
4.67399267399	92.74916629
4.67887667888	92.76219278
4.68376068376	92.79540436
4.68864468864	92.8255052
4.69352869353	92.84040941
4.69841269841	92.87454395
4.7032967033	92.88662626
4.70818070818	92.92074948
4.71306471306	92.95143342
4.71794871795	92.96711231
4.72283272283	93.00093492
4.72771672772	93.01374058
4.7326007326	93.04679317
4.73748473748	93.07843412
4.74236874237	93.09394714
4.74725274725	93.12752074
4.75213675214	93.14053166
4.75702075702	93.17380726
4.7619047619	93.20474228
4.76678876679	93.22006259
4.77167277167	93.25430026
4.77655677656	93.2671888
4.78144078144	93.30122502
4.78632478632	93.33283189
4.79120879121	93.34775495
4.79609279609	93.38135133
4.80097680098	93.39434834
4.80586080586	93.42760455
4.81074481074	93.45907036
4.81562881563	93.47377556
4.82051282051	93.50783138
4.8253968254	93.52057872
4.83028083028	93.5539503
4.83516483516	93.58590358
4.84004884005	93.60046936
4.84493284493	93.63383178
4.84981684982	93.64624309
4.8547008547	93.67985617
4.85958485958	93.71207298
4.86446886447	93.72689383
4.86935286935	93.76051249
4.87423687424	93.7736488
4.87912087912	93.80730886
4.884004884	93.83925116
4.88888888889	93.85331836
4.89377289377	93.88752051
4.89865689866	93.90015315
4.90354090354	93.9336651
4.90842490842	93.9660994
4.91330891331	93.98035294
4.91819291819	94.0142368
4.92307692308	94.02692398
4.92796092796	94.06100165
4.93284493284	94.09429174
4.93772893773	94.10844111
4.94261294261	94.14187167
4.9474969475	94.15524608
4.95238095238	94.18876862
4.95726495726	94.22166496
4.96214896215	94.23570156
4.96703296703	94.26904339
4.97191697192	94.28199604
4.9768009768	94.31608647
4.98168498168	94.34862706
4.98656898657	94.36238524
4.99145299145	94.39605392
4.99633699634	94.40853366
5.00122100122	94.44265144
5.0061050061	94.47554031
5.01098901099	94.48835316
5.01587301587	94.52340507
5.02075702076	94.53625851
5.02564102564	94.57013076
5.03052503053	94.60434026
5.03540903541	94.61732271
5.04029304029	94.65098533
5.04517704518	94.66398951
5.05006105006	94.69790317
5.05494505495	94.73162746
5.05982905983	94.74485396
5.06471306471	94.7788523
5.0695970696	94.791857
5.07448107448	94.82560205
5.07936507937	94.85901407
5.08424908425	94.87237945
5.08913308913	94.90736233
5.09401709402	94.92059205
5.0989010989	94.95472779
5.10378510379	94.98842279
5.10866910867	95.00176352
5.11355311355	95.03568898
5.11843711844	95.0483601
5.12332112332	95.08218788
5.12820512821	95.11656553
5.13308913309	95.12938223
5.13797313797	95.16353115
5.14285714286	95.17605427
5.14774114774	95.21012669
5.15262515263	95.24341185
5.15750915751	95.25659647
5.16239316239	95.28969094
5.16727716728	95.32050612
5.17216117216	95.33748613
5.17704517705	95.37182356
5.18192918193	95.3843908
5.18681318681	95.4189781
5.1916971917	95.44930699
5.19658119658	95.46606203
5.20146520147	95.4997406
5.20634920635	95.51271717
5.21123321123	95.54754371
5.21611721612	95.57811603
5.221001221	95.59412632
5.22588522589	95.62872756
5.23076923077	95.64128371
5.23565323565	95.67483468
5.24053724054	95.70643336
5.24542124542	95.72290283
5.25030525031	95.75750933
5.25518925519	95.77042499
5.26007326007	95.80464881
5.26495726496	95.83616282
5.26984126984	95.85240383
5.27472527473	95.88592401
5.27960927961	95.89858958
5.28449328449	95.9331236
5.28937728938	95.9645893
5.29426129426	95.98050788
5.29914529915	96.0141419
5.30402930403	96.02714702
5.30891330891	96.0613074
5.3137973138	96.0923093
5.31868131868	96.10688064
5.32356532357	96.14131741
5.32844932845	96.15469158
5.33333333333	96.18932446
5.33821733822	96.22062435
5.3431013431	96.23687677
5.34798534799	96.27122044
5.35286935287	96.28397459
5.35775335775	96.31820529
5.36263736264	96.35050708
5.36752136752	96.36644541
5.37240537241	96.40081978
5.37728937729	96.41343349
5.38217338217	96.4479522
5.38705738706	96.47958476
5.39194139194	96.49466073
5.39682539683	96.52974243
5.40170940171	96.54315476
5.40659340659	96.57783019
5.41147741148	96.61024292
5.41636141636	96.62546622
5.42124542125	96.65995411
5.42612942613	96.6726129
5.43101343101	96.70675908
5.4358974359	96.73897491
5.44078144078	96.75408122
5.44566544567	96.78856533
5.45054945055	96.80143743
5.45543345543	96.83585627
5.46031746032	96.86855014
5.4652014652	96.8826259
5.47008547009	96.91687153
5.47496947497	96.92928297
5.47985347985	96.96325616
5.48473748474	96.99733351
5.48962148962	97.01162491
5.49450549451	97.04623914
5.49938949939	97.05929863
5.50427350427	97.09377941
5.50915750916	97.12702219
5.51404151404	97.14093483
5.51892551893	97.17500434
5.52380952381	97.18893912
5.52869352869	97.22331663
5.53357753358	97.25651957
5.53846153846	97.27081183
5.54334554335	97.30497693
5.54822954823	97.31834977
5.55311355311	97.35256247
5.557997558	97.38705446
5.56288156288	97.4014721
5.56776556777	97.43572596
5.57264957265	97.4486834
5.57753357753	97.48318374
5.58241758242	97.51702802
5.5873015873	97.53078011
5.59218559219	97.56465894
5.59706959707	97.57805271
5.60195360195	97.61287822
5.60683760684	97.64667535
5.61172161172	97.66022111
5.61660561661	97.69437971
5.62148962149	97.7073115
5.62637362637	97.74177019
5.63125763126	97.77346337
5.63614163614	97.78722146
5.64102564103	97.82246794
5.64590964591	97.83593136
5.65079365079	97.87050914
5.65567765568	97.90524152
5.66056166056	97.91850223
5.66544566545	97.95367444
5.67032967033	97.96635965
5.67521367521	98.0011927
5.6800976801	98.03616425
5.68498168498	98.04917743
5.68986568987	98.08407989
5.69474969475	98.09719812
5.69963369963	98.13179604
5.70451770452	98.16598364
5.7094017094	98.17964928
5.71428571429	98.21570366
5.71916971917	98.22860317
5.72405372405	98.26355719
5.72893772894	98.29794858
5.73382173382	98.31130639
5.73870573871	98.34599081
5.74358974359	98.35955992
5.74847374847	98.39353419
5.75335775336	98.4284813
5.75824175824	98.44146108
5.76312576313	98.47652126
5.76800976801	98.48944947
5.77289377289	98.52429465
5.77777777778	98.55861562
5.78266178266	98.5716072
5.78754578755	98.60567647
5.79242979243	98.61858652
5.79731379731	98.65373558
5.8021978022	98.68913513
5.80708180708	98.70216217
5.81196581197	98.73690417
5.81684981685	98.76778649
5.82173382173	98.7849161
5.82661782662	98.8190125
5.8315018315	98.83251214
5.83638583639	98.86817519
5.84126984127	98.89918483
5.84615384615	98.91568493
5.85103785104	98.95035376
5.85592185592	98.96374301
5.86080586081	98.99806684
5.86568986569	99.03048532
5.87057387057	99.04711228
5.87545787546	99.08250722
5.88034188034	99.0954085
5.88522588523	99.13049701
5.89010989011	99.16262011
5.89499389499	99.17886032
5.89987789988	99.21351457
5.90476190476	99.22664079
5.90964590965	99.26173715
5.91452991453	99.29380437
5.91941391941	99.31014985
5.9242979243	99.34452326
5.92918192918	99.35786225
5.93406593407	99.39266532
5.93894993895	99.42424206
5.94383394383	99.43952448
5.94871794872	99.47499383
5.9536019536	99.48822127
5.95848595849	99.52329003
5.96336996337	99.55558945
5.96825396825	99.57186078
5.97313797314	99.60680339
5.97802197802	99.61989257
5.98290598291	99.65504776
5.98778998779	99.68799869
5.99267399267	99.70354285
5.99755799756	99.73905556
6.00244200244	99.75206566
6.00732600733	99.78736054
6.01221001221	99.81976949
6.01709401709	99.83533592
6.02197802198	99.87130607
6.02686202686	99.88480304
6.03174603175	99.92017602
6.03663003663	99.95330862
6.04151404151	99.96841959
6.0463980464	100.0038072
6.05128205128	100.0171298
6.05616605617	100.0525234
6.06105006105	100.0852322
6.06593406593	100.1003369
6.07081807082	100.1364638
6.0757020757	100.1495006
6.08058608059	100.184706
6.08547008547	100.2176594
6.09035409035	100.2327016
6.09523809524	100.2674263
6.10012210012	100.2802913
6.10500610501	100.3154488
6.10989010989	100.3494514
6.11477411477	100.3643484
6.11965811966	100.3997437
6.12454212454	100.4132468
6.12942612943	100.4486839
6.13431013431	100.4824207
6.13919413919	100.497013
6.14407814408	100.5326063
6.14896214896	100.5461403
6.15384615385	100.5815849
6.15873015873	100.6150663
6.16361416361	100.6299088
6.1684981685	100.6652738
6.17338217338	100.6784973
6.17826617827	100.7142573
6.18315018315	100.7490992
6.18803418803	100.763812
6.19291819292	100.7991475
6.1978021978	100.8124335
6.20268620269	100.8476646
6.20757020757	100.8824418
6.21245421245	100.8964392
6.21733821734	100.9313808
6.22222222222	100.944585
6.22710622711	100.9804613
6.23199023199	101.0154931
6.23687423687	101.0293764
6.24175824176	101.0643634
6.24664224664	101.0776032
6.25152625153	101.1126585
6.25641025641	101.1467866
6.26129426129	101.1611095
6.26617826618	101.1971245
6.27106227106	101.2111858
6.27594627595	101.2465867
6.28083028083	101.2824811
6.28571428571	101.2963084
6.2905982906	101.3317242
6.29548229548	101.3453068
6.30036630037	101.3807919
6.30525030525	101.4168646
6.31013431013	101.430645
6.31501831502	101.4657276
6.3199023199	101.4791184
6.32478632479	101.5151523
6.32967032967	101.550396
6.33455433455	101.5643214
6.33943833944	101.6008065
6.34432234432	101.6143636
6.34920634921	101.6504946
6.35409035409	101.6858609
6.35897435897	101.6992932
6.36385836386	101.7359356
6.36874236874	101.7490282
6.37362637363	101.7840461
6.37851037851	101.8203488
6.38339438339	101.8340033
6.38827838828	101.8697953
6.39316239316	101.8832187
6.39804639805	101.9185209
6.40293040293	101.9541318
6.40781440781	101.9677964
6.4126984127	102.0023691
6.41758241758	102.0161972
6.42246642247	102.0526092
6.42735042735	102.0885382
6.43223443223	102.1017398
6.43711843712	102.1380528
6.442002442	102.1703337
6.44688644689	102.1872431
6.45177045177	102.2233206
6.45665445665	102.236677
6.46153846154	102.2726823
6.46642246642	102.3053686
6.47130647131	102.3219903
6.47619047619	102.3577064
6.48107448107	102.3717892
6.48595848596	102.4070153
6.49084249084	102.4401096
6.49572649573	102.4572288
6.50061050061	102.4938464
6.50549450549	102.5073157
6.51037851038	102.5439424
6.51526251526	102.5764125
6.52014652015	102.5931244
6.52503052503	102.6286989
6.52991452991	102.6421116
6.5347985348	102.6782589
6.53968253968	102.7115523
6.54456654457	102.7280583
6.54945054945	102.7635169
6.55433455433	102.7772491
6.55921855922	102.8129229
6.5641025641	102.8456696
6.56898656899	102.8610639
6.57387057387	102.8969811
6.57875457875	102.911113
6.58363858364	102.9472761
6.58852258852	102.9804685
6.59340659341	102.997318
6.59829059829	103.0336174
6.60317460317	103.0474113
6.60805860806	103.0830192
6.61294261294	103.1167798
6.61782661783	103.1333976
6.62271062271	103.1694801
6.62759462759	103.1826996
6.63247863248	103.2189743
6.63736263736	103.2522162
6.64224664225	103.2688036
6.64713064713	103.3050376
6.65201465201	103.3189269
6.6568986569	103.3557864
6.66178266178	103.3894064
6.66666666667	103.4058992
6.67155067155	103.4420798
6.67643467643	103.4553424
6.68131868132	103.4916976
6.6862026862	103.5246055
6.69108669109	103.5414546
6.69597069597	103.5776293
6.70085470085	103.5911899
6.70573870574	103.626977
6.71062271062	103.6604282
6.71550671551	103.676765
6.72039072039	103.7122879
6.72527472527	103.7255221
6.73015873016	103.761287
6.73504273504	103.7955863
6.73992673993	103.8118131
6.74481074481	103.8474493
6.74969474969	103.8612385
6.75457875458	103.8976877
6.75946275946	103.9314731
6.76434676435	103.9470001
6.76923076923	103.983413
6.77411477411	103.9974214
6.778998779	104.0332706
6.78388278388	104.0674104
6.78876678877	104.08288
6.79365079365	104.1188878
6.79853479853	104.1322366
6.80341880342	104.1688746
6.8083028083	104.2043185
6.81318681319	104.2200286
6.81807081807	104.2562241
6.82295482295	104.2696185
6.82783882784	104.3059645
6.83272283272	104.3414996
6.83760683761	104.3564181
6.84249084249	104.391864
6.84737484737	104.4054822
6.85225885226	104.4423787
6.85714285714	104.4769182
6.86202686203	104.4920753
6.86691086691	104.5282309
6.87179487179	104.5413005
6.87667887668	104.5771433
6.88156288156	104.6101829
6.88644688645	104.6261059
6.89133089133	104.6640103
6.89621489621	104.6782943
6.9010989011	104.7136428
6.90598290598	104.749498
6.91086691087	104.7644784
6.91575091575	104.7993378
6.92063492063	104.8127539
6.92551892552	104.8492879
6.9304029304	104.8852522
6.93528693529	104.899872
6.94017094017	104.936005
6.94505494505	104.9499372
6.94993894994	104.9860646
6.95482295482	105.0219167
6.95970695971	105.0368629
6.96459096459	105.0734563
6.96947496947	105.087907
6.97435897436	105.1246349
6.97924297924	105.1601198
6.98412698413	105.1746868
6.98901098901	105.2111819
6.99389499389	105.224583
6.99877899878	105.2606273
7.00366300366	105.2971306
7.00854700855	105.3111669
7.01343101343	105.3476784
7.01831501831	105.3615547
7.0231990232	105.3973992
7.02808302808	105.4338433
7.03296703297	105.4475073
7.03785103785	105.4828602
7.04273504274	105.496541
7.04761904762	105.5338407
7.0525030525	105.570601
7.05738705739	105.5839859
7.06227106227	105.6211497
7.06715506716	105.6348755
7.07203907204	105.6718693
7.07692307692	105.7073167
7.08180708181	105.7213306
7.08669108669	105.7587611
7.09157509158	105.7722676
7.09645909646	105.8082708
7.10134310134	105.8451734
7.10622710623	105.8587476
7.11111111111	105.8951849
7.115995116	105.9092626
7.12087912088	105.9465618
7.12576312576	105.9834459
7.13064713065	105.9974103
7.13553113553	106.0337461
7.14041514042	106.066791
7.1452991453	106.084357
7.15018315018	106.120425
7.15506715507	106.1340963
7.15995115995	106.1714656
7.16483516484	106.2038516
7.16971916972	106.2215127
7.1746031746	106.2580076
7.17948717949	106.2716226
7.18437118437	106.307897
7.18925518926	106.3409037
7.19413919414	106.3569283
7.19902319902	106.3937525
7.20390720391	106.4079453
7.20879120879	106.4447022
7.21367521368	106.4780848
7.21855921856	106.495778
7.22344322344	106.5323643
7.22832722833	106.5460103
7.23321123321	106.5833031
7.2380952381	106.6168383
7.24297924298	106.6337706
7.24786324786	106.6707308
7.25274725275	106.6844946
7.25763125763	106.7211707
7.26251526252	106.7547741
7.2673992674	106.7716175
7.27228327228	106.8086538
7.27716727717	106.8228337
7.28205128205	106.8602224
7.28693528694	106.8945249
7.29181929182	106.9110993
7.2967032967	106.9480577
7.30158730159	106.9616541
7.30647130647	106.9983253
7.31135531136	107.0325627
7.31623931624	107.0489512
7.32112332112	107.0857611
7.32600732601	107.0995589
7.33089133089	107.1363746
7.33577533578	107.1709108
7.34065934066	107.1863497
7.34554334554	107.2230327
7.35042735043	107.236741
7.35531135531	107.2729334
7.3601953602	107.3086376
7.36507936508	107.324451
7.36996336996	107.3609535
7.37484737485	107.3754567
7.37973137973	107.4119982
7.38461538462	107.447003
7.3894993895	107.4627489
7.39438339438	107.4995077
7.39926739927	107.5132924
7.40415140415	107.5504054
7.40903540904	107.5854247
7.41391941392	107.6005371
7.4188034188	107.6376872
7.42368742369	107.651272
7.42857142857	107.6885306
7.43345543346	107.7245731
7.43833943834	107.7400918
7.44322344322	107.7773508
7.44810744811	107.7913026
7.45299145299	107.8276164
7.45787545788	107.8633574
7.46275946276	107.877875
7.46764346764	107.9143402
7.47252747253	107.928799
7.47741147741	107.9654503
7.4822954823	108.0017806
7.48717948718	108.016014
7.49206349206	108.0524548
7.49694749695	108.0661665
7.50183150183	108.103334
7.50671550672	108.1369675
7.5115995116	108.1515
7.51648351648	108.1897441
7.52136752137	108.2034322
7.52625152625	108.2404267
7.53113553114	108.2778179
7.53601953602	108.2920303
7.5409035409	108.3285958
7.54578754579	108.3428131
7.55067155067	108.3798007
7.55555555556	108.4171486
7.56043956044	108.4309355
7.56532356532	108.4680525
7.57020757021	108.4817588
7.57509157509	108.5185753
7.57997557998	108.5554609
7.58485958486	108.5695894
7.58974358974	108.6082644
7.59462759463	108.6218233
7.59951159951	108.6593845
7.6043956044	108.696008
7.60927960928	108.7100304
7.61416361416	108.7478968
7.61904761905	108.7613699
7.62393162393	108.7978665
7.62881562882	108.835634
7.6336996337	108.849454
7.63858363858	108.8863784
7.64346764347	108.9005352
7.64835164835	108.9368641
7.65323565324	108.9733159
7.65811965812	108.9872992
7.663003663	109.0238309
7.66788766789	109.0571182
7.67277167277	109.0750942
7.67765567766	109.1128126
7.68253968254	109.1265645
7.68742368742	109.1633153
7.69230769231	109.1976357
7.69719169719	109.2148955
7.70207570208	109.2514166
7.70695970696	109.2656552
7.71184371184	109.303504
7.71672771673	109.3374583
7.72161172161	109.3541623
7.7264957265	109.3911815
7.73137973138	109.4054119
7.73626373626	109.4420015
7.74114774115	109.4764338
7.74603174603	109.4943857
7.75091575092	109.5318416
7.7557997558	109.5463004
7.76068376068	109.5827156
7.76556776557	109.6175999
7.77045177045	109.6341324
7.77533577534	109.6711602
7.78021978022	109.6849544
7.7851037851	109.7219489
7.78998778999	109.7568276
7.79487179487	109.7738981
7.79975579976	109.8103783
7.80463980464	109.8243732
7.80952380952	109.86171
7.81440781441	109.8952483
7.81929181929	109.9103643
7.82417582418	109.9479161
7.82905982906	109.9623441
7.83394383394	109.9998617
7.83882783883	110.0346775
7.84371184371	110.0513959
7.8485958486	110.0886388
7.85347985348	110.1025524
7.85836385836	110.1395455
7.86324786325	110.1751598
7.86813186813	110.1913537
7.87301587302	110.2284722
7.8778998779	110.2425865
7.88278388278	110.2796013
7.88766788767	110.3150292
7.89255189255	110.3307942
7.89743589744	110.3682281
7.90231990232	110.3831506
7.9072039072	110.4206642
7.91208791209	110.456544
7.91697191697	110.4723505
7.92185592186	110.5094958
7.92673992674	110.523425
7.93162393162	110.5606674
7.93650793651	110.5957851
7.94139194139	110.61138
7.94627594628	110.6491822
7.95115995116	110.6633651
7.95604395604	110.6999933
7.96092796093	110.7360234
7.96581196581	110.7511817
7.9706959707	110.7878257
7.97557997558	110.8013114
7.98046398046	110.8386065
7.98534798535	110.8754342
7.99023199023	110.8905353
7.99511599512	110.9277731
8.0	110.9418246
8.00488400488	110.9793414
8.00976800977	111.0156822
8.01465201465	111.0310545
8.01953601954	111.0680148
8.02442002442	111.0817721
8.0293040293	111.1202371
8.03418803419	111.1568364
8.03907203907	111.1726712
8.04395604396	111.2074858
8.04884004884	111.2214435
8.05372405372	111.2587487
8.05860805861	111.2964108
8.06349206349	111.3112966
8.06837606838	111.3491095
8.07326007326	111.3632877
8.07814407814	111.4021947
8.08302808303	111.4383418
8.08791208791	111.4539247
8.0927960928	111.4905714
8.09768009768	111.5046968
8.10256410256	111.5422677
8.10744810745	111.5785504
8.11233211233	111.5934988
8.11721611722	111.6309141
8.1221001221	111.645171
8.12698412698	111.6818109
8.13186813187	111.7163666
8.13675213675	111.7310691
8.14163614164	111.7692205
8.14652014652	111.7835622
8.1514041514	111.8208187
8.15628815629	111.8586588
8.16117216117	111.8729066
8.16605616606	111.9099975
8.17094017094	111.924016
8.17582417582	111.9618525
8.18070818071	111.9993418
8.18559218559	112.0136093
8.19047619048	112.0512571
8.19536019536	112.0653841
8.20024420024	112.1024156
8.20512820513	112.139782
8.21001221001	112.1544014
8.2148962149	112.1924399
8.21978021978	112.2076431
8.22466422466	112.2447664
8.22954822955	112.2820961
8.23443223443	112.2968747
8.23931623932	112.333988
8.2442002442	112.3676408
8.24908424908	112.3856014
8.25396825397	112.4232019
8.25885225885	112.4375005
8.26373626374	112.4751846
8.26862026862	112.5083594
8.2735042735	112.5260995
8.27838827839	112.56328
8.28327228327	112.5772399
8.28815628816	112.6138215
8.29304029304	112.6490748
8.29792429792	112.666435
8.30280830281	112.7039942
8.30769230769	112.7184513
8.31257631258	112.7562175
8.31746031746	112.7906673
8.32234432234	112.8080012
8.32722832723	112.8448216
8.33211233211	112.8592078
8.336996337	112.8971476
8.34188034188	112.9322345
8.34676434676	112.9493505
8.35164835165	112.9865184
8.35653235653	113.0004482
8.36141636142	113.037784
8.3663003663	113.0738094
8.37118437118	113.0904879
8.37606837607	113.1288282
8.38095238095	113.1432122
8.38583638584	113.1805359
8.39072039072	113.2160617
8.3956043956	113.2325187
8.40048840049	113.2697172
8.40537240537	113.2837323
8.41025641026	113.3215029
8.41514041514	113.3572105
8.42002442002	113.3738336
8.42490842491	113.410696
8.42979242979	113.424819
8.43467643468	113.4626268
8.43956043956	113.4976501
8.44444444444	113.5135791
8.44932844933	113.5504102
8.45421245421	113.5649661
8.4590964591	113.6028368
8.46398046398	113.6385802
8.46886446886	113.6548709
8.47374847375	113.6926821
8.47863247863	113.7072558
8.48351648352	113.7443211
8.4884004884	113.7811594
8.49328449328	113.7973259
8.49816849817	113.8350292
8.50305250305	113.8493845
8.50793650794	113.8868041
8.51282051282	113.9225829
8.5177045177	113.9385884
8.52258852259	113.9768845
8.52747252747	113.9913106
8.53235653236	114.0299414
8.53724053724	114.0659531
8.54212454212	114.0813865
8.54700854701	114.1192211
8.55189255189	114.1337961
8.55677655678	114.1711648
8.56166056166	114.2073703
8.56654456654	114.2231183
8.57142857143	114.2610123
8.57631257631	114.274978
8.5811965812	114.3126669
8.58608058608	114.3492772
8.59096459096	114.3651709
8.59584859585	114.4019121
8.60073260073	114.4156819
8.60561660562	114.4542921
8.6105006105	114.4910072
8.61538461538	114.5060798
8.62026862027	114.5438004
8.62515262515	114.5583229
8.63003663004	114.5961873
8.63492063492	114.6331862
8.6398046398	114.6480496
8.64468864469	114.6862988
8.64957264957	114.7007767
8.65445665446	114.7384297
8.65934065934	114.7751244
8.66422466422	114.7904396
8.66910866911	114.8275519
8.67399267399	114.8414188
8.67887667888	114.8795801
8.68376068376	114.9180852
8.68864468864	114.9326559
8.69352869353	114.9707816
8.69841269841	114.984506
8.7032967033	115.022467
8.70818070818	115.0601395
8.71306471306	115.0746848
8.71794871795	115.1118842
8.72283272283	115.1259087
8.72771672772	115.1637908
8.7326007326	115.2019085
8.73748473748	115.2157619
8.74236874237	115.2536054
8.74725274725	115.2677791
8.75213675214	115.3047177
8.75702075702	115.3422349
8.7619047619	115.3565128
8.76678876679	115.3948875
8.77167277167	115.4292589
8.77655677656	115.4477034
8.78144078144	115.4858377
8.78632478632	115.5004743
8.79120879121	115.5378772
8.79609279609	115.5714816
8.80097680098	115.5902402
8.80586080586	115.6283228
8.81074481074	115.6430098
8.81562881563	115.6802837
8.82051282051	115.7144465
8.8253968254	115.7327811
8.83028083028	115.7703375
8.83516483516	115.7846841
8.84004884005	115.8240067
8.84493284493	115.8580767
8.84981684982	115.8770461
8.8547008547	115.9140831
8.85958485958	115.9286109
8.86446886447	115.9670233
8.86935286935	116.0008143
8.87423687424	116.0186493
8.87912087912	116.0562374
8.884004884	116.0708081
8.88888888889	116.1088726
8.89377289377	116.1428416
8.89865689866	116.1605438
8.90354090354	116.1981865
8.90842490842	116.2125946
8.91330891331	116.2491172
8.91819291819	116.2845601
8.92307692308	116.3023709
8.92796092796	116.3403904
8.93284493284	116.3547606
8.93772893773	116.3927139
8.94261294261	116.4282153
8.9474969475	116.4450539
8.95238095238	116.4827033
8.95726495726	116.4972854
8.96214896215	116.5352436
8.96703296703	116.5711415
8.97191697192	116.5878858
8.9768009768	116.6253766
8.98168498168	116.639999
8.98656898657	116.6775509
8.99145299145	116.7136313
8.99633699634	116.7307855
9.00122100122	116.7692313
9.0061050061	116.783438
9.01098901099	116.8216702
9.01587301587	116.8575782
9.02075702076	116.8738866
9.02564102564	116.9114997
9.03052503052	116.9256121
9.03540903541	116.9640103
9.04029304029	116.9998694
9.04517704518	117.0160852
9.05006105006	117.053974
9.05494505495	117.0681029
9.05982905983	117.1056778
9.06471306471	117.141087
9.0695970696	117.156809
9.07448107448	117.1943791
9.07936507937	117.2086004
9.08424908425	117.2476035
9.08913308913	117.2837028
9.09401709402	117.2999246
9.0989010989	117.3380311
9.10378510379	117.3525399
9.10866910867	117.389721
9.11355311355	117.4273886
9.11843711844	117.4433474
9.12332112332	117.4811718
9.12820512821	117.4955868
9.13308913309	117.5333458
9.13797313797	117.5702034
9.14285714286	117.5853601
9.14774114774	117.623846
9.15262515263	117.6387845
9.15750915751	117.6773733
9.16239316239	117.7144592
9.16727716728	117.7296876
9.17216117216	117.7681177
9.17704517705	117.7826413
9.18192918193	117.8199034
9.18681318681	117.8569508
9.1916971917	117.8728349
9.19658119658	117.9114029
9.20146520147	117.9251331
9.20634920635	117.9628818
9.21123321123	118.000335
9.21611721612	118.0155431
9.221001221	118.0529044
9.22588522589	118.0669214
9.23076923077	118.1047924
9.23565323565	118.1426657
9.24053724054	118.1581697
9.24542124542	118.1955262
9.25030525031	118.2106281
9.25518925519	118.2488965
9.26007326007	118.286024
9.26495726496	118.3005172
9.26984126984	118.3392805
9.27472527473	118.3533477
9.27960927961	118.3914996
9.28449328449	118.4291433
9.28937728938	118.4436225
9.29426129426	118.4814863
9.29914529915	118.4956649
9.30402930403	118.5341491
9.30891330891	118.5728743
9.3137973138	118.5872614
9.31868131868	118.6257768
9.32356532357	118.64041
9.32844932845	118.6781344
9.33333333333	118.716929
9.33821733822	118.7307058
9.3431013431	118.7681203
9.34798534799	118.8024036
9.35286935287	118.8210584
9.35775335775	118.8593166
9.36263736264	118.8730129
9.36752136752	118.9112526
9.37240537241	118.9449358
9.37728937729	118.9629419
9.38217338217	118.9989672
9.38705738706	119.0134314
9.39194139194	119.0525454
9.39682539683	119.0873466
9.40170940171	119.1062019
9.40659340659	119.144453
9.41147741148	119.1591758
9.41636141636	119.1971386
9.42124542125	119.2309649
9.42612942613	119.2498124
9.43101343101	119.2884046
9.4358974359	119.3029136
9.44078144078	119.3411914
9.44566544567	119.3753897
9.45054945055	119.3935893
9.45543345543	119.4319404
9.46031746032	119.4466715
9.4652014652	119.4864504
9.47008547009	119.5208298
9.47496947497	119.538933
9.47985347985	119.5774868
9.48473748474	119.5920622
9.48962148962	119.6305506
9.49450549451	119.6651864
9.49938949939	119.6829556
9.50427350427	119.7217043
9.50915750916	119.7359722
9.51404151404	119.7744271
9.51892551893	119.8090247
9.52380952381	119.8267024
9.52869352869	119.8648782
9.53357753358	119.8794412
9.53846153846	119.9166035
9.54334554335	119.9523147
9.54822954823	119.9700171
9.55311355311	120.0088848
9.557997558	120.0230797
9.56288156288	120.0618376
9.56776556777	120.0976505
9.57264957265	120.1152232
9.57753357753	120.152648
9.58241758242	120.1675999
9.5873015873	120.2060077
9.59218559219	120.2419944
9.59706959707	120.2591386
9.60195360195	120.2976401
9.60683760684	120.3122473
9.61172161172	120.3499571
9.61660561661	120.3868698
9.62148962149	120.4040055
9.62637362637	120.4429092
9.63125763126	120.4580263
9.63614163614	120.4960676
9.64102564103	120.5320085
9.64590964591	120.548894
9.65079365079	120.5875293
9.65567765568	120.602021
9.66056166056	120.6405355
9.66544566545	120.6767617
9.67032967033	120.6935336
9.67521367521	120.7312353
9.6800976801	120.7464717
9.68498168498	120.7845341
9.68986568987	120.8198169
9.69474969475	120.8362302
9.69963369963	120.8742442
9.70451770452	120.8888374
9.7094017094	120.9280936
9.71428571429	120.9641248
9.71916971917	120.981383
9.72405372405	121.0199486
9.72893772894	121.0343504
9.73382173382	121.0726863
9.73870573871	121.1092298
9.74358974359	121.1267751
9.74847374847	121.1647077
9.75335775336	121.1790165
9.75824175824	121.2183388
9.76312576313	121.2540782
9.76800976801	121.2701528
9.77289377289	121.3093968
9.77777777778	121.3242153
9.78266178266	121.3632242
9.78754578755	121.4001885
9.79242979243	121.4166237
9.79731379731	121.4551152
9.8021978022	121.469457
9.80708180708	121.5081437
9.81196581197	121.5447508
9.81684981685	121.5605604
9.82173382173	121.5997853
9.82661782662	121.6145516
9.8315018315	121.6526462
9.83638583639	121.6896266
9.84126984127	121.7051888
9.84615384615	121.7439562
9.85103785104	121.7576211
9.85592185592	121.7961165
9.86080586081	121.8339636
9.86568986569	121.8496721
9.87057387057	121.8879838
9.87545787546	121.9025021
9.88034188034	121.9415154
9.88522588523	121.9784033
9.89010989011	121.9938527
9.89499389499	122.0332536
9.89987789988	122.0481041
9.90476190476	122.0868751
9.90964590965	122.1235823
9.91452991453	122.1388794
9.91941391941	122.1778577
9.9242979243	122.1919087
9.92918192918	122.2315095
9.93406593407	122.2695631
9.93894993895	122.2854447
9.94383394383	122.3238951
9.94871794872	122.3383312
9.9536019536	122.3769057
9.95848595849	122.4148541
9.96336996337	122.4301579
9.96825396825	122.4689691
9.97313797314	122.4830218
9.97802197802	122.5217433
9.98290598291	122.5599699
9.98778998779	122.574842
9.99267399267	122.6127573
9.99755799756	122.627668
10.0024420024	122.6660059
