V	%
1.44078144078	0.0
1.4652014652	3.80436678665e-05
1.48962148962	0.000159758947454
1.51404151404	6.91932012957e-05
1.53846153846	0.000181632519192
1.56288156288	0.000106735703306
1.5873015873	9.45768643217e-05
1.61172161172	9.13803144013e-05
1.63614163614	4.63795691002e-05
1.66056166056	0.000107299688621
1.68498168498	8.8183903462e-05
1.7094017094	0.000114946243585
1.73382173382	0.000102411321737
1.75824175824	0.000122153772688
1.78266178266	0.0002487576894
1.80708180708	0.000430766430437
1.8315018315	0.00057191089757
1.85592185592	0.000735367699781
1.88034188034	0.00117390563691
1.90476190476	0.00162084271168
1.92918192918	0.00223894499794
1.9536019536	0.00333325336226
1.97802197802	0.0048859054746
2.00244200244	0.00693412975513
2.02686202686	0.0101722905405
2.05128205128	0.0143636869605
2.0757020757	0.0206967227205
2.10012210012	0.0288330041609
2.12454212454	0.0401202758948
2.14896214896	0.0620477960817
2.17338217338	0.0868396731713
2.1978021978	0.121804504251
2.22222222222	0.169192531814
2.24664224664	0.233781333959
2.27106227106	0.321617466552
2.29548229548	0.435452255867
2.3199023199	0.581150958465
2.34432234432	0.774328297357
2.36874236874	1.02769214479
2.39316239316	1.32098362615
2.41758241758	1.695272607
2.442002442	2.14711940541
2.46642246642	2.68366294788
2.49084249084	3.31042029775
2.51526251526	4.02920826233
2.53968253968	4.83308230335
2.5641025641	5.77792358744
2.58852258852	6.80473609579
2.61294261294	8.00996330157
2.63736263736	9.20023066639
2.66178266178	10.5588527128
2.6862026862	12.0848093967
2.71062271062	14.0155822838
2.73504273504	15.6322835903
2.75946275946	17.4510729171
2.78388278388	19.4873970102
2.8083028083	21.638281296
2.83272283272	23.6192534625
2.85714285714	26.1151009675
2.88156288156	27.9042873195
2.90598290598	30.1497768141
2.9304029304	32.6913203019
2.95482295482	35.3017279224
2.97924297924	37.8908976089
3.00366300366	40.4858560128
3.02808302808	43.226911043
3.0525030525	45.8038561834
3.07692307692	48.1111290322
3.10134310134	50.9603082719
3.12576312576	53.6691885592
3.15018315018	56.4353443486
3.1746031746	58.6859798501
3.19902319902	61.1097453467
3.22344322344	63.5483195886
3.24786324786	65.6747411928
3.27228327228	68.1763841326
3.2967032967	71.6022243042
3.32112332112	73.6256677831
3.34554334554	76.0172539812
3.36996336996	77.7407873589
3.39438339438	79.894255535
3.4188034188	82.3263808221
3.44322344322	84.5866791392
3.46764346764	85.9697410897
3.49206349206	87.481286437
3.51648351648	88.9282310514
3.5409035409	90.0651304449
3.56532356532	92.1515796169
3.58974358974	93.7794027317
3.61416361416	95.4782799353
3.63858363858	95.988582255
3.663003663	98.0685865644
3.68742368742	100.0
V	%
0.31746031746	0.0
0.34188034188	0.000186825503121
0.3663003663	0.000426739694929
0.39072039072	0.000459753221781
0.41514041514	0.000494449436828
0.43956043956	0.000395408595535
0.46398046398	0.000372316461332
0.4884004884	5.97608946639e-05
0.512820512821	4.62422835971e-05
0.537240537241	0.000219026831805
0.561660561661	0.000473388015323
0.586080586081	0.000291552164698
0.610500610501	0.000105655036425
0.634920634921	0.000143020084902
0.659340659341	0.000225524967589
0.683760683761	0.000381773932361
0.708180708181	0.000268227932074
0.732600732601	0.0002978184599
0.757020757021	0.000500773629888
0.781440781441	0.000652845027347
0.805860805861	0.00055368825997
0.830280830281	0.000248907342873
0.854700854701	0.00040979781396
0.879120879121	0.000639210233805
0.903540903541	0.000445016123705
0.927960927961	0.000151723119461
0.952380952381	0.000153405804758
0.976800976801	0.000288999371786
1.00122100122	0.000370286023854
1.02564102564	0.000130081580826
1.05006105006	0.000433237827815
1.07448107448	0.000530364027347
1.0989010989	0.000325204074466
1.12332112332	0.000124221577362
1.14774114774	0.000137740189878
1.17216117216	0.00049172245784
1.19658119658	0.000363555531812
1.221001221	0.000170405837079
1.24542124542	0.00036175680165
1.26984126984	0.000368545177065
1.29426129426	5.21022870608e-05
1.31868131868	0.000103334218808
1.3431013431	0.000568077087291
1.36752136752	0.000381715904135
1.39194139194	0.0001679689717
1.41636141636	0.000464975095822
1.44078144078	0.000629694879402
1.4652014652	0.000356708997802
1.48962148962	0.000165357907209
1.51404151404	0.000247572795065
1.53846153846	0.000559374185998
1.56288156288	0.000856264394175
1.5873015873	0.000560940701857
1.61172161172	0.0010775538908
1.63614163614	0.00166123896019
1.66056166056	0.00252997742115
1.68498168498	0.00360851783235
1.7094017094	0.00590432489282
1.73382173382	0.00910459443578
1.75824175824	0.014017322464
1.78266178266	0.0212300806343
1.80708180708	0.0317629139219
1.8315018315	0.0471761344096
1.85592185592	0.0687838587832
1.88034188034	0.099483702622
1.90476190476	0.164093950394
1.92918192918	0.232461754976
1.9536019536	0.324172182755
1.97802197802	0.448220714036
2.00244200244	0.610384525175
2.02686202686	0.827784874758
2.05128205128	1.11257198687
2.0757020757	1.48153345055
2.10012210012	1.95701976422
2.12454212454	2.55230910276
2.14896214896	3.26169326173
2.17338217338	4.11046684055
2.1978021978	5.09081903139
2.22222222222	6.21957345698
2.24664224664	7.49066122819
2.27106227106	8.88502647519
2.29548229548	10.438853288
2.3199023199	12.1541404538
2.34432234432	14.0088415486
2.36874236874	16.0524119032
2.39316239316	18.1990508316
2.41758241758	20.4588953551
2.442002442	22.766399217
2.46642246642	25.1162083502
2.49084249084	27.5416784104
2.51526251526	29.9850211933
2.53968253968	32.5719535619
2.5641025641	35.1517403179
2.58852258852	37.8268479235
2.61294261294	40.5728588948
2.63736263736	43.3146918628
2.66178266178	46.1917757923
2.6862026862	49.099841522
2.71062271062	51.9590462104
2.73504273504	54.6573933529
2.75946275946	57.4605955883
2.78388278388	60.077915424
2.8083028083	62.5796510289
2.83272283272	65.1260698166
2.85714285714	67.4991060292
2.88156288156	69.6308557782
2.90598290598	71.6845420634
2.9304029304	73.7239534919
2.95482295482	75.7299844946
2.97924297924	77.7175417784
3.00366300366	79.8358981028
3.02808302808	81.617893799
3.0525030525	83.465672587
3.07692307692	85.2416985896
3.10134310134	86.8323313622
3.12576312576	88.5904151125
3.15018315018	89.9299050243
3.1746031746	91.5624089428
3.19902319902	92.8241598623
3.22344322344	94.1756056747
3.24786324786	95.1682545333
3.27228327228	96.202774538
3.2967032967	97.123687704
3.32112332112	98.2120095506
3.34554334554	99.1030157277
3.36996336996	100.0
V	%
1.14774114774	0.0
1.17216117216	2.45170739356e-05
1.19658119658	0.00019777624598
1.221001221	0.000539671752453
1.24542124542	0.000398770676087
1.26984126984	0.000105617125683
1.29426129426	0.000139496535364
1.31868131868	8.44352616018e-05
1.3431013431	4.88589876404e-05
1.36752136752	0.000390578802134
1.39194139194	0.000432240460662
1.41636141636	0.000394733384911
1.44078144078	0.000377179189821
1.4652014652	0.000115213398937
1.48962148962	0.000156465563835
1.51404151404	0.000332416133314
1.53846153846	0.000542363396772
1.56288156288	0.000689174047396
1.5873015873	0.000761789644803
1.61172161172	0.000697658617144
1.63614163614	0.0013007593247
1.66056166056	0.00224054710208
1.68498168498	0.00375324353956
1.7094017094	0.00552345845868
1.73382173382	0.00889479148229
1.75824175824	0.0140443994135
1.78266178266	0.0212049243231
1.80708180708	0.0316605974824
1.8315018315	0.0472054712942
1.85592185592	0.0693110360305
1.88034188034	0.100157020765
1.90476190476	0.166289686656
1.92918192918	0.235897612723
1.9536019536	0.328424123507
1.97802197802	0.451756545296
2.00244200244	0.616399213897
2.02686202686	0.836704339631
2.05128205128	1.12894195496
2.0757020757	1.51212914523
2.10012210012	2.00353469207
2.12454212454	2.61303489897
2.14896214896	3.34420469824
2.17338217338	4.22655295649
2.1978021978	5.24093269989
2.22222222222	6.40897490145
2.24664224664	7.6923851314
2.27106227106	9.11205270411
2.29548229548	10.6796929894
2.3199023199	12.3957460534
2.34432234432	14.2409827935
2.36874236874	16.1841579919
2.39316239316	18.227677025
2.41758241758	20.405792006
2.442002442	22.7773776509
2.46642246642	25.15557437
2.49084249084	27.5926605597
2.51526251526	30.0856217573
2.53968253968	32.8153222263
2.5641025641	35.6808175624
2.58852258852	38.5204780682
2.61294261294	41.3619368796
2.63736263736	44.1643401734
2.66178266178	47.1241686937
2.6862026862	50.034729336
2.71062271062	52.7043456517
2.73504273504	55.2177317157
2.75946275946	57.7846031301
2.78388278388	60.1928461623
2.8083028083	62.6101027816
2.83272283272	64.943831828
2.85714285714	67.3286399134
2.88156288156	69.8318134712
2.90598290598	72.2845158493
2.9304029304	74.5209165318
2.95482295482	76.7753440965
2.97924297924	79.0153416825
3.00366300366	81.1721262164
3.02808302808	82.8727958638
3.0525030525	84.5553619345
3.07692307692	86.1896805306
3.10134310134	87.5827786995
3.12576312576	89.0603056395
3.15018315018	90.5559190643
3.1746031746	91.6173218713
3.19902319902	92.7390297121
3.22344322344	93.8908986888
3.24786324786	94.9100828008
3.27228327228	95.9654568282
3.2967032967	97.1112970253
3.32112332112	98.148567476
3.34554334554	99.2160161546
3.36996336996	100.0
