Time (s),Channel 1 Voltage (V),Channel 2 Voltage (V)
-1.422596874232e-06,0.003707439,0.008434904
-4.225968742320001e-07,0.3647264562,0.008500770000000005
5.774031257679999e-07,1.1538423446000001,0.008303172000000004
1.577403125768e-06,1.5820393320000001,0.008105574000000004
2.577403125768e-06,1.5820393320000001,0.008303172000000004
3.5774031257679997e-06,1.5820393320000001,0.008500770000000005
4.577403125768e-06,1.5820393320000001,0.008566636000000002
5.577403125768e-06,1.5820393320000001,0.008500770000000005
6.577403125768e-06,1.5820393320000001,0.008500770000000005
7.577403125768e-06,1.5820393320000001,0.008698368000000005
8.577403125768e-06,1.5820393320000001,0.008632502
9.577403125768e-06,1.5820393320000001,0.008500770000000005
1.0577403125768e-05,1.5820393320000001,0.008500770000000005
1.1577403125768e-05,1.5820393320000001,0.008369038000000002
1.2577403125768e-05,1.5820393320000001,0.008303172000000004
1.3577403125767999e-05,1.5820393320000001,0.008171440000000002
1.4577403125768e-05,1.5820393320000001,0.008039708
1.5577403125768e-05,1.5820393320000001,0.008039708
1.6577403125768e-05,1.5820393320000001,0.007907976000000004
1.7577403125767998e-05,1.5820393320000001,0.007907976000000004
1.8577403125768e-05,1.5820393320000001,0.00784211
1.9577403125768e-05,1.5820393320000001,0.00784211
2.0577403125768e-05,1.5820393320000001,0.007973842000000002
2.1577403125768e-05,1.5820393320000001,0.007907976000000004
2.2577403125768e-05,1.5820393320000001,0.008039708
2.3577403125767998e-05,1.5820393320000001,0.008171440000000002
2.4577403125768e-05,1.5820393320000001,0.008039708
2.5577403125768e-05,1.5820393320000001,0.008105574000000004
2.6577403125768e-05,1.5820393320000001,0.008105574000000004
2.7577403125768e-05,1.5820393320000001,0.008171440000000002
2.8577403125767998e-05,1.5820393320000001,0.008105574000000004
2.9577403125768e-05,1.5820393320000001,0.007973842000000002
3.0577403125768e-05,1.5820393320000001,0.008105574000000004
3.1577403125767996e-05,1.5820393320000001,0.008171440000000002
3.2577403125768e-05,1.5820393320000001,0.008171440000000002
3.3577403125768e-05,1.5820393320000001,0.008171440000000002
3.4577403125768e-05,1.5820393320000001,0.008105574000000004
3.5577403125768e-05,1.5820393320000001,0.008237306
3.6577403125767995e-05,1.5820393320000001,0.008237306
3.7577403125768e-05,1.5820393320000001,0.008303172000000004
3.8577403125768e-05,1.5820393320000001,0.008237306
3.9577403125768e-05,1.5820393320000001,0.008171440000000002
4.0577403125768e-05,1.5820393320000001,0.008039708
4.1577403125767995e-05,1.5820393320000001,0.007973842000000002
4.2577403125768e-05,1.5820393320000001,0.008237306
4.3577403125767996e-05,1.5820393320000001,0.008237306
4.4577403125768e-05,1.5820393320000001,0.008105574000000004
4.5577403125768e-05,1.5820393320000001,0.008237306
4.6577403125768e-05,1.5820393320000001,0.008434904
4.7577403125768e-05,1.5820393320000001,0.008303172000000004
4.8577403125767996e-05,1.5820393320000001,0.008237306
4.9577403125768e-05,1.5820393320000001,0.008171440000000002
5.0577403125768e-05,1.5820393320000001,0.008105574000000004
5.1577403125768e-05,1.5820393320000001,0.008039708
5.2577403125768e-05,1.5820393320000001,0.008171440000000002
5.3577403125767995e-05,1.5820393320000001,0.008434904
5.4577403125768e-05,1.5820393320000001,0.008500770000000005
5.5577403125767997e-05,1.5820393320000001,0.008303172000000004
5.6577403125768e-05,1.5820393320000001,0.008237306
5.7577403125768e-05,1.5820393320000001,0.008500770000000005
5.8577403125767995e-05,1.5820393320000001,0.008500770000000005
5.9577403125768e-05,1.5820393320000001,0.008369038000000002
6.0577403125768e-05,1.5820393320000001,0.008039708
6.1577403125768e-05,1.5820393320000001,0.007973842000000002
6.257740312576799e-05,1.5820393320000001,0.008105574000000004
6.357740312576799e-05,1.5820393320000001,0.007907976000000004
6.457740312576798e-05,1.5820393320000001,0.007973842000000002
6.5577403125768e-05,1.5820393320000001,0.007973842000000002
6.657740312576799e-05,1.5820393320000001,0.007907976000000004
6.757740312576799e-05,1.5820393320000001,0.008039708
6.857740312576799e-05,1.5820393320000001,0.008039708
6.957740312576798e-05,1.5820393320000001,0.008237306
7.0577403125768e-05,1.5820393320000001,0.008303172000000004
7.157740312576799e-05,1.5820393320000001,0.008105574000000004
7.257740312576799e-05,1.5820393320000001,0.008171440000000002
7.357740312576799e-05,1.5820393320000001,0.008303172000000004
7.457740312576798e-05,1.5820393320000001,0.008434904
7.5577403125768e-05,1.5820393320000001,0.008369038000000002
7.657740312576799e-05,1.5820393320000001,0.008237306
7.757740312576799e-05,1.5820393320000001,0.008303172000000004
7.857740312576799e-05,1.5820393320000001,0.008500770000000005
7.957740312576798e-05,1.5820393320000001,0.008500770000000005
8.0577403125768e-05,1.5820393320000001,0.008237306
8.157740312576799e-05,1.5820393320000001,0.008303172000000004
8.257740312576799e-05,1.5820393320000001,0.008566636000000002
8.357740312576799e-05,1.5820393320000001,0.008369038000000002
8.457740312576798e-05,1.5820393320000001,0.008105574000000004
8.5577403125768e-05,1.5820393320000001,0.008039708
8.657740312576799e-05,1.5820393320000001,0.008237306
8.757740312576799e-05,1.5820393320000001,0.008369038000000002
8.857740312576799e-05,1.5820393320000001,0.008237306
8.957740312576798e-05,1.5820393320000001,0.008237306
9.0577403125768e-05,1.5820393320000001,0.008434904
9.157740312576799e-05,1.5820393320000001,0.008500770000000005
9.257740312576799e-05,1.5820393320000001,0.008434904
9.357740312576799e-05,1.5820393320000001,0.008434904
9.4577403125768e-05,1.5820393320000001,0.008434904
9.557740312576799e-05,1.5820393320000001,0.008237306
9.657740312576799e-05,1.5820393320000001,0.008237306
9.757740312576799e-05,1.5820393320000001,0.008632502
9.857740312576798e-05,1.5820393320000001,0.008698368000000005
9.9577403125768e-05,1.5820393320000001,0.008632502
0.00010057740312576799,1.5820393320000001,0.008764234000000003
0.00010157740312576799,1.5820393320000001,0.0088301
0.00010257740312576799,1.5820393320000001,0.008961832000000003
0.00010357740312576798,1.5820393320000001,0.008764234000000003
0.000104577403125768,1.5820393320000001,0.008566636000000002
0.00010557740312576799,1.5820393320000001,0.008566636000000002
0.00010657740312576799,1.5820393320000001,0.008566636000000002
0.00010757740312576799,1.5820393320000001,0.008566636000000002
0.00010857740312576798,1.5820393320000001,0.008764234000000003
0.000109577403125768,1.5820393320000001,0.008895966000000005
0.00011057740312576799,1.5820393320000001,0.0088301
0.00011157740312576799,1.5820393320000001,0.008764234000000003
0.00011257740312576799,1.5820393320000001,0.008764234000000003
0.00011357740312576798,1.5820393320000001,0.008632502
0.000114577403125768,1.5820393320000001,0.008698368000000005
0.00011557740312576799,1.5820393320000001,0.008895966000000005
0.00011657740312576799,1.5820393320000001,0.008764234000000003
0.00011757740312576799,1.5820393320000001,0.008764234000000003
0.00011857740312576798,1.5820393320000001,0.008632502
0.000119577403125768,1.5820393320000001,0.008566636000000002
0.00012057740312576799,1.5820393320000001,0.0088301
0.00012157740312576797,1.5820393320000001,0.008764234000000003
0.000122577403125768,1.5820393320000001,0.008632502
0.000123577403125768,1.5820393320000001,0.008632502
0.000124577403125768,1.5820393320000001,0.008698368000000005
0.000125577403125768,1.5820393320000001,0.008764234000000003
0.000126577403125768,1.5820393320000001,0.0088301
0.00012757740312576798,1.5820393320000001,0.008698368000000005
0.00012857740312576798,1.5820393320000001,0.008632502
0.00012957740312576798,1.5820393320000001,0.008698368000000005
0.00013057740312576798,1.5820393320000001,0.008632502
0.000131577403125768,1.5820393320000001,0.008500770000000005
0.000132577403125768,1.5820393320000001,0.008566636000000002
0.000133577403125768,1.5820393320000001,0.008566636000000002
0.000134577403125768,1.5820393320000001,0.008566636000000002
0.000135577403125768,1.5820393320000001,0.008566636000000002
0.000136577403125768,1.5820393320000001,0.008566636000000002
0.00013757740312576798,1.5820393320000001,0.0088301
0.00013857740312576798,1.5820393320000001,0.0088301
0.00013957740312576798,1.5820393320000001,0.0088301
0.00014057740312576798,1.5820393320000001,0.008895966000000005
0.000141577403125768,1.5820393320000001,0.0088301
0.000142577403125768,1.5820393320000001,0.008764234000000003
0.000143577403125768,1.5820393320000001,0.008500770000000005
0.000144577403125768,1.5820393320000001,0.008632502
0.000145577403125768,1.5820393320000001,0.008764234000000003
0.00014657740312576799,1.5820393320000001,0.0088301
0.00014757740312576798,1.5820393320000001,0.0088301
0.00014857740312576798,1.5820393320000001,0.008698368000000005
0.00014957740312576798,1.5820393320000001,0.008764234000000003
0.00015057740312576797,1.5820393320000001,0.008632502
0.000151577403125768,1.5820393320000001,0.008698368000000005
0.000152577403125768,1.5820393320000001,0.0088301
0.000153577403125768,1.5820393320000001,0.008632502
0.000154577403125768,1.5820393320000001,0.008500770000000005
0.000155577403125768,1.5820393320000001,0.008237306
0.00015657740312576798,1.5820393320000001,0.008434904
0.00015757740312576798,1.5820393320000001,0.008698368000000005
0.00015857740312576798,1.5820393320000001,0.008566636000000002
0.00015957740312576798,1.5820393320000001,0.008698368000000005
0.00016057740312576797,1.5820393320000001,0.008632502
0.000161577403125768,1.5820393320000001,0.008632502
0.000162577403125768,1.5820393320000001,0.008632502
0.000163577403125768,1.5820393320000001,0.008566636000000002
0.000164577403125768,1.5820393320000001,0.008566636000000002
0.000165577403125768,1.5820393320000001,0.008500770000000005
0.00016657740312576798,1.5820393320000001,0.008500770000000005
0.00016757740312576798,1.5820393320000001,0.008698368000000005
0.00016857740312576798,1.5820393320000001,0.008895966000000005
0.00016957740312576798,1.5820393320000001,0.009027698
0.00017057740312576797,1.5820393320000001,0.009027698
0.000171577403125768,1.5820393320000001,0.0088301
0.000172577403125768,1.5820393320000001,0.008698368000000005
0.000173577403125768,1.5820393320000001,0.008434904
0.000174577403125768,1.5820393320000001,0.008434904
0.00017557740312576799,1.5820393320000001,0.008566636000000002
0.00017657740312576798,1.5820393320000001,0.008500770000000005
0.00017757740312576798,1.5820393320000001,0.008632502
0.00017857740312576798,1.5820393320000001,0.008764234000000003
0.00017957740312576797,1.5820393320000001,0.008764234000000003
0.00018057740312576797,1.5820393320000001,0.008698368000000005
0.000181577403125768,1.5820393320000001,0.008698368000000005
0.000182577403125768,1.5820393320000001,0.008698368000000005
0.000183577403125768,1.5820393320000001,0.008698368000000005
0.000184577403125768,1.5820393320000001,0.008764234000000003
0.00018557740312576799,1.5820393320000001,0.008632502
0.00018657740312576798,1.5820393320000001,0.008566636000000002
0.00018757740312576798,1.5820393320000001,0.008698368000000005
0.00018857740312576798,1.5820393320000001,0.008961832000000003
0.00018957740312576797,1.5820393320000001,0.009093564000000005
0.000190577403125768,1.5820393320000001,0.0088301
0.000191577403125768,1.5820393320000001,0.008764234000000003
0.000192577403125768,1.5820393320000001,0.009027698
0.000193577403125768,1.5820393320000001,0.0088301
0.000194577403125768,1.5820393320000001,0.008698368000000005
0.00019557740312576798,1.5820393320000001,0.008632502
0.00019657740312576798,1.5820393320000001,0.008698368000000005
0.00019757740312576798,1.5820393320000001,0.008632502
0.00019857740312576798,1.5820393320000001,0.008566636000000002
0.00019957740312576797,1.5820393320000001,0.008632502
0.000200577403125768,1.5820393320000001,0.008632502
0.000201577403125768,1.5820393320000001,0.008764234000000003
0.000202577403125768,1.5820393320000001,0.008632502
0.000203577403125768,1.5820393320000001,0.008566636000000002
0.00020457740312576799,1.5820393320000001,0.008632502
0.00020557740312576798,1.5820393320000001,0.008698368000000005
0.00020657740312576798,1.5820393320000001,0.008764234000000003
0.00020757740312576798,1.5820393320000001,0.008764234000000003
0.00020857740312576798,1.5820393320000001,0.0088301
0.00020957740312576797,1.5820393320000001,0.009027698
0.000210577403125768,1.5820393320000001,0.008764234000000003
0.000211577403125768,1.5820393320000001,0.008500770000000005
0.000212577403125768,1.5820393320000001,0.008500770000000005
0.000213577403125768,1.5820393320000001,0.008500770000000005
0.00021457740312576799,1.5820393320000001,0.008500770000000005
0.00021557740312576798,1.5820393320000001,0.008434904
0.00021657740312576798,1.5820393320000001,0.008434904
0.00021757740312576798,1.5820393320000001,0.008566636000000002
0.00021857740312576797,1.5820393320000001,0.008632502
0.00021957740312576797,1.5820393320000001,0.008698368000000005
0.000220577403125768,1.5820393320000001,0.008632502
0.000221577403125768,1.5820393320000001,0.008566636000000002
0.000222577403125768,1.5820393320000001,0.008434904
0.000223577403125768,1.5820393320000001,0.008369038000000002
0.00022457740312576798,1.5820393320000001,0.008434904
0.00022557740312576798,1.5820393320000001,0.008303172000000004
0.00022657740312576798,1.5820393320000001,0.008303172000000004
0.00022757740312576798,1.5820393320000001,0.008434904
0.00022857740312576797,1.5820393320000001,0.008434904
0.00022957740312576797,1.5820393320000001,0.008566636000000002
0.000230577403125768,1.5820393320000001,0.008303172000000004
0.000231577403125768,1.5820393320000001,0.008500770000000005
0.000232577403125768,1.5820393320000001,0.008698368000000005
0.00023357740312576799,1.5820393320000001,0.008500770000000005
0.00023457740312576798,1.5820393320000001,0.008566636000000002
0.00023557740312576798,1.5820393320000001,0.008369038000000002
0.00023657740312576798,1.5820393320000001,0.008171440000000002
0.00023757740312576798,1.5820393320000001,0.007973842000000002
0.00023857740312576797,1.5820393320000001,0.007907976000000004
0.00023957740312576797,1.5820393320000001,0.008171440000000002
0.000240577403125768,1.5820393320000001,0.008237306
0.000241577403125768,1.5820393320000001,0.008237306
0.000242577403125768,1.5820393320000001,0.008171440000000002
0.00024357740312576799,1.5820393320000001,0.008171440000000002
0.00024457740312576796,1.5820393320000001,0.008171440000000002
0.000245577403125768,1.5820393320000001,0.00784211
0.000246577403125768,1.5820393320000001,0.007973842000000002
0.000247577403125768,1.5820393320000001,0.008039708
0.000248577403125768,1.5820393320000001,0.007776244000000002
0.00024957740312576797,1.5820393320000001,0.007776244000000002
0.000250577403125768,1.5820393320000001,0.007776244000000002
0.00025157740312576796,1.5820393320000001,0.007907976000000004
0.000252577403125768,1.5820393320000001,0.007973842000000002
0.00025357740312576796,1.5820393320000001,0.007907976000000004
0.000254577403125768,1.5820393320000001,0.008105574000000004
0.000255577403125768,1.5820393320000001,0.008171440000000002
0.000256577403125768,1.5820393320000001,0.008105574000000004
0.000257577403125768,1.5820393320000001,0.007973842000000002
0.00025857740312576797,1.5820393320000001,0.00784211
0.000259577403125768,1.5820393320000001,0.00784211
0.00026057740312576797,1.5820393320000001,0.007644511999999999
0.000261577403125768,1.5820393320000001,0.007710378000000004
0.00026257740312576796,1.5820393320000001,0.007907976000000004
0.000263577403125768,1.5820393320000001,0.007907976000000004
0.000264577403125768,1.5820393320000001,0.007973842000000002
0.000265577403125768,1.5820393320000001,0.007973842000000002
0.000266577403125768,1.5820393320000001,0.007907976000000004
0.00026757740312576797,1.5820393320000001,0.007907976000000004
0.000268577403125768,1.5820393320000001,0.008105574000000004
0.00026957740312576797,1.5820393320000001,0.008039708
0.000270577403125768,1.5820393320000001,0.007907976000000004
0.00027157740312576796,1.5820393320000001,0.008039708
0.000272577403125768,1.5820393320000001,0.008039708
0.00027357740312576796,1.5820393320000001,0.007644511999999999
0.000274577403125768,1.5820393320000001,0.007512780000000004
0.000275577403125768,1.5820393320000001,0.007512780000000004
0.000276577403125768,1.5820393320000001,0.007644511999999999
0.000277577403125768,1.5820393320000001,0.007644511999999999
0.00027857740312576797,1.5820393320000001,0.00784211
0.000279577403125768,1.5820393320000001,0.008039708
0.00028057740312576796,1.5820393320000001,0.007776244000000002
0.000281577403125768,1.5820393320000001,0.007644511999999999
0.00028257740312576796,1.5820393320000001,0.007710378000000004
0.000283577403125768,1.5820393320000001,0.007644511999999999
0.000284577403125768,1.5820393320000001,0.007644511999999999
0.000285577403125768,1.5820393320000001,0.007710378000000004
0.000286577403125768,1.5820393320000001,0.00784211
0.00028757740312576797,1.5820393320000001,0.007710378000000004
0.000288577403125768,1.5820393320000001,0.007512780000000004
0.00028957740312576797,1.5820393320000001,0.007512780000000004
0.000290577403125768,1.5820393320000001,0.007512780000000004
0.00029157740312576796,1.5820393320000001,0.007578646000000001
0.000292577403125768,1.5820393320000001,0.007512780000000004
0.00029357740312576795,1.5820393320000001,0.007512780000000004
0.000294577403125768,1.5820393320000001,0.007644511999999999
0.000295577403125768,1.5820393320000001,0.007776244000000002
0.00029657740312576797,1.5820393320000001,0.007644511999999999
0.000297577403125768,1.5820393320000001,0.007578646000000001
0.00029857740312576797,1.5820393320000001,0.007644511999999999
0.000299577403125768,1.5820393320000001,0.007710378000000004
0.00030057740312576796,1.5820393320000001,0.007644511999999999
0.000301577403125768,1.5820393320000001,0.007644511999999999
0.00030257740312576796,1.5820393320000001,0.00784211
0.000303577403125768,1.5820393320000001,0.007973842000000002
0.000304577403125768,1.5820393320000001,0.007973842000000002
0.000305577403125768,1.5820393320000001,0.007776244000000002
0.000306577403125768,1.5820393320000001,0.007644511999999999
0.00030757740312576797,1.5820393320000001,0.007710378000000004
0.000308577403125768,1.5820393320000001,0.007710378000000004
0.00030957740312576796,1.5820393320000001,0.007776244000000002
0.000310577403125768,1.5820393320000001,0.007776244000000002
0.00031157740312576796,1.5820393320000001,0.007776244000000002
0.000312577403125768,1.5820393320000001,0.007644511999999999
0.00031357740312576795,1.5820393320000001,0.007512780000000004
0.000314577403125768,1.5820393320000001,0.007381048000000001
0.000315577403125768,1.5820393320000001,0.007183450000000001
0.00031657740312576797,1.5820393320000001,0.007183450000000001
0.000317577403125768,1.5820393320000001,0.007117584000000003
0.00031857740312576797,1.5820393320000001,0.007249316000000006
0.000319577403125768,1.5820393320000001,0.007315182000000003
0.00032057740312576796,1.5820393320000001,0.007117584000000003
0.000321577403125768,1.5820393320000001,0.007249316000000006
0.00032257740312576795,1.5820393320000001,0.007249316000000006
0.000323577403125768,1.5820393320000001,0.007381048000000001
0.000324577403125768,1.5820393320000001,0.007381048000000001
0.00032557740312576797,1.5820393320000001,0.007249316000000006
0.000326577403125768,1.5820393320000001,0.007381048000000001
0.00032757740312576797,1.5820393320000001,0.007446914000000006
0.000328577403125768,1.5820393320000001,0.007446914000000006
0.00032957740312576796,1.5820393320000001,0.007578646000000001
0.000330577403125768,1.5820393320000001,0.007578646000000001
0.00033157740312576796,1.5820393320000001,0.007512780000000004
0.000332577403125768,1.5820393320000001,0.007381048000000001
0.000333577403125768,1.5820393320000001,0.007381048000000001
0.000334577403125768,1.5820393320000001,0.007644511999999999
0.000335577403125768,1.5820393320000001,0.007578646000000001
0.00033657740312576797,1.5820393320000001,0.007381048000000001
0.000337577403125768,1.5820393320000001,0.007249316000000006
0.00033857740312576796,1.5820393320000001,0.007249316000000006
0.000339577403125768,1.5820393320000001,0.007446914000000006
0.00034057740312576796,1.5820393320000001,0.007315182000000003
0.000341577403125768,1.5820393320000001,0.007446914000000006
0.00034257740312576795,1.5820393320000001,0.007512780000000004
0.000343577403125768,1.5820393320000001,0.007381048000000001
0.000344577403125768,1.5820393320000001,0.007381048000000001
0.00034557740312576797,1.5820393320000001,0.007446914000000006
0.000346577403125768,1.5820393320000001,0.007710378000000004
0.00034757740312576797,1.5820393320000001,0.007446914000000006
0.000348577403125768,1.5820393320000001,0.007381048000000001
0.00034957740312576796,1.5820393320000001,0.007446914000000006
0.000350577403125768,1.5820393320000001,0.007512780000000004
0.00035157740312576795,1.5820393320000001,0.007710378000000004
0.000352577403125768,1.5820393320000001,0.007512780000000004
0.000353577403125768,1.5820393320000001,0.007644511999999999
0.000354577403125768,1.5820393320000001,0.00784211
0.000355577403125768,1.5820393320000001,0.007710378000000004
0.00035657740312576797,1.5820393320000001,0.007578646000000001
0.000357577403125768,1.5820393320000001,0.007644511999999999
0.00035857740312576796,1.5820393320000001,0.007776244000000002
0.000359577403125768,1.5820393320000001,0.007710378000000004
0.00036057740312576796,1.5820393320000001,0.007710378000000004
0.000361577403125768,1.5820393320000001,0.007710378000000004
0.00036257740312576795,1.5820393320000001,0.007710378000000004
0.000363577403125768,1.5820393320000001,0.007710378000000004
0.000364577403125768,1.5820393320000001,0.007710378000000004
0.00036557740312576797,1.5820393320000001,0.007710378000000004
0.000366577403125768,1.5820393320000001,0.007776244000000002
0.00036757740312576796,1.5820393320000001,0.007776244000000002
0.000368577403125768,1.5820393320000001,0.007644511999999999
0.00036957740312576796,1.5820393320000001,0.007644511999999999
0.000370577403125768,1.5820393320000001,0.007644511999999999
0.00037157740312576795,1.5820393320000001,0.007776244000000002
0.000372577403125768,1.5820393320000001,0.00784211
0.000373577403125768,1.5820393320000001,0.007710378000000004
0.00037457740312576797,1.5820393320000001,0.007776244000000002
0.000375577403125768,1.5820393320000001,0.007644511999999999
0.00037657740312576797,1.5820393320000001,0.007776244000000002
0.000377577403125768,1.5820393320000001,0.00784211
0.00037857740312576796,1.5820393320000001,0.00784211
0.000379577403125768,1.5820393320000001,0.007907976000000004
0.00038057740312576795,1.5820393320000001,0.007776244000000002
0.000381577403125768,1.5820393320000001,0.007907976000000004
0.000382577403125768,1.5820393320000001,0.00784211
0.000383577403125768,1.5820393320000001,0.007644511999999999
0.000384577403125768,1.5820393320000001,0.007710378000000004
0.00038557740312576797,1.5820393320000001,0.007710378000000004
0.000386577403125768,1.5820393320000001,0.007776244000000002
0.00038757740312576796,1.5820393320000001,0.007710378000000004
0.000388577403125768,1.5820393320000001,0.007644511999999999
0.00038957740312576796,1.5820393320000001,0.007578646000000001
0.000390577403125768,1.5820393320000001,0.007381048000000001
0.00039157740312576795,1.5820393320000001,0.007249316000000006
0.000392577403125768,1.5820393320000001,0.007446914000000006
0.000393577403125768,1.5820393320000001,0.007776244000000002
0.00039457740312576797,1.5820393320000001,0.007710378000000004
0.000395577403125768,1.5820393320000001,0.007381048000000001
0.00039657740312576796,1.5820393320000001,0.007381048000000001
0.000397577403125768,1.5820393320000001,0.007644511999999999
0.00039857740312576796,1.5820393320000001,0.007776244000000002
0.000399577403125768,1.5820393320000001,0.007710378000000004
0.00040057740312576795,1.5820393320000001,0.007776244000000002
0.000401577403125768,1.5820393320000001,0.007907976000000004
0.000402577403125768,1.5820393320000001,0.007907976000000004
0.00040357740312576797,1.5820393320000001,0.007973842000000002
0.000404577403125768,1.5820393320000001,0.007973842000000002
0.00040557740312576797,1.5820393320000001,0.008105574000000004
0.000406577403125768,1.5820393320000001,0.007973842000000002
0.00040757740312576796,1.5820393320000001,0.007776244000000002
0.000408577403125768,1.5820393320000001,0.007776244000000002
0.00040957740312576795,1.5820393320000001,0.007776244000000002
0.000410577403125768,1.5820393320000001,0.007710378000000004
0.00041157740312576795,1.5820393320000001,0.007446914000000006
0.000412577403125768,1.5820393320000001,0.007381048000000001
0.000413577403125768,1.5820393320000001,0.007644511999999999
0.00041457740312576797,1.5820393320000001,0.00784211
0.000415577403125768,1.5820393320000001,0.007776244000000002
0.00041657740312576796,1.5820393320000001,0.007776244000000002
0.000417577403125768,1.5820393320000001,0.007644511999999999
0.00041857740312576796,1.5820393320000001,0.007578646000000001
0.000419577403125768,1.5820393320000001,0.007644511999999999
0.00042057740312576795,1.5820393320000001,0.007644511999999999
0.000421577403125768,1.5820393320000001,0.007710378000000004
0.000422577403125768,1.5820393320000001,0.007710378000000004
0.00042357740312576797,1.5820393320000001,0.007776244000000002
0.000424577403125768,1.5820393320000001,0.007710378000000004
0.00042557740312576796,1.5820393320000001,0.007710378000000004
0.000426577403125768,1.5820393320000001,0.007644511999999999
0.00042757740312576796,1.5820393320000001,0.007381048000000001
0.000428577403125768,1.5820393320000001,0.007315182000000003
0.00042957740312576795,1.5820393320000001,0.007381048000000001
0.000430577403125768,1.5820393320000001,0.007315182000000003
0.00043157740312576795,1.5820393320000001,0.007446914000000006
0.00043257740312576797,1.5820393320000001,0.007446914000000006
0.000433577403125768,1.5820393320000001,0.007315182000000003
0.00043457740312576797,1.5820393320000001,0.007644511999999999
0.000435577403125768,1.5820393320000001,0.00784211
0.00043657740312576796,1.5820393320000001,0.007776244000000002
0.000437577403125768,1.5820393320000001,0.007776244000000002
0.00043857740312576795,1.5820393320000001,0.007710378000000004
0.000439577403125768,1.5820393320000001,0.007776244000000002
0.00044057740312576795,1.5820393320000001,0.007776244000000002
0.000441577403125768,1.5820393320000001,0.00784211
0.000442577403125768,1.5820393320000001,0.007776244000000002
0.00044357740312576797,1.5820393320000001,0.007710378000000004
0.000444577403125768,1.5820393320000001,0.007578646000000001
0.00044557740312576796,1.5820393320000001,0.007644511999999999
0.000446577403125768,1.5820393320000001,0.00784211
0.00044757740312576796,1.5820393320000001,0.007710378000000004
0.000448577403125768,1.5820393320000001,0.007776244000000002
0.00044957740312576795,1.5820393320000001,0.007710378000000004
0.000450577403125768,1.5820393320000001,0.007578646000000001
0.000451577403125768,1.5820393320000001,0.007776244000000002
0.00045257740312576797,1.5820393320000001,0.007907976000000004
0.000453577403125768,1.5820393320000001,0.007907976000000004
0.00045457740312576796,1.5820393320000001,0.007973842000000002
0.000455577403125768,1.5820393320000001,0.007973842000000002
0.00045657740312576796,1.5820393320000001,0.00784211
0.000457577403125768,1.5820393320000001,0.007907976000000004
0.00045857740312576795,1.5820393320000001,0.007907976000000004
0.000459577403125768,1.5820393320000001,0.007907976000000004
0.00046057740312576795,1.5820393320000001,0.007973842000000002
0.00046157740312576797,1.5820393320000001,0.00784211
0.000462577403125768,1.5820393320000001,0.007710378000000004
0.00046357740312576797,1.5820393320000001,0.00784211
0.000464577403125768,1.5820393320000001,0.007973842000000002
0.00046557740312576796,1.5820393320000001,0.007973842000000002
0.000466577403125768,1.5820393320000001,0.008039708
0.00046757740312576796,1.5820393320000001,0.008039708
0.000468577403125768,1.5820393320000001,0.007907976000000004
0.00046957740312576795,1.5820393320000001,0.007710378000000004
0.000470577403125768,1.5820393320000001,0.007644511999999999
0.000471577403125768,1.5820393320000001,0.007776244000000002
0.00047257740312576797,1.5820393320000001,0.00784211
0.000473577403125768,1.5820393320000001,0.00784211
0.00047457740312576796,1.5820393320000001,0.007776244000000002
0.000475577403125768,1.5820393320000001,0.00784211
0.00047657740312576796,1.5820393320000001,0.00784211
0.000477577403125768,1.5820393320000001,0.007446914000000006
0.00047857740312576795,1.5820393320000001,0.007512780000000004
0.000479577403125768,1.5820393320000001,0.007776244000000002
0.00048057740312576795,1.5820393320000001,0.007710378000000004
0.00048157740312576797,1.5820393320000001,0.007710378000000004
0.000482577403125768,1.5820393320000001,0.007644511999999999
0.00048357740312576796,1.5820393320000001,0.007710378000000004
0.000484577403125768,1.5820393320000001,0.007710378000000004
0.00048557740312576796,1.5820393320000001,0.007381048000000001
0.000486577403125768,1.5820393320000001,0.007512780000000004
0.00048757740312576795,1.5820393320000001,0.007776244000000002
0.000488577403125768,1.5820393320000001,0.00784211
0.0004895774031257681,1.5820393320000001,0.00784211
0.000490577403125768,1.5820393320000001,0.007776244000000002
0.000491577403125768,1.5820393320000001,0.007776244000000002
0.000492577403125768,1.5820393320000001,0.007776244000000002
0.000493577403125768,1.5820393320000001,0.00784211
0.0004945774031257681,1.5820393320000001,0.007973842000000002
0.000495577403125768,1.5820393320000001,0.007907976000000004
0.000496577403125768,1.5820393320000001,0.007776244000000002
0.000497577403125768,1.5820393320000001,0.007710378000000004
0.0004985774031257681,1.5820393320000001,0.007907976000000004
0.000499577403125768,1.5820393320000001,0.008039708
0.000500577403125768,1.5820393320000001,0.007973842000000002
0.000501577403125768,1.5820393320000001,0.00784211
0.000502577403125768,1.5820393320000001,0.00784211
0.0005035774031257681,1.5820393320000001,0.008039708
0.000504577403125768,1.5820393320000001,0.007973842000000002
0.000505577403125768,1.5820393320000001,0.007644511999999999
0.000506577403125768,1.5820393320000001,0.007644511999999999
0.0005075774031257681,1.5820393320000001,0.007710378000000004
0.000508577403125768,1.5820393320000001,0.007710378000000004
0.000509577403125768,1.5820393320000001,0.007710378000000004
0.000510577403125768,1.5820393320000001,0.007578646000000001
0.000511577403125768,1.5820393320000001,0.007512780000000004
0.0005125774031257681,1.5820393320000001,0.007512780000000004
0.000513577403125768,1.5820393320000001,0.007644511999999999
0.000514577403125768,1.5820393320000001,0.007710378000000004
0.000515577403125768,1.5820393320000001,0.007644511999999999
0.0005165774031257681,1.5820393320000001,0.007776244000000002
0.000517577403125768,1.5820393320000001,0.00784211
0.000518577403125768,1.5820393320000001,0.007776244000000002
0.000519577403125768,1.5820393320000001,0.007776244000000002
0.000520577403125768,1.5820393320000001,0.00784211
0.0005215774031257681,1.5820393320000001,0.00784211
0.000522577403125768,1.5820393320000001,0.007907976000000004
0.000523577403125768,1.5820393320000001,0.007907976000000004
0.000524577403125768,1.5820393320000001,0.007776244000000002
0.0005255774031257681,1.5820393320000001,0.007776244000000002
0.000526577403125768,1.5820393320000001,0.007907976000000004
0.000527577403125768,1.5820393320000001,0.007907976000000004
0.000528577403125768,1.5820393320000001,0.007776244000000002
0.000529577403125768,1.5820393320000001,0.007776244000000002
0.0005305774031257681,1.5820393320000001,0.007644511999999999
0.000531577403125768,1.5820393320000001,0.007512780000000004
0.000532577403125768,1.5820393320000001,0.007578646000000001
0.000533577403125768,1.5820393320000001,0.007710378000000004
0.0005345774031257681,1.5820393320000001,0.007710378000000004
0.000535577403125768,1.5820393320000001,0.007512780000000004
0.000536577403125768,1.5820393320000001,0.007446914000000006
0.000537577403125768,1.5820393320000001,0.007644511999999999
0.0005385774031257681,1.5820393320000001,0.007776244000000002
0.000539577403125768,1.5820393320000001,0.007776244000000002
0.000540577403125768,1.5820393320000001,0.007644511999999999
0.000541577403125768,1.5820393320000001,0.007710378000000004
0.000542577403125768,1.5820393320000001,0.007776244000000002
0.0005435774031257681,1.5820393320000001,0.007776244000000002
0.000544577403125768,1.5820393320000001,0.007644511999999999
0.000545577403125768,1.5820393320000001,0.007710378000000004
0.000546577403125768,1.5820393320000001,0.00784211
0.0005475774031257681,1.5820393320000001,0.007710378000000004
0.000548577403125768,1.5820393320000001,0.007710378000000004
0.000549577403125768,1.5820393320000001,0.007512780000000004
0.000550577403125768,1.5820393320000001,0.007578646000000001
0.000551577403125768,1.5820393320000001,0.007907976000000004
0.0005525774031257681,1.5820393320000001,0.007776244000000002
0.000553577403125768,1.5820393320000001,0.007776244000000002
0.000554577403125768,1.5820393320000001,0.007907976000000004
0.000555577403125768,1.5820393320000001,0.007776244000000002
0.0005565774031257681,1.5820393320000001,0.007644511999999999
0.000557577403125768,1.5820393320000001,0.007907976000000004
0.000558577403125768,1.5820393320000001,0.008237306
0.000559577403125768,1.5820393320000001,0.00784211
0.000560577403125768,1.5820393320000001,0.007710378000000004
0.0005615774031257681,1.5820393320000001,0.00784211
0.000562577403125768,1.5820393320000001,0.007776244000000002
0.000563577403125768,1.5820393320000001,0.007710378000000004
0.000564577403125768,1.5820393320000001,0.007512780000000004
0.0005655774031257681,1.5820393320000001,0.007578646000000001
0.000566577403125768,1.5820393320000001,0.007710378000000004
0.000567577403125768,1.5820393320000001,0.007578646000000001
0.000568577403125768,1.5820393320000001,0.007644511999999999
0.000569577403125768,1.5820393320000001,0.007907976000000004
0.0005705774031257681,1.5820393320000001,0.007907976000000004
0.000571577403125768,1.5820393320000001,0.007907976000000004
0.000572577403125768,1.5820393320000001,0.007973842000000002
0.000573577403125768,1.5820393320000001,0.007907976000000004
0.0005745774031257681,1.5820393320000001,0.007776244000000002
0.000575577403125768,1.5820393320000001,0.00784211
0.000576577403125768,1.5820393320000001,0.007907976000000004
0.000577577403125768,1.5820393320000001,0.007776244000000002
0.000578577403125768,1.5820393320000001,0.007907976000000004
0.0005795774031257681,1.5820393320000001,0.00784211
0.000580577403125768,1.5820393320000001,0.00784211
0.000581577403125768,1.5820393320000001,0.007907976000000004
0.000582577403125768,1.5820393320000001,0.008039708
0.0005835774031257681,1.5820393320000001,0.008237306
0.000584577403125768,1.5820393320000001,0.007973842000000002
0.000585577403125768,1.5820393320000001,0.008039708
0.000586577403125768,1.5820393320000001,0.008171440000000002
0.000587577403125768,1.5820393320000001,0.008105574000000004
0.000588577403125768,1.5820393320000001,0.008303172000000004
0.000589577403125768,1.5820393320000001,0.008237306
0.000590577403125768,1.5820393320000001,0.007907976000000004
0.000591577403125768,1.5820393320000001,0.007973842000000002
0.0005925774031257681,1.5820393320000001,0.007973842000000002
0.000593577403125768,1.5820393320000001,0.008039708
0.000594577403125768,1.5820393320000001,0.008303172000000004
0.000595577403125768,1.5820393320000001,0.008237306
0.0005965774031257681,1.5820393320000001,0.008237306
0.000597577403125768,1.5820393320000001,0.008105574000000004
0.000598577403125768,1.5820393320000001,0.007907976000000004
0.000599577403125768,1.5820393320000001,0.00784211
0.000600577403125768,1.5820393320000001,0.007907976000000004
0.0006015774031257681,1.5820393320000001,0.007907976000000004
0.000602577403125768,1.5820393320000001,0.007710378000000004
0.000603577403125768,1.5820393320000001,0.00784211
0.000604577403125768,1.5820393320000001,0.007973842000000002
0.0006055774031257681,1.5820393320000001,0.007907976000000004
0.000606577403125768,1.5820393320000001,0.007907976000000004
0.000607577403125768,1.5820393320000001,0.007907976000000004
0.000608577403125768,1.5820393320000001,0.007907976000000004
0.000609577403125768,1.5820393320000001,0.00784211
0.0006105774031257681,1.5820393320000001,0.007710378000000004
0.000611577403125768,1.5820393320000001,0.007644511999999999
0.000612577403125768,1.5820393320000001,0.007710378000000004
0.000613577403125768,1.5820393320000001,0.00784211
0.0006145774031257681,1.5820393320000001,0.007644511999999999
0.000615577403125768,1.5820393320000001,0.007512780000000004
0.000616577403125768,1.5820393320000001,0.007644511999999999
0.000617577403125768,1.5820393320000001,0.00784211
0.000618577403125768,1.5820393320000001,0.007907976000000004
0.0006195774031257681,1.5820393320000001,0.007973842000000002
0.000620577403125768,1.5820393320000001,0.007973842000000002
0.000621577403125768,1.5820393320000001,0.007710378000000004
0.000622577403125768,1.5820393320000001,0.007644511999999999
0.0006235774031257681,1.5820393320000001,0.007710378000000004
0.000624577403125768,1.5820393320000001,0.00784211
0.000625577403125768,1.5820393320000001,0.007973842000000002
0.000626577403125768,1.5820393320000001,0.008039708
0.000627577403125768,1.5820393320000001,0.008105574000000004
0.000628577403125768,1.5820393320000001,0.008171440000000002
0.000629577403125768,1.5820393320000001,0.007973842000000002
0.000630577403125768,1.5820393320000001,0.008039708
0.000631577403125768,1.5820393320000001,0.008171440000000002
0.0006325774031257681,1.5820393320000001,0.008105574000000004
0.000633577403125768,1.5820393320000001,0.008237306
0.000634577403125768,1.5820393320000001,0.007973842000000002
0.000635577403125768,1.5820393320000001,0.00784211
0.000636577403125768,1.5820393320000001,0.007973842000000002
0.000637577403125768,1.5820393320000001,0.007973842000000002
0.000638577403125768,1.5820393320000001,0.007776244000000002
0.000639577403125768,1.5820393320000001,0.007710378000000004
0.000640577403125768,1.5820393320000001,0.007907976000000004
0.0006415774031257681,1.5820393320000001,0.007907976000000004
0.000642577403125768,1.5820393320000001,0.007776244000000002
0.000643577403125768,1.5820393320000001,0.00784211
0.000644577403125768,1.5820393320000001,0.008105574000000004
0.000645577403125768,1.5820393320000001,0.008105574000000004
0.000646577403125768,1.5820393320000001,0.007973842000000002
0.000647577403125768,1.5820393320000001,0.007973842000000002
0.000648577403125768,1.5820393320000001,0.007973842000000002
0.000649577403125768,1.5820393320000001,0.007578646000000001
0.0006505774031257681,1.5820393320000001,0.007578646000000001
0.000651577403125768,1.5820393320000001,0.00784211
0.000652577403125768,1.5820393320000001,0.007776244000000002
0.000653577403125768,1.5820393320000001,0.00784211
0.0006545774031257681,1.5820393320000001,0.00784211
0.000655577403125768,1.5820393320000001,0.00784211
0.000656577403125768,1.5820393320000001,0.007776244000000002
0.000657577403125768,1.5820393320000001,0.007776244000000002
0.000658577403125768,1.5820393320000001,0.007907976000000004
0.0006595774031257681,1.5820393320000001,0.007776244000000002
0.000660577403125768,1.5820393320000001,0.00784211
0.000661577403125768,1.5820393320000001,0.008039708
0.000662577403125768,1.5820393320000001,0.008171440000000002
0.0006635774031257681,1.5820393320000001,0.008105574000000004
0.000664577403125768,1.5820393320000001,0.007973842000000002
0.000665577403125768,1.5820393320000001,0.00784211
0.000666577403125768,1.5820393320000001,0.007973842000000002
0.000667577403125768,1.5820393320000001,0.008237306
0.0006685774031257681,1.5820393320000001,0.008303172000000004
0.000669577403125768,1.5820393320000001,0.008105574000000004
0.000670577403125768,1.5820393320000001,0.008237306
0.000671577403125768,1.5820393320000001,0.008303172000000004
0.0006725774031257681,1.5820393320000001,0.008237306
0.000673577403125768,1.5820393320000001,0.008303172000000004
0.000674577403125768,1.5820393320000001,0.008303172000000004
0.000675577403125768,1.5820393320000001,0.008369038000000002
0.000676577403125768,1.5820393320000001,0.008237306
0.000677577403125768,1.5820393320000001,0.008171440000000002
0.000678577403125768,1.5820393320000001,0.008303172000000004
0.000679577403125768,1.5820393320000001,0.008237306
0.000680577403125768,1.5820393320000001,0.008105574000000004
0.0006815774031257681,1.5820393320000001,0.007907976000000004
0.000682577403125768,1.5820393320000001,0.008039708
0.000683577403125768,1.5820393320000001,0.008039708
0.000684577403125768,1.5820393320000001,0.007907976000000004
0.000685577403125768,1.5820393320000001,0.007973842000000002
0.000686577403125768,1.5820393320000001,0.007973842000000002
0.000687577403125768,1.5820393320000001,0.00784211
0.000688577403125768,1.5820393320000001,0.00784211
0.000689577403125768,1.5820393320000001,0.00784211
0.0006905774031257681,1.5820393320000001,0.00784211
0.000691577403125768,1.5820393320000001,0.00784211
0.000692577403125768,1.5820393320000001,0.00784211
0.000693577403125768,1.5820393320000001,0.00784211
0.000694577403125768,1.5820393320000001,0.007907976000000004
0.000695577403125768,1.5820393320000001,0.008171440000000002
0.000696577403125768,1.5820393320000001,0.007973842000000002
0.000697577403125768,1.5820393320000001,0.00784211
0.000698577403125768,1.5820393320000001,0.007973842000000002
0.0006995774031257681,1.5820393320000001,0.007973842000000002
0.000700577403125768,1.5820393320000001,0.007907976000000004
0.000701577403125768,1.5820393320000001,0.00784211
0.000702577403125768,1.5820393320000001,0.00784211
0.000703577403125768,1.5820393320000001,0.007776244000000002
0.000704577403125768,1.5820393320000001,0.007644511999999999
0.000705577403125768,1.5820393320000001,0.007644511999999999
0.000706577403125768,1.5820393320000001,0.007644511999999999
0.000707577403125768,1.5820393320000001,0.007644511999999999
0.0007085774031257681,1.5820393320000001,0.007644511999999999
0.000709577403125768,1.5820393320000001,0.007578646000000001
0.000710577403125768,1.5820393320000001,0.007710378000000004
0.000711577403125768,1.5820393320000001,0.007776244000000002
0.0007125774031257681,1.5820393320000001,0.007776244000000002
0.000713577403125768,1.5820393320000001,0.007776244000000002
0.000714577403125768,1.5820393320000001,0.007776244000000002
0.000715577403125768,1.5820393320000001,0.00784211
0.000716577403125768,1.5820393320000001,0.007776244000000002
0.0007175774031257681,1.5820393320000001,0.00784211
0.000718577403125768,1.5820393320000001,0.00784211
0.000719577403125768,1.5820393320000001,0.007776244000000002
0.000720577403125768,1.5820393320000001,0.007710378000000004
0.0007215774031257681,1.5820393320000001,0.007512780000000004
0.000722577403125768,1.5820393320000001,0.007578646000000001
0.000723577403125768,1.5820393320000001,0.007907976000000004
0.000724577403125768,1.5820393320000001,0.00784211
0.000725577403125768,1.5820393320000001,0.007776244000000002
0.000726577403125768,1.5820393320000001,0.007907976000000004
0.000727577403125768,1.5820393320000001,0.007973842000000002
0.000728577403125768,1.5820393320000001,0.007973842000000002
0.000729577403125768,1.5820393320000001,0.007907976000000004
0.0007305774031257681,1.5820393320000001,0.007907976000000004
0.000731577403125768,1.5820393320000001,0.007973842000000002
0.000732577403125768,1.5820393320000001,0.008039708
0.000733577403125768,1.5820393320000001,0.007973842000000002
0.000734577403125768,1.5820393320000001,0.008105574000000004
0.000735577403125768,1.5820393320000001,0.008237306
0.000736577403125768,1.5820393320000001,0.007907976000000004
0.000737577403125768,1.5820393320000001,0.008105574000000004
0.000738577403125768,1.5820393320000001,0.008303172000000004
0.0007395774031257681,1.5820393320000001,0.007907976000000004
0.000740577403125768,1.5820393320000001,0.007776244000000002
0.000741577403125768,1.5820393320000001,0.007907976000000004
0.000742577403125768,1.5820393320000001,0.00784211
0.000743577403125768,1.5820393320000001,0.007776244000000002
0.000744577403125768,1.5820393320000001,0.007644511999999999
0.000745577403125768,1.5820393320000001,0.007578646000000001
0.000746577403125768,1.5820393320000001,0.007578646000000001
0.000747577403125768,1.5820393320000001,0.007512780000000004
0.0007485774031257681,1.5820393320000001,0.007381048000000001
0.000749577403125768,1.5820393320000001,0.007315182000000003
0.000750577403125768,1.5820393320000001,0.007315182000000003
0.000751577403125768,1.5820393320000001,0.007315182000000003
0.000752577403125768,1.5820393320000001,0.007446914000000006
0.000753577403125768,1.5820393320000001,0.007381048000000001
0.000754577403125768,1.5820393320000001,0.007249316000000006
0.000755577403125768,1.5820393320000001,0.007381048000000001
0.000756577403125768,1.5820393320000001,0.007381048000000001
0.0007575774031257681,1.5820393320000001,0.007446914000000006
0.000758577403125768,1.5820393320000001,0.007512780000000004
0.000759577403125768,1.5820393320000001,0.007446914000000006
0.000760577403125768,1.5820393320000001,0.007315182000000003
0.000761577403125768,1.5820393320000001,0.007183450000000001
0.000762577403125768,1.5820393320000001,0.007315182000000003
0.000763577403125768,1.5820393320000001,0.007381048000000001
0.000764577403125768,1.5820393320000001,0.007315182000000003
0.000765577403125768,1.5820393320000001,0.007446914000000006
0.0007665774031257681,1.5820393320000001,0.007578646000000001
0.000767577403125768,1.5820393320000001,0.007578646000000001
0.000768577403125768,1.5820393320000001,0.007381048000000001
0.000769577403125768,1.5820393320000001,0.007446914000000006
0.0007705774031257681,1.5820393320000001,0.007578646000000001
0.000771577403125768,1.5820393320000001,0.007512780000000004
0.000772577403125768,1.5820393320000001,0.007512780000000004
0.000773577403125768,1.5820393320000001,0.007512780000000004
0.000774577403125768,1.5820393320000001,0.007512780000000004
0.000775577403125768,1.5820393320000001,0.007578646000000001
0.000776577403125768,1.5820393320000001,0.007644511999999999
0.000777577403125768,1.5820393320000001,0.007710378000000004
0.000778577403125768,1.5820393320000001,0.007381048000000001
0.0007795774031257681,1.5820393320000001,0.007249316000000006
0.000780577403125768,1.5820393320000001,0.007578646000000001
0.000781577403125768,1.5820393320000001,0.007644511999999999
0.000782577403125768,1.5820393320000001,0.007578646000000001
0.000783577403125768,1.5820393320000001,0.007644511999999999
0.000784577403125768,1.5820393320000001,0.007644511999999999
0.000785577403125768,1.5820393320000001,0.007710378000000004
0.000786577403125768,1.5820393320000001,0.007512780000000004
0.000787577403125768,1.5820393320000001,0.007578646000000001
0.0007885774031257681,1.5820393320000001,0.007644511999999999
0.000789577403125768,1.5820393320000001,0.007776244000000002
0.000790577403125768,1.5820393320000001,0.007907976000000004
0.000791577403125768,1.5820393320000001,0.007776244000000002
0.000792577403125768,1.5820393320000001,0.007644511999999999
0.000793577403125768,1.5820393320000001,0.007446914000000006
0.000794577403125768,1.5820393320000001,0.007578646000000001
0.000795577403125768,1.5820393320000001,0.007644511999999999
0.000796577403125768,1.5820393320000001,0.007578646000000001
0.0007975774031257681,1.5820393320000001,0.007776244000000002
0.000798577403125768,1.5820393320000001,0.007512780000000004
0.000799577403125768,1.5820393320000001,0.007315182000000003
0.000800577403125768,1.5820393320000001,0.007446914000000006
0.000801577403125768,1.5820393320000001,0.007512780000000004
0.000802577403125768,1.5820393320000001,0.007512780000000004
0.000803577403125768,1.5820393320000001,0.007446914000000006
0.000804577403125768,1.5820393320000001,0.007446914000000006
0.000805577403125768,1.5820393320000001,0.007446914000000006
0.0008065774031257681,1.5820393320000001,0.007446914000000006
0.000807577403125768,1.5820393320000001,0.007512780000000004
0.000808577403125768,1.5820393320000001,0.007512780000000004
0.000809577403125768,1.5820393320000001,0.007644511999999999
0.000810577403125768,1.5820393320000001,0.007644511999999999
0.000811577403125768,1.5820393320000001,0.007578646000000001
0.000812577403125768,1.5820393320000001,0.007644511999999999
0.000813577403125768,1.5820393320000001,0.007644511999999999
0.000814577403125768,1.5820393320000001,0.007512780000000004
0.000815577403125768,1.5820393320000001,0.007512780000000004
0.000816577403125768,1.5820393320000001,0.007381048000000001
0.000817577403125768,1.5820393320000001,0.007381048000000001
0.000818577403125768,1.5820393320000001,0.007578646000000001
0.0008195774031257681,1.5820393320000001,0.007578646000000001
0.000820577403125768,1.5820393320000001,0.007578646000000001
0.000821577403125768,1.5820393320000001,0.007512780000000004
0.000822577403125768,1.5820393320000001,0.007512780000000004
0.000823577403125768,1.5820393320000001,0.007512780000000004
0.000824577403125768,1.5820393320000001,0.007644511999999999
0.000825577403125768,1.5820393320000001,0.007710378000000004
0.000826577403125768,1.5820393320000001,0.007710378000000004
0.000827577403125768,1.5820393320000001,0.007776244000000002
0.0008285774031257681,1.5820393320000001,0.007512780000000004
0.000829577403125768,1.5820393320000001,0.007446914000000006
0.000830577403125768,1.5820393320000001,0.007446914000000006
0.000831577403125768,1.5820393320000001,0.007315182000000003
0.000832577403125768,1.5820393320000001,0.007512780000000004
0.000833577403125768,1.5820393320000001,0.007710378000000004
0.000834577403125768,1.5820393320000001,0.007578646000000001
0.000835577403125768,1.5820393320000001,0.007512780000000004
0.000836577403125768,1.5820393320000001,0.007644511999999999
0.0008375774031257681,1.5820393320000001,0.007776244000000002
0.000838577403125768,1.5820393320000001,0.007578646000000001
0.000839577403125768,1.5820393320000001,0.007512780000000004
0.000840577403125768,1.5820393320000001,0.007644511999999999
0.000841577403125768,1.5820393320000001,0.007644511999999999
0.000842577403125768,1.5820393320000001,0.007644511999999999
0.000843577403125768,1.5820393320000001,0.007512780000000004
0.000844577403125768,1.5820393320000001,0.007512780000000004
0.000845577403125768,1.5820393320000001,0.007776244000000002
0.0008465774031257681,1.5820393320000001,0.007776244000000002
0.000847577403125768,1.5820393320000001,0.007710378000000004
0.000848577403125768,1.5820393320000001,0.007776244000000002
0.000849577403125768,1.5820393320000001,0.007776244000000002
0.000850577403125768,1.5820393320000001,0.007578646000000001
0.000851577403125768,1.5820393320000001,0.007578646000000001
0.000852577403125768,1.5820393320000001,0.007776244000000002
0.000853577403125768,1.5820393320000001,0.007710378000000004
0.000854577403125768,1.5820393320000001,0.007776244000000002
0.0008555774031257681,1.5820393320000001,0.00784211
0.000856577403125768,1.5820393320000001,0.007907976000000004
0.000857577403125768,1.5820393320000001,0.007907976000000004
0.000858577403125768,1.5820393320000001,0.007644511999999999
0.000859577403125768,1.5820393320000001,0.007644511999999999
0.000860577403125768,1.5820393320000001,0.007776244000000002
0.000861577403125768,1.5820393320000001,0.007578646000000001
0.000862577403125768,1.5820393320000001,0.007578646000000001
0.000863577403125768,1.5820393320000001,0.007710378000000004
0.000864577403125768,1.5820393320000001,0.007710378000000004
0.000865577403125768,1.5820393320000001,0.007644511999999999
0.000866577403125768,1.5820393320000001,0.007710378000000004
0.000867577403125768,1.5820393320000001,0.007776244000000002
0.000868577403125768,1.5820393320000001,0.007644511999999999
0.000869577403125768,1.5820393320000001,0.007512780000000004
0.000870577403125768,1.5820393320000001,0.007315182000000003
0.000871577403125768,1.5820393320000001,0.007446914000000006
0.000872577403125768,1.5820393320000001,0.007776244000000002
0.000873577403125768,1.5820393320000001,0.007644511999999999
0.000874577403125768,1.5820393320000001,0.007446914000000006
0.000875577403125768,1.5820393320000001,0.007446914000000006
0.000876577403125768,1.5820393320000001,0.007446914000000006
0.0008775774031257681,1.5820393320000001,0.007446914000000006
0.000878577403125768,1.5820393320000001,0.007381048000000001
0.000879577403125768,1.5820393320000001,0.007183450000000001
0.000880577403125768,1.5820393320000001,0.007117584000000003
0.000881577403125768,1.5820393320000001,0.007183450000000001
0.000882577403125768,1.5820393320000001,0.007381048000000001
0.000883577403125768,1.5820393320000001,0.007446914000000006
0.000884577403125768,1.5820393320000001,0.007315182000000003
0.000885577403125768,1.5820393320000001,0.007512780000000004
0.0008865774031257681,1.5820393320000001,0.007578646000000001
0.000887577403125768,1.5820393320000001,0.007578646000000001
0.000888577403125768,1.5820393320000001,0.007644511999999999
0.000889577403125768,1.5820393320000001,0.007644511999999999
0.000890577403125768,1.5820393320000001,0.007710378000000004
0.000891577403125768,1.5820393320000001,0.007644511999999999
0.000892577403125768,1.5820393320000001,0.007710378000000004
0.000893577403125768,1.5820393320000001,0.007776244000000002
0.000894577403125768,1.5820393320000001,0.007644511999999999
0.0008955774031257681,1.5820393320000001,0.007512780000000004
0.000896577403125768,1.5820393320000001,0.007512780000000004
0.000897577403125768,1.5820393320000001,0.007512780000000004
0.000898577403125768,1.5820393320000001,0.007381048000000001
0.000899577403125768,1.5820393320000001,0.007512780000000004
0.000900577403125768,1.5820393320000001,0.007710378000000004
0.000901577403125768,1.5820393320000001,0.007512780000000004
0.000902577403125768,1.5820393320000001,0.007315182000000003
0.000903577403125768,1.5820393320000001,0.007249316000000006
0.0009045774031257681,1.5820393320000001,0.007249316000000006
0.000905577403125768,1.5820393320000001,0.007051718000000005
0.000906577403125768,1.5820393320000001,0.007117584000000003
0.000907577403125768,1.5820393320000001,0.007512780000000004
0.000908577403125768,1.5820393320000001,0.007644511999999999
0.000909577403125768,1.5820393320000001,0.007446914000000006
0.000910577403125768,1.5820393320000001,0.007183450000000001
0.000911577403125768,1.5820393320000001,0.007249316000000006
0.000912577403125768,1.5820393320000001,0.007512780000000004
0.000913577403125768,1.5820393320000001,0.007512780000000004
0.000914577403125768,1.5820393320000001,0.007512780000000004
0.000915577403125768,1.5820393320000001,0.007644511999999999
0.000916577403125768,1.5820393320000001,0.007776244000000002
0.000917577403125768,1.5820393320000001,0.007907976000000004
0.000918577403125768,1.5820393320000001,0.007907976000000004
0.000919577403125768,1.5820393320000001,0.00784211
0.000920577403125768,1.5820393320000001,0.00784211
0.000921577403125768,1.5820393320000001,0.007907976000000004
0.000922577403125768,1.5820393320000001,0.008039708
0.000923577403125768,1.5820393320000001,0.007973842000000002
0.000924577403125768,1.5820393320000001,0.007776244000000002
0.000925577403125768,1.5820393320000001,0.00784211
0.000926577403125768,1.5820393320000001,0.00784211
0.000927577403125768,1.5820393320000001,0.008039708
0.000928577403125768,1.5820393320000001,0.007907976000000004
0.000929577403125768,1.5820393320000001,0.007776244000000002
0.000930577403125768,1.5820393320000001,0.007710378000000004
0.000931577403125768,1.5820393320000001,0.007381048000000001
0.000932577403125768,1.5820393320000001,0.007381048000000001
0.000933577403125768,1.5820393320000001,0.007578646000000001
0.000934577403125768,1.5820393320000001,0.007710378000000004
0.0009355774031257681,1.5820393320000001,0.007578646000000001
0.000936577403125768,1.5820393320000001,0.007315182000000003
0.000937577403125768,1.5820393320000001,0.007381048000000001
0.000938577403125768,1.5820393320000001,0.007381048000000001
0.000939577403125768,1.5820393320000001,0.007183450000000001
0.000940577403125768,1.5820393320000001,0.007051718000000005
0.000941577403125768,1.5820393320000001,0.007051718000000005
0.000942577403125768,1.5820393320000001,0.007249316000000006
0.000943577403125768,1.5820393320000001,0.007446914000000006
0.0009445774031257681,1.5820393320000001,0.007512780000000004
0.000945577403125768,1.5820393320000001,0.007446914000000006
0.000946577403125768,1.5820393320000001,0.007644511999999999
0.000947577403125768,1.5820393320000001,0.00784211
0.000948577403125768,1.5820393320000001,0.007644511999999999
0.000949577403125768,1.5820393320000001,0.007644511999999999
0.000950577403125768,1.5820393320000001,0.007776244000000002
0.000951577403125768,1.5820393320000001,0.00784211
0.000952577403125768,1.5820393320000001,0.007710378000000004
0.000953577403125768,1.5820393320000001,0.007381048000000001
0.000954577403125768,1.5820393320000001,0.007315182000000003
0.000955577403125768,1.5820393320000001,0.007381048000000001
0.000956577403125768,1.5820393320000001,0.007446914000000006
0.000957577403125768,1.5820393320000001,0.007644511999999999
0.000958577403125768,1.5820393320000001,0.007644511999999999
0.000959577403125768,1.5820393320000001,0.007644511999999999
0.000960577403125768,1.5820393320000001,0.007644511999999999
0.000961577403125768,1.5820393320000001,0.007644511999999999
0.000962577403125768,1.5820393320000001,0.007907976000000004
0.000963577403125768,1.5820393320000001,0.008039708
0.000964577403125768,1.5820393320000001,0.007973842000000002
0.000965577403125768,1.5820393320000001,0.007907976000000004
0.000966577403125768,1.5820393320000001,0.007776244000000002
0.000967577403125768,1.5820393320000001,0.007973842000000002
0.000968577403125768,1.5820393320000001,0.007907976000000004
0.000969577403125768,1.5820393320000001,0.007710378000000004
0.000970577403125768,1.5820393320000001,0.007710378000000004
0.000971577403125768,1.5820393320000001,0.007710378000000004
0.000972577403125768,1.5820393320000001,0.00784211
0.000973577403125768,1.5820393320000001,0.007644511999999999
0.000974577403125768,1.5820393320000001,0.007644511999999999
0.000975577403125768,1.5820393320000001,0.007973842000000002
0.000976577403125768,1.5820393320000001,0.007907976000000004
0.000977577403125768,1.5820393320000001,0.007776244000000002
0.000978577403125768,1.5820393320000001,0.007907976000000004
0.000979577403125768,1.5820393320000001,0.007973842000000002
0.000980577403125768,1.5820393320000001,0.00784211
0.000981577403125768,1.5820393320000001,0.007973842000000002
0.000982577403125768,1.5820393320000001,0.008105574000000004
0.000983577403125768,1.5820393320000001,0.007907976000000004
0.000984577403125768,1.5820393320000001,0.007776244000000002
0.000985577403125768,1.5820393320000001,0.007776244000000002
0.000986577403125768,1.5820393320000001,0.007907976000000004
0.000987577403125768,1.5820393320000001,0.008039708
0.000988577403125768,1.5820393320000001,0.007776244000000002
0.000989577403125768,1.5820393320000001,0.007644511999999999
0.000990577403125768,1.5820393320000001,0.007776244000000002
0.000991577403125768,1.5820393320000001,0.007973842000000002
0.000992577403125768,1.5820393320000001,0.008105574000000004
0.000993577403125768,1.5820393320000001,0.00784211
0.000994577403125768,1.5820393320000001,0.008039708
0.000995577403125768,1.5820393320000001,0.008105574000000004
0.000996577403125768,1.5820393320000001,0.00784211
0.000997577403125768,1.5820393320000001,0.007710378000000004
0.000998577403125768,1.5820393320000001,0.007644511999999999
0.000999577403125768,1.5820393320000001,0.007644511999999999
0.001000577403125768,1.5820393320000001,0.007710378000000004
0.001001577403125768,1.5820393320000001,0.007710378000000004
