Time (s),Channel 1 Voltage (V),Channel 2 Voltage (V)
-1.362657339479e-06,0.0044583105,0.008566636000000002
-3.6265733947899997e-07,0.40712566689999996,0.008434904
6.37342660521e-07,1.1954906838000001,0.008369038000000002
1.6373426605210002e-06,1.5820393320000001,0.008369038000000002
2.637342660521e-06,1.5820393320000001,0.008303172000000004
3.637342660521e-06,1.5820393320000001,0.008303172000000004
4.6373426605210004e-06,1.5820393320000001,0.008303172000000004
5.637342660521e-06,1.5820393320000001,0.008303172000000004
6.637342660521e-06,1.5820393320000001,0.008303172000000004
7.637342660521e-06,1.5820393320000001,0.008303172000000004
8.637342660521e-06,1.5820393320000001,0.008500770000000005
9.637342660521e-06,1.5820393320000001,0.008632502
1.0637342660521e-05,1.5820393320000001,0.008434904
1.1637342660521e-05,1.5820393320000001,0.008171440000000002
1.2637342660521e-05,1.5820393320000001,0.008105574000000004
1.3637342660520999e-05,1.5820393320000001,0.008369038000000002
1.4637342660521e-05,1.5820393320000001,0.008369038000000002
1.5637342660521e-05,1.5820393320000001,0.008369038000000002
1.6637342660521e-05,1.5820393320000001,0.008500770000000005
1.7637342660520998e-05,1.5820393320000001,0.008632502
1.8637342660521e-05,1.5820393320000001,0.008632502
1.9637342660521e-05,1.5820393320000001,0.008369038000000002
2.0637342660521e-05,1.5820393320000001,0.008632502
2.1637342660521e-05,1.5820393320000001,0.008698368000000005
2.2637342660521e-05,1.5820393320000001,0.008434904
2.3637342660520998e-05,1.5820393320000001,0.008566636000000002
2.4637342660521e-05,1.5820393320000001,0.008764234000000003
2.5637342660521e-05,1.5820393320000001,0.008764234000000003
2.6637342660521e-05,1.5820393320000001,0.008698368000000005
2.7637342660521e-05,1.5820393320000001,0.0088301
2.8637342660520998e-05,1.5820393320000001,0.008895966000000005
2.9637342660521e-05,1.5820393320000001,0.008895966000000005
3.0637342660520995e-05,1.5820393320000001,0.008895966000000005
3.163734266052099e-05,1.5820393320000001,0.0088301
3.2637342660521e-05,1.5820393320000001,0.0088301
3.3637342660520994e-05,1.5820393320000001,0.008698368000000005
3.4637342660521e-05,1.5820393320000001,0.008566636000000002
3.5637342660520995e-05,1.5820393320000001,0.008632502
3.663734266052099e-05,1.5820393320000001,0.008632502
3.7637342660520996e-05,1.5820393320000001,0.008566636000000002
3.8637342660520993e-05,1.5820393320000001,0.008632502
3.9637342660521e-05,1.5820393320000001,0.008698368000000005
4.0637342660520995e-05,1.5820393320000001,0.008764234000000003
4.163734266052099e-05,1.5820393320000001,0.0088301
4.2637342660520996e-05,1.5820393320000001,0.008632502
4.363734266052099e-05,1.5820393320000001,0.008632502
4.4637342660521e-05,1.5820393320000001,0.008632502
4.5637342660520994e-05,1.5820393320000001,0.008566636000000002
4.6637342660521e-05,1.5820393320000001,0.008566636000000002
4.7637342660520995e-05,1.5820393320000001,0.008698368000000005
4.863734266052099e-05,1.5820393320000001,0.008895966000000005
4.9637342660520997e-05,1.5820393320000001,0.008895966000000005
5.0637342660520994e-05,1.5820393320000001,0.009027698
5.1637342660521e-05,1.5820393320000001,0.0088301
5.2637342660520995e-05,1.5820393320000001,0.008698368000000005
5.363734266052099e-05,1.5820393320000001,0.008895966000000005
5.4637342660520996e-05,1.5820393320000001,0.008698368000000005
5.563734266052099e-05,1.5820393320000001,0.0088301
5.6637342660521e-05,1.5820393320000001,0.009159430000000003
5.7637342660520994e-05,1.5820393320000001,0.009093564000000005
5.863734266052099e-05,1.5820393320000001,0.009027698
5.9637342660520996e-05,1.5820393320000001,0.008961832000000003
6.0637342660521e-05,1.5820393320000001,0.008895966000000005
6.1637342660521e-05,1.5820393320000001,0.008961832000000003
6.2637342660521e-05,1.5820393320000001,0.008961832000000003
6.3637342660521e-05,1.5820393320000001,0.0088301
6.4637342660521e-05,1.5820393320000001,0.0088301
6.5637342660521e-05,1.5820393320000001,0.008961832000000003
6.6637342660521e-05,1.5820393320000001,0.008764234000000003
6.7637342660521e-05,1.5820393320000001,0.008698368000000005
6.8637342660521e-05,1.5820393320000001,0.008895966000000005
6.9637342660521e-05,1.5820393320000001,0.008698368000000005
7.0637342660521e-05,1.5820393320000001,0.008500770000000005
7.1637342660521e-05,1.5820393320000001,0.008500770000000005
7.2637342660521e-05,1.5820393320000001,0.008500770000000005
7.3637342660521e-05,1.5820393320000001,0.008566636000000002
7.4637342660521e-05,1.5820393320000001,0.008369038000000002
7.5637342660521e-05,1.5820393320000001,0.008171440000000002
7.6637342660521e-05,1.5820393320000001,0.008369038000000002
7.7637342660521e-05,1.5820393320000001,0.008566636000000002
7.8637342660521e-05,1.5820393320000001,0.008434904
7.9637342660521e-05,1.5820393320000001,0.008303172000000004
8.0637342660521e-05,1.5820393320000001,0.008632502
8.1637342660521e-05,1.5820393320000001,0.008764234000000003
8.2637342660521e-05,1.5820393320000001,0.008698368000000005
8.3637342660521e-05,1.5820393320000001,0.008632502
8.4637342660521e-05,1.5820393320000001,0.008500770000000005
8.5637342660521e-05,1.5820393320000001,0.008500770000000005
8.6637342660521e-05,1.5820393320000001,0.008500770000000005
8.7637342660521e-05,1.5820393320000001,0.008566636000000002
8.8637342660521e-05,1.5820393320000001,0.008566636000000002
8.963734266052099e-05,1.5820393320000001,0.008500770000000005
9.0637342660521e-05,1.5820393320000001,0.008632502
9.1637342660521e-05,1.5820393320000001,0.008698368000000005
9.2637342660521e-05,1.5820393320000001,0.0088301
9.3637342660521e-05,1.5820393320000001,0.0088301
9.4637342660521e-05,1.5820393320000001,0.008566636000000002
9.5637342660521e-05,1.5820393320000001,0.008698368000000005
9.6637342660521e-05,1.5820393320000001,0.0088301
9.7637342660521e-05,1.5820393320000001,0.008698368000000005
9.8637342660521e-05,1.5820393320000001,0.008698368000000005
9.9637342660521e-05,1.5820393320000001,0.008632502
0.000100637342660521,1.5820393320000001,0.008566636000000002
0.000101637342660521,1.5820393320000001,0.008434904
0.000102637342660521,1.5820393320000001,0.008434904
0.000103637342660521,1.5820393320000001,0.008566636000000002
0.000104637342660521,1.5820393320000001,0.008698368000000005
0.000105637342660521,1.5820393320000001,0.0088301
0.000106637342660521,1.5820393320000001,0.008764234000000003
0.000107637342660521,1.5820393320000001,0.008566636000000002
0.000108637342660521,1.5820393320000001,0.008434904
0.000109637342660521,1.5820393320000001,0.008500770000000005
0.000110637342660521,1.5820393320000001,0.008566636000000002
0.000111637342660521,1.5820393320000001,0.008566636000000002
0.000112637342660521,1.5820393320000001,0.008500770000000005
0.000113637342660521,1.5820393320000001,0.008369038000000002
0.000114637342660521,1.5820393320000001,0.008237306
0.000115637342660521,1.5820393320000001,0.008434904
0.000116637342660521,1.5820393320000001,0.008632502
0.000117637342660521,1.5820393320000001,0.008434904
0.00011863734266052099,1.5820393320000001,0.008632502
0.000119637342660521,1.5820393320000001,0.008632502
0.000120637342660521,1.5820393320000001,0.008434904
0.00012163734266052098,1.5820393320000001,0.008500770000000005
0.000122637342660521,1.5820393320000001,0.008632502
0.000123637342660521,1.5820393320000001,0.0088301
0.000124637342660521,1.5820393320000001,0.008698368000000005
0.000125637342660521,1.5820393320000001,0.008566636000000002
0.000126637342660521,1.5820393320000001,0.008500770000000005
0.000127637342660521,1.5820393320000001,0.008698368000000005
0.000128637342660521,1.5820393320000001,0.009027698
0.000129637342660521,1.5820393320000001,0.008764234000000003
0.000130637342660521,1.5820393320000001,0.008764234000000003
0.000131637342660521,1.5820393320000001,0.0088301
0.000132637342660521,1.5820393320000001,0.0088301
0.000133637342660521,1.5820393320000001,0.008961832000000003
0.000134637342660521,1.5820393320000001,0.008764234000000003
0.000135637342660521,1.5820393320000001,0.008566636000000002
0.000136637342660521,1.5820393320000001,0.008566636000000002
0.000137637342660521,1.5820393320000001,0.008566636000000002
0.000138637342660521,1.5820393320000001,0.008895966000000005
0.000139637342660521,1.5820393320000001,0.008895966000000005
0.00014063734266052099,1.5820393320000001,0.0088301
0.000141637342660521,1.5820393320000001,0.008961832000000003
0.000142637342660521,1.5820393320000001,0.008698368000000005
0.000143637342660521,1.5820393320000001,0.008566636000000002
0.000144637342660521,1.5820393320000001,0.008632502
0.000145637342660521,1.5820393320000001,0.008698368000000005
0.000146637342660521,1.5820393320000001,0.008632502
0.000147637342660521,1.5820393320000001,0.008566636000000002
0.000148637342660521,1.5820393320000001,0.008566636000000002
0.000149637342660521,1.5820393320000001,0.008566636000000002
0.00015063734266052098,1.5820393320000001,0.008764234000000003
0.000151637342660521,1.5820393320000001,0.008961832000000003
0.000152637342660521,1.5820393320000001,0.009225296000000001
0.000153637342660521,1.5820393320000001,0.009225296000000001
0.000154637342660521,1.5820393320000001,0.008961832000000003
0.000155637342660521,1.5820393320000001,0.008895966000000005
0.000156637342660521,1.5820393320000001,0.008764234000000003
0.000157637342660521,1.5820393320000001,0.008632502
0.000158637342660521,1.5820393320000001,0.008566636000000002
0.000159637342660521,1.5820393320000001,0.008632502
0.00016063734266052098,1.5820393320000001,0.008698368000000005
0.000161637342660521,1.5820393320000001,0.008632502
0.000162637342660521,1.5820393320000001,0.008566636000000002
0.000163637342660521,1.5820393320000001,0.008434904
0.000164637342660521,1.5820393320000001,0.008434904
0.000165637342660521,1.5820393320000001,0.008698368000000005
0.000166637342660521,1.5820393320000001,0.008698368000000005
0.000167637342660521,1.5820393320000001,0.008698368000000005
0.000168637342660521,1.5820393320000001,0.008566636000000002
0.00016963734266052099,1.5820393320000001,0.008303172000000004
0.00017063734266052098,1.5820393320000001,0.008500770000000005
0.000171637342660521,1.5820393320000001,0.008632502
0.000172637342660521,1.5820393320000001,0.008632502
0.000173637342660521,1.5820393320000001,0.008566636000000002
0.000174637342660521,1.5820393320000001,0.008434904
0.000175637342660521,1.5820393320000001,0.008434904
0.000176637342660521,1.5820393320000001,0.008632502
0.000177637342660521,1.5820393320000001,0.008698368000000005
0.000178637342660521,1.5820393320000001,0.008632502
0.00017963734266052099,1.5820393320000001,0.008764234000000003
0.00018063734266052098,1.5820393320000001,0.008566636000000002
0.000181637342660521,1.5820393320000001,0.008303172000000004
0.000182637342660521,1.5820393320000001,0.008632502
0.000183637342660521,1.5820393320000001,0.0088301
0.000184637342660521,1.5820393320000001,0.008632502
0.000185637342660521,1.5820393320000001,0.008764234000000003
0.000186637342660521,1.5820393320000001,0.0088301
0.000187637342660521,1.5820393320000001,0.0088301
0.000188637342660521,1.5820393320000001,0.008961832000000003
0.00018963734266052098,1.5820393320000001,0.0088301
0.000190637342660521,1.5820393320000001,0.008764234000000003
0.000191637342660521,1.5820393320000001,0.0088301
0.000192637342660521,1.5820393320000001,0.008961832000000003
0.000193637342660521,1.5820393320000001,0.0088301
0.000194637342660521,1.5820393320000001,0.008698368000000005
0.000195637342660521,1.5820393320000001,0.008961832000000003
0.000196637342660521,1.5820393320000001,0.008895966000000005
0.000197637342660521,1.5820393320000001,0.008698368000000005
0.00019863734266052099,1.5820393320000001,0.008764234000000003
0.00019963734266052098,1.5820393320000001,0.008764234000000003
0.000200637342660521,1.5820393320000001,0.008895966000000005
0.000201637342660521,1.5820393320000001,0.0088301
0.000202637342660521,1.5820393320000001,0.008698368000000005
0.000203637342660521,1.5820393320000001,0.008764234000000003
0.000204637342660521,1.5820393320000001,0.008698368000000005
0.000205637342660521,1.5820393320000001,0.008632502
0.000206637342660521,1.5820393320000001,0.008500770000000005
0.000207637342660521,1.5820393320000001,0.008632502
0.00020863734266052099,1.5820393320000001,0.0088301
0.00020963734266052098,1.5820393320000001,0.008698368000000005
0.000210637342660521,1.5820393320000001,0.008566636000000002
0.000211637342660521,1.5820393320000001,0.008566636000000002
0.000212637342660521,1.5820393320000001,0.008500770000000005
0.000213637342660521,1.5820393320000001,0.008500770000000005
0.000214637342660521,1.5820393320000001,0.008434904
0.000215637342660521,1.5820393320000001,0.008566636000000002
0.000216637342660521,1.5820393320000001,0.008632502
0.000217637342660521,1.5820393320000001,0.008434904
0.00021863734266052098,1.5820393320000001,0.008434904
0.00021963734266052098,1.5820393320000001,0.008632502
0.000220637342660521,1.5820393320000001,0.008566636000000002
0.000221637342660521,1.5820393320000001,0.008566636000000002
0.000222637342660521,1.5820393320000001,0.008500770000000005
0.000223637342660521,1.5820393320000001,0.008566636000000002
0.000224637342660521,1.5820393320000001,0.008369038000000002
0.000225637342660521,1.5820393320000001,0.008303172000000004
0.000226637342660521,1.5820393320000001,0.008500770000000005
0.00022763734266052099,1.5820393320000001,0.008632502
0.00022863734266052098,1.5820393320000001,0.008566636000000002
0.00022963734266052098,1.5820393320000001,0.008434904
0.000230637342660521,1.5820393320000001,0.008566636000000002
0.000231637342660521,1.5820393320000001,0.008632502
0.000232637342660521,1.5820393320000001,0.008500770000000005
0.000233637342660521,1.5820393320000001,0.008303172000000004
0.000234637342660521,1.5820393320000001,0.008500770000000005
0.000235637342660521,1.5820393320000001,0.008632502
0.000236637342660521,1.5820393320000001,0.008369038000000002
0.00023763734266052099,1.5820393320000001,0.008303172000000004
0.00023863734266052098,1.5820393320000001,0.008237306
0.00023963734266052098,1.5820393320000001,0.008237306
0.000240637342660521,1.5820393320000001,0.008434904
0.000241637342660521,1.5820393320000001,0.008237306
0.000242637342660521,1.5820393320000001,0.007973842000000002
0.000243637342660521,1.5820393320000001,0.007907976000000004
0.00024463734266052097,1.5820393320000001,0.007776244000000002
0.000245637342660521,1.5820393320000001,0.007973842000000002
0.000246637342660521,1.5820393320000001,0.007973842000000002
0.000247637342660521,1.5820393320000001,0.00784211
0.000248637342660521,1.5820393320000001,0.00784211
0.000249637342660521,1.5820393320000001,0.007776244000000002
0.000250637342660521,1.5820393320000001,0.007776244000000002
0.000251637342660521,1.5820393320000001,0.007776244000000002
0.000252637342660521,1.5820393320000001,0.007973842000000002
0.00025363734266052097,1.5820393320000001,0.008105574000000004
0.000254637342660521,1.5820393320000001,0.008039708
0.000255637342660521,1.5820393320000001,0.008039708
0.000256637342660521,1.5820393320000001,0.007907976000000004
0.000257637342660521,1.5820393320000001,0.00784211
0.000258637342660521,1.5820393320000001,0.00784211
0.000259637342660521,1.5820393320000001,0.007973842000000002
0.000260637342660521,1.5820393320000001,0.007973842000000002
0.000261637342660521,1.5820393320000001,0.007907976000000004
0.00026263734266052097,1.5820393320000001,0.008039708
0.000263637342660521,1.5820393320000001,0.007907976000000004
0.000264637342660521,1.5820393320000001,0.007907976000000004
0.000265637342660521,1.5820393320000001,0.007907976000000004
0.000266637342660521,1.5820393320000001,0.007907976000000004
0.000267637342660521,1.5820393320000001,0.008105574000000004
0.000268637342660521,1.5820393320000001,0.007973842000000002
0.000269637342660521,1.5820393320000001,0.008039708
0.000270637342660521,1.5820393320000001,0.008039708
0.00027163734266052097,1.5820393320000001,0.007710378000000004
0.000272637342660521,1.5820393320000001,0.007907976000000004
0.00027363734266052097,1.5820393320000001,0.007973842000000002
0.000274637342660521,1.5820393320000001,0.007907976000000004
0.000275637342660521,1.5820393320000001,0.007907976000000004
0.000276637342660521,1.5820393320000001,0.007776244000000002
0.000277637342660521,1.5820393320000001,0.007776244000000002
0.000278637342660521,1.5820393320000001,0.007710378000000004
0.000279637342660521,1.5820393320000001,0.00784211
0.000280637342660521,1.5820393320000001,0.007776244000000002
0.000281637342660521,1.5820393320000001,0.007644511999999999
0.00028263734266052097,1.5820393320000001,0.00784211
0.000283637342660521,1.5820393320000001,0.007907976000000004
0.000284637342660521,1.5820393320000001,0.00784211
0.000285637342660521,1.5820393320000001,0.007973842000000002
0.000286637342660521,1.5820393320000001,0.007973842000000002
0.000287637342660521,1.5820393320000001,0.007907976000000004
0.000288637342660521,1.5820393320000001,0.007710378000000004
0.000289637342660521,1.5820393320000001,0.007578646000000001
0.000290637342660521,1.5820393320000001,0.007578646000000001
0.00029163734266052097,1.5820393320000001,0.007446914000000006
0.000292637342660521,1.5820393320000001,0.007578646000000001
0.00029363734266052096,1.5820393320000001,0.007644511999999999
0.000294637342660521,1.5820393320000001,0.007578646000000001
0.000295637342660521,1.5820393320000001,0.007512780000000004
0.000296637342660521,1.5820393320000001,0.007512780000000004
0.000297637342660521,1.5820393320000001,0.007578646000000001
0.000298637342660521,1.5820393320000001,0.007710378000000004
0.000299637342660521,1.5820393320000001,0.007776244000000002
0.00030063734266052097,1.5820393320000001,0.00784211
0.000301637342660521,1.5820393320000001,0.007644511999999999
0.00030263734266052097,1.5820393320000001,0.007578646000000001
0.000303637342660521,1.5820393320000001,0.007710378000000004
0.000304637342660521,1.5820393320000001,0.007644511999999999
0.000305637342660521,1.5820393320000001,0.007776244000000002
0.000306637342660521,1.5820393320000001,0.007776244000000002
0.000307637342660521,1.5820393320000001,0.007776244000000002
0.000308637342660521,1.5820393320000001,0.007644511999999999
0.000309637342660521,1.5820393320000001,0.007644511999999999
0.000310637342660521,1.5820393320000001,0.007710378000000004
0.00031163734266052097,1.5820393320000001,0.007578646000000001
0.000312637342660521,1.5820393320000001,0.007578646000000001
0.00031363734266052096,1.5820393320000001,0.007446914000000006
0.000314637342660521,1.5820393320000001,0.007381048000000001
0.000315637342660521,1.5820393320000001,0.007644511999999999
0.000316637342660521,1.5820393320000001,0.007710378000000004
0.000317637342660521,1.5820393320000001,0.00784211
0.000318637342660521,1.5820393320000001,0.007776244000000002
0.000319637342660521,1.5820393320000001,0.007644511999999999
0.00032063734266052097,1.5820393320000001,0.007644511999999999
0.000321637342660521,1.5820393320000001,0.007512780000000004
0.00032263734266052096,1.5820393320000001,0.007578646000000001
0.000323637342660521,1.5820393320000001,0.007710378000000004
0.000324637342660521,1.5820393320000001,0.007710378000000004
0.000325637342660521,1.5820393320000001,0.007710378000000004
0.000326637342660521,1.5820393320000001,0.007710378000000004
0.000327637342660521,1.5820393320000001,0.007776244000000002
0.000328637342660521,1.5820393320000001,0.007644511999999999
0.00032963734266052097,1.5820393320000001,0.007512780000000004
0.000330637342660521,1.5820393320000001,0.007578646000000001
0.00033163734266052097,1.5820393320000001,0.007446914000000006
0.000332637342660521,1.5820393320000001,0.007512780000000004
0.000333637342660521,1.5820393320000001,0.007710378000000004
0.000334637342660521,1.5820393320000001,0.007644511999999999
0.000335637342660521,1.5820393320000001,0.00784211
0.000336637342660521,1.5820393320000001,0.007973842000000002
0.000337637342660521,1.5820393320000001,0.00784211
0.000338637342660521,1.5820393320000001,0.007907976000000004
0.000339637342660521,1.5820393320000001,0.007907976000000004
0.00034063734266052097,1.5820393320000001,0.007710378000000004
0.000341637342660521,1.5820393320000001,0.007710378000000004
0.00034263734266052096,1.5820393320000001,0.007776244000000002
0.000343637342660521,1.5820393320000001,0.007578646000000001
0.000344637342660521,1.5820393320000001,0.007578646000000001
0.000345637342660521,1.5820393320000001,0.007710378000000004
0.000346637342660521,1.5820393320000001,0.007644511999999999
0.000347637342660521,1.5820393320000001,0.007710378000000004
0.000348637342660521,1.5820393320000001,0.007710378000000004
0.00034963734266052097,1.5820393320000001,0.007644511999999999
0.000350637342660521,1.5820393320000001,0.00784211
0.00035163734266052096,1.5820393320000001,0.007578646000000001
0.000352637342660521,1.5820393320000001,0.007381048000000001
0.000353637342660521,1.5820393320000001,0.007644511999999999
0.000354637342660521,1.5820393320000001,0.007710378000000004
0.000355637342660521,1.5820393320000001,0.007446914000000006
0.000356637342660521,1.5820393320000001,0.007249316000000006
0.000357637342660521,1.5820393320000001,0.007446914000000006
0.00035863734266052097,1.5820393320000001,0.007710378000000004
0.000359637342660521,1.5820393320000001,0.007776244000000002
0.00036063734266052097,1.5820393320000001,0.007578646000000001
0.000361637342660521,1.5820393320000001,0.007249316000000006
0.00036263734266052096,1.5820393320000001,0.007381048000000001
0.000363637342660521,1.5820393320000001,0.007446914000000006
0.000364637342660521,1.5820393320000001,0.007381048000000001
0.000365637342660521,1.5820393320000001,0.007644511999999999
0.000366637342660521,1.5820393320000001,0.007776244000000002
0.000367637342660521,1.5820393320000001,0.007776244000000002
0.000368637342660521,1.5820393320000001,0.007776244000000002
0.00036963734266052097,1.5820393320000001,0.007907976000000004
0.000370637342660521,1.5820393320000001,0.007973842000000002
0.00037163734266052096,1.5820393320000001,0.00784211
0.000372637342660521,1.5820393320000001,0.007776244000000002
0.000373637342660521,1.5820393320000001,0.007644511999999999
0.000374637342660521,1.5820393320000001,0.007512780000000004
0.000375637342660521,1.5820393320000001,0.007512780000000004
0.000376637342660521,1.5820393320000001,0.007446914000000006
0.000377637342660521,1.5820393320000001,0.007381048000000001
0.00037863734266052097,1.5820393320000001,0.007512780000000004
0.000379637342660521,1.5820393320000001,0.007710378000000004
0.00038063734266052096,1.5820393320000001,0.007644511999999999
0.000381637342660521,1.5820393320000001,0.007578646000000001
0.000382637342660521,1.5820393320000001,0.007710378000000004
0.000383637342660521,1.5820393320000001,0.007710378000000004
0.000384637342660521,1.5820393320000001,0.007644511999999999
0.000385637342660521,1.5820393320000001,0.007776244000000002
0.000386637342660521,1.5820393320000001,0.007776244000000002
0.00038763734266052097,1.5820393320000001,0.007710378000000004
0.000388637342660521,1.5820393320000001,0.007644511999999999
0.00038963734266052097,1.5820393320000001,0.007710378000000004
0.000390637342660521,1.5820393320000001,0.007776244000000002
0.00039163734266052096,1.5820393320000001,0.007446914000000006
0.000392637342660521,1.5820393320000001,0.007578646000000001
0.000393637342660521,1.5820393320000001,0.007907976000000004
0.000394637342660521,1.5820393320000001,0.007776244000000002
0.000395637342660521,1.5820393320000001,0.007710378000000004
0.000396637342660521,1.5820393320000001,0.007710378000000004
0.000397637342660521,1.5820393320000001,0.007644511999999999
0.00039863734266052097,1.5820393320000001,0.007381048000000001
0.000399637342660521,1.5820393320000001,0.007315182000000003
0.00040063734266052096,1.5820393320000001,0.007512780000000004
0.000401637342660521,1.5820393320000001,0.007512780000000004
0.000402637342660521,1.5820393320000001,0.007512780000000004
0.000403637342660521,1.5820393320000001,0.007446914000000006
0.000404637342660521,1.5820393320000001,0.007446914000000006
0.000405637342660521,1.5820393320000001,0.007644511999999999
0.000406637342660521,1.5820393320000001,0.007512780000000004
0.00040763734266052097,1.5820393320000001,0.007446914000000006
0.000408637342660521,1.5820393320000001,0.007578646000000001
0.00040963734266052096,1.5820393320000001,0.007644511999999999
0.000410637342660521,1.5820393320000001,0.007644511999999999
0.00041163734266052096,1.5820393320000001,0.007644511999999999
0.000412637342660521,1.5820393320000001,0.00784211
0.000413637342660521,1.5820393320000001,0.007776244000000002
0.000414637342660521,1.5820393320000001,0.007710378000000004
0.000415637342660521,1.5820393320000001,0.007776244000000002
0.00041663734266052097,1.5820393320000001,0.008039708
0.000417637342660521,1.5820393320000001,0.008237306
0.00041863734266052097,1.5820393320000001,0.007973842000000002
0.000419637342660521,1.5820393320000001,0.007776244000000002
0.00042063734266052096,1.5820393320000001,0.00784211
0.000421637342660521,1.5820393320000001,0.00784211
0.000422637342660521,1.5820393320000001,0.008039708
0.000423637342660521,1.5820393320000001,0.008105574000000004
0.000424637342660521,1.5820393320000001,0.007973842000000002
0.000425637342660521,1.5820393320000001,0.008039708
0.000426637342660521,1.5820393320000001,0.007907976000000004
0.00042763734266052097,1.5820393320000001,0.008039708
0.000428637342660521,1.5820393320000001,0.008105574000000004
0.00042963734266052096,1.5820393320000001,0.007907976000000004
0.000430637342660521,1.5820393320000001,0.007973842000000002
0.00043163734266052096,1.5820393320000001,0.007973842000000002
0.000432637342660521,1.5820393320000001,0.008039708
0.000433637342660521,1.5820393320000001,0.008171440000000002
0.000434637342660521,1.5820393320000001,0.008039708
0.000435637342660521,1.5820393320000001,0.008105574000000004
0.00043663734266052097,1.5820393320000001,0.008039708
0.000437637342660521,1.5820393320000001,0.008171440000000002
0.00043863734266052097,1.5820393320000001,0.008039708
0.000439637342660521,1.5820393320000001,0.00784211
0.00044063734266052096,1.5820393320000001,0.007776244000000002
0.000441637342660521,1.5820393320000001,0.007710378000000004
0.000442637342660521,1.5820393320000001,0.007907976000000004
0.000443637342660521,1.5820393320000001,0.007907976000000004
0.000444637342660521,1.5820393320000001,0.008039708
0.00044563734266052097,1.5820393320000001,0.008039708
0.000446637342660521,1.5820393320000001,0.007907976000000004
0.00044763734266052097,1.5820393320000001,0.008171440000000002
0.000448637342660521,1.5820393320000001,0.008303172000000004
0.00044963734266052096,1.5820393320000001,0.008105574000000004
0.000450637342660521,1.5820393320000001,0.007973842000000002
0.000451637342660521,1.5820393320000001,0.00784211
0.000452637342660521,1.5820393320000001,0.00784211
0.000453637342660521,1.5820393320000001,0.007776244000000002
0.000454637342660521,1.5820393320000001,0.007710378000000004
0.000455637342660521,1.5820393320000001,0.00784211
0.00045663734266052097,1.5820393320000001,0.007776244000000002
0.000457637342660521,1.5820393320000001,0.007776244000000002
0.00045863734266052096,1.5820393320000001,0.007644511999999999
0.000459637342660521,1.5820393320000001,0.007512780000000004
0.00046063734266052096,1.5820393320000001,0.007644511999999999
0.000461637342660521,1.5820393320000001,0.00784211
0.000462637342660521,1.5820393320000001,0.007973842000000002
0.000463637342660521,1.5820393320000001,0.007776244000000002
0.000464637342660521,1.5820393320000001,0.007776244000000002
0.00046563734266052097,1.5820393320000001,0.007776244000000002
0.000466637342660521,1.5820393320000001,0.007446914000000006
0.00046763734266052097,1.5820393320000001,0.007578646000000001
0.000468637342660521,1.5820393320000001,0.00784211
0.00046963734266052096,1.5820393320000001,0.007907976000000004
0.000470637342660521,1.5820393320000001,0.007907976000000004
0.000471637342660521,1.5820393320000001,0.007907976000000004
0.000472637342660521,1.5820393320000001,0.007973842000000002
0.000473637342660521,1.5820393320000001,0.00784211
0.00047463734266052097,1.5820393320000001,0.007776244000000002
0.000475637342660521,1.5820393320000001,0.007907976000000004
0.00047663734266052097,1.5820393320000001,0.007907976000000004
0.000477637342660521,1.5820393320000001,0.007644511999999999
0.00047863734266052096,1.5820393320000001,0.007578646000000001
0.000479637342660521,1.5820393320000001,0.007776244000000002
0.00048063734266052096,1.5820393320000001,0.007907976000000004
0.000481637342660521,1.5820393320000001,0.00784211
0.000482637342660521,1.5820393320000001,0.007512780000000004
0.000483637342660521,1.5820393320000001,0.007315182000000003
0.000484637342660521,1.5820393320000001,0.007315182000000003
0.00048563734266052097,1.5820393320000001,0.007512780000000004
0.000486637342660521,1.5820393320000001,0.007446914000000006
0.00048763734266052096,1.5820393320000001,0.007315182000000003
0.0004886373426605209,1.5820393320000001,0.007512780000000004
0.000489637342660521,1.5820393320000001,0.007512780000000004
0.0004906373426605209,1.5820393320000001,0.007512780000000004
0.0004916373426605209,1.5820393320000001,0.007578646000000001
0.0004926373426605209,1.5820393320000001,0.007710378000000004
0.000493637342660521,1.5820393320000001,0.007644511999999999
0.000494637342660521,1.5820393320000001,0.007776244000000002
0.0004956373426605209,1.5820393320000001,0.007776244000000002
0.0004966373426605209,1.5820393320000001,0.007710378000000004
0.0004976373426605209,1.5820393320000001,0.00784211
0.000498637342660521,1.5820393320000001,0.007512780000000004
0.0004996373426605209,1.5820393320000001,0.007578646000000001
0.0005006373426605209,1.5820393320000001,0.007710378000000004
0.0005016373426605209,1.5820393320000001,0.007578646000000001
0.000502637342660521,1.5820393320000001,0.007644511999999999
0.000503637342660521,1.5820393320000001,0.007776244000000002
0.0005046373426605209,1.5820393320000001,0.007907976000000004
0.0005056373426605209,1.5820393320000001,0.00784211
0.0005066373426605209,1.5820393320000001,0.007710378000000004
0.000507637342660521,1.5820393320000001,0.007710378000000004
0.0005086373426605209,1.5820393320000001,0.007578646000000001
0.0005096373426605209,1.5820393320000001,0.007578646000000001
0.0005106373426605209,1.5820393320000001,0.007644511999999999
0.000511637342660521,1.5820393320000001,0.007644511999999999
0.000512637342660521,1.5820393320000001,0.007907976000000004
0.0005136373426605209,1.5820393320000001,0.007776244000000002
0.0005146373426605209,1.5820393320000001,0.007644511999999999
0.0005156373426605209,1.5820393320000001,0.007973842000000002
0.000516637342660521,1.5820393320000001,0.007973842000000002
0.0005176373426605209,1.5820393320000001,0.007710378000000004
0.0005186373426605209,1.5820393320000001,0.007578646000000001
0.0005196373426605209,1.5820393320000001,0.007644511999999999
0.000520637342660521,1.5820393320000001,0.007644511999999999
0.000521637342660521,1.5820393320000001,0.007710378000000004
0.0005226373426605209,1.5820393320000001,0.007710378000000004
0.0005236373426605209,1.5820393320000001,0.007578646000000001
0.0005246373426605209,1.5820393320000001,0.007776244000000002
0.000525637342660521,1.5820393320000001,0.007644511999999999
0.0005266373426605209,1.5820393320000001,0.007446914000000006
0.0005276373426605209,1.5820393320000001,0.007644511999999999
0.0005286373426605209,1.5820393320000001,0.007644511999999999
0.000529637342660521,1.5820393320000001,0.007644511999999999
0.000530637342660521,1.5820393320000001,0.007644511999999999
0.0005316373426605209,1.5820393320000001,0.007512780000000004
0.0005326373426605209,1.5820393320000001,0.007644511999999999
0.0005336373426605209,1.5820393320000001,0.007512780000000004
0.000534637342660521,1.5820393320000001,0.007381048000000001
0.0005356373426605209,1.5820393320000001,0.007644511999999999
0.0005366373426605209,1.5820393320000001,0.007512780000000004
0.0005376373426605209,1.5820393320000001,0.007315182000000003
0.000538637342660521,1.5820393320000001,0.007381048000000001
0.0005396373426605209,1.5820393320000001,0.007644511999999999
0.0005406373426605209,1.5820393320000001,0.007710378000000004
0.0005416373426605209,1.5820393320000001,0.007644511999999999
0.0005426373426605209,1.5820393320000001,0.007644511999999999
0.000543637342660521,1.5820393320000001,0.007710378000000004
0.0005446373426605209,1.5820393320000001,0.007512780000000004
0.0005456373426605209,1.5820393320000001,0.007446914000000006
0.0005466373426605209,1.5820393320000001,0.007776244000000002
0.000547637342660521,1.5820393320000001,0.00784211
0.0005486373426605209,1.5820393320000001,0.00784211
0.0005496373426605209,1.5820393320000001,0.007776244000000002
0.0005506373426605209,1.5820393320000001,0.007644511999999999
0.000551637342660521,1.5820393320000001,0.00784211
0.000552637342660521,1.5820393320000001,0.007907976000000004
0.0005536373426605209,1.5820393320000001,0.007644511999999999
0.0005546373426605209,1.5820393320000001,0.007907976000000004
0.0005556373426605209,1.5820393320000001,0.008105574000000004
0.000556637342660521,1.5820393320000001,0.007907976000000004
0.0005576373426605209,1.5820393320000001,0.007973842000000002
0.0005586373426605209,1.5820393320000001,0.00784211
0.0005596373426605209,1.5820393320000001,0.007907976000000004
0.000560637342660521,1.5820393320000001,0.007907976000000004
0.000561637342660521,1.5820393320000001,0.007776244000000002
0.0005626373426605209,1.5820393320000001,0.007907976000000004
0.0005636373426605209,1.5820393320000001,0.007907976000000004
0.0005646373426605209,1.5820393320000001,0.008039708
0.000565637342660521,1.5820393320000001,0.008237306
0.0005666373426605209,1.5820393320000001,0.008237306
0.0005676373426605209,1.5820393320000001,0.008039708
0.0005686373426605209,1.5820393320000001,0.007907976000000004
0.000569637342660521,1.5820393320000001,0.00784211
0.000570637342660521,1.5820393320000001,0.007710378000000004
0.0005716373426605209,1.5820393320000001,0.007644511999999999
0.0005726373426605209,1.5820393320000001,0.007446914000000006
0.0005736373426605209,1.5820393320000001,0.007315182000000003
0.000574637342660521,1.5820393320000001,0.007315182000000003
0.0005756373426605209,1.5820393320000001,0.007315182000000003
0.0005766373426605209,1.5820393320000001,0.007315182000000003
0.0005776373426605209,1.5820393320000001,0.007446914000000006
0.000578637342660521,1.5820393320000001,0.007578646000000001
0.000579637342660521,1.5820393320000001,0.007644511999999999
0.0005806373426605209,1.5820393320000001,0.007644511999999999
0.0005816373426605209,1.5820393320000001,0.007381048000000001
0.0005826373426605209,1.5820393320000001,0.007446914000000006
0.000583637342660521,1.5820393320000001,0.007710378000000004
0.0005846373426605209,1.5820393320000001,0.007710378000000004
0.0005856373426605209,1.5820393320000001,0.007512780000000004
0.0005866373426605209,1.5820393320000001,0.007381048000000001
0.000587637342660521,1.5820393320000001,0.007578646000000001
0.0005886373426605209,1.5820393320000001,0.007710378000000004
0.0005896373426605209,1.5820393320000001,0.007710378000000004
0.0005906373426605209,1.5820393320000001,0.007578646000000001
0.0005916373426605209,1.5820393320000001,0.007578646000000001
0.000592637342660521,1.5820393320000001,0.007578646000000001
0.0005936373426605209,1.5820393320000001,0.007512780000000004
0.0005946373426605209,1.5820393320000001,0.007578646000000001
0.0005956373426605209,1.5820393320000001,0.007315182000000003
0.000596637342660521,1.5820393320000001,0.007381048000000001
0.0005976373426605209,1.5820393320000001,0.007578646000000001
0.0005986373426605209,1.5820393320000001,0.007512780000000004
0.0005996373426605209,1.5820393320000001,0.007512780000000004
0.0006006373426605209,1.5820393320000001,0.007644511999999999
0.000601637342660521,1.5820393320000001,0.007776244000000002
0.0006026373426605209,1.5820393320000001,0.007710378000000004
0.0006036373426605209,1.5820393320000001,0.007644511999999999
0.0006046373426605209,1.5820393320000001,0.007710378000000004
0.000605637342660521,1.5820393320000001,0.007644511999999999
0.0006066373426605209,1.5820393320000001,0.007644511999999999
0.0006076373426605209,1.5820393320000001,0.007710378000000004
0.0006086373426605209,1.5820393320000001,0.007776244000000002
0.000609637342660521,1.5820393320000001,0.00784211
0.000610637342660521,1.5820393320000001,0.00784211
0.0006116373426605209,1.5820393320000001,0.007776244000000002
0.0006126373426605209,1.5820393320000001,0.00784211
0.0006136373426605209,1.5820393320000001,0.007907976000000004
0.000614637342660521,1.5820393320000001,0.007907976000000004
0.0006156373426605209,1.5820393320000001,0.00784211
0.0006166373426605209,1.5820393320000001,0.007776244000000002
0.0006176373426605209,1.5820393320000001,0.007644511999999999
0.000618637342660521,1.5820393320000001,0.007578646000000001
0.000619637342660521,1.5820393320000001,0.007512780000000004
0.0006206373426605209,1.5820393320000001,0.007249316000000006
0.0006216373426605209,1.5820393320000001,0.007446914000000006
0.0006226373426605209,1.5820393320000001,0.007644511999999999
0.000623637342660521,1.5820393320000001,0.007381048000000001
0.0006246373426605209,1.5820393320000001,0.007249316000000006
0.0006256373426605209,1.5820393320000001,0.007446914000000006
0.0006266373426605209,1.5820393320000001,0.00784211
0.000627637342660521,1.5820393320000001,0.007710378000000004
0.0006286373426605209,1.5820393320000001,0.007512780000000004
0.0006296373426605209,1.5820393320000001,0.007512780000000004
0.0006306373426605209,1.5820393320000001,0.007446914000000006
0.0006316373426605209,1.5820393320000001,0.007512780000000004
0.000632637342660521,1.5820393320000001,0.007512780000000004
0.0006336373426605209,1.5820393320000001,0.007512780000000004
0.0006346373426605209,1.5820393320000001,0.007710378000000004
0.0006356373426605209,1.5820393320000001,0.007644511999999999
0.000636637342660521,1.5820393320000001,0.007644511999999999
0.0006376373426605209,1.5820393320000001,0.007710378000000004
0.0006386373426605209,1.5820393320000001,0.00784211
0.0006396373426605209,1.5820393320000001,0.007973842000000002
0.0006406373426605209,1.5820393320000001,0.00784211
0.000641637342660521,1.5820393320000001,0.007776244000000002
0.0006426373426605209,1.5820393320000001,0.007907976000000004
0.0006436373426605209,1.5820393320000001,0.007973842000000002
0.0006446373426605209,1.5820393320000001,0.007710378000000004
0.000645637342660521,1.5820393320000001,0.007512780000000004
0.0006466373426605209,1.5820393320000001,0.007907976000000004
0.0006476373426605209,1.5820393320000001,0.007907976000000004
0.0006486373426605209,1.5820393320000001,0.007644511999999999
0.0006496373426605209,1.5820393320000001,0.007776244000000002
0.000650637342660521,1.5820393320000001,0.007644511999999999
0.0006516373426605209,1.5820393320000001,0.007644511999999999
0.0006526373426605209,1.5820393320000001,0.007578646000000001
0.0006536373426605209,1.5820393320000001,0.007512780000000004
0.000654637342660521,1.5820393320000001,0.007776244000000002
0.0006556373426605209,1.5820393320000001,0.007776244000000002
0.0006566373426605209,1.5820393320000001,0.007776244000000002
0.0006576373426605209,1.5820393320000001,0.007776244000000002
0.000658637342660521,1.5820393320000001,0.007776244000000002
0.000659637342660521,1.5820393320000001,0.007776244000000002
0.0006606373426605209,1.5820393320000001,0.007776244000000002
0.0006616373426605209,1.5820393320000001,0.007907976000000004
0.0006626373426605209,1.5820393320000001,0.007776244000000002
0.000663637342660521,1.5820393320000001,0.007644511999999999
0.0006646373426605209,1.5820393320000001,0.007578646000000001
0.0006656373426605209,1.5820393320000001,0.007512780000000004
0.0006666373426605209,1.5820393320000001,0.00784211
0.000667637342660521,1.5820393320000001,0.00784211
0.000668637342660521,1.5820393320000001,0.007776244000000002
0.0006696373426605209,1.5820393320000001,0.007776244000000002
0.0006706373426605209,1.5820393320000001,0.007644511999999999
0.0006716373426605209,1.5820393320000001,0.007578646000000001
0.000672637342660521,1.5820393320000001,0.007381048000000001
0.0006736373426605209,1.5820393320000001,0.007512780000000004
0.0006746373426605209,1.5820393320000001,0.00784211
0.0006756373426605209,1.5820393320000001,0.007973842000000002
0.000676637342660521,1.5820393320000001,0.007973842000000002
0.0006776373426605209,1.5820393320000001,0.007644511999999999
0.0006786373426605209,1.5820393320000001,0.007644511999999999
0.0006796373426605209,1.5820393320000001,0.007644511999999999
0.0006806373426605209,1.5820393320000001,0.007578646000000001
0.000681637342660521,1.5820393320000001,0.007710378000000004
0.0006826373426605209,1.5820393320000001,0.007710378000000004
0.0006836373426605209,1.5820393320000001,0.007710378000000004
0.0006846373426605209,1.5820393320000001,0.007710378000000004
0.000685637342660521,1.5820393320000001,0.007512780000000004
0.0006866373426605209,1.5820393320000001,0.007512780000000004
0.0006876373426605209,1.5820393320000001,0.007776244000000002
0.0006886373426605209,1.5820393320000001,0.007776244000000002
0.0006896373426605209,1.5820393320000001,0.00784211
0.000690637342660521,1.5820393320000001,0.007973842000000002
0.0006916373426605209,1.5820393320000001,0.007973842000000002
0.0006926373426605209,1.5820393320000001,0.007973842000000002
0.0006936373426605209,1.5820393320000001,0.007907976000000004
0.000694637342660521,1.5820393320000001,0.00784211
0.0006956373426605209,1.5820393320000001,0.007776244000000002
0.0006966373426605209,1.5820393320000001,0.007907976000000004
0.0006976373426605209,1.5820393320000001,0.007710378000000004
0.0006986373426605209,1.5820393320000001,0.007578646000000001
0.000699637342660521,1.5820393320000001,0.007644511999999999
0.0007006373426605209,1.5820393320000001,0.007710378000000004
0.0007016373426605209,1.5820393320000001,0.007776244000000002
0.0007026373426605209,1.5820393320000001,0.007644511999999999
0.000703637342660521,1.5820393320000001,0.007907976000000004
0.0007046373426605209,1.5820393320000001,0.007907976000000004
0.0007056373426605209,1.5820393320000001,0.007512780000000004
0.0007066373426605209,1.5820393320000001,0.007644511999999999
0.0007076373426605209,1.5820393320000001,0.007644511999999999
0.000708637342660521,1.5820393320000001,0.007710378000000004
0.0007096373426605209,1.5820393320000001,0.007644511999999999
0.0007106373426605209,1.5820393320000001,0.007512780000000004
0.0007116373426605209,1.5820393320000001,0.007512780000000004
0.000712637342660521,1.5820393320000001,0.007644511999999999
0.0007136373426605209,1.5820393320000001,0.007710378000000004
0.0007146373426605209,1.5820393320000001,0.007644511999999999
0.0007156373426605209,1.5820393320000001,0.007381048000000001
0.000716637342660521,1.5820393320000001,0.007446914000000006
0.000717637342660521,1.5820393320000001,0.007446914000000006
0.0007186373426605209,1.5820393320000001,0.007381048000000001
0.0007196373426605209,1.5820393320000001,0.007578646000000001
0.0007206373426605209,1.5820393320000001,0.007446914000000006
0.000721637342660521,1.5820393320000001,0.007512780000000004
0.0007226373426605209,1.5820393320000001,0.007446914000000006
0.0007236373426605209,1.5820393320000001,0.007315182000000003
0.0007246373426605209,1.5820393320000001,0.007446914000000006
0.000725637342660521,1.5820393320000001,0.007446914000000006
0.0007266373426605209,1.5820393320000001,0.007644511999999999
0.0007276373426605209,1.5820393320000001,0.007644511999999999
0.0007286373426605209,1.5820393320000001,0.007644511999999999
0.0007296373426605209,1.5820393320000001,0.007776244000000002
0.000730637342660521,1.5820393320000001,0.007644511999999999
0.0007316373426605209,1.5820393320000001,0.007578646000000001
0.0007326373426605209,1.5820393320000001,0.007578646000000001
0.0007336373426605209,1.5820393320000001,0.007578646000000001
0.000734637342660521,1.5820393320000001,0.007512780000000004
0.0007356373426605209,1.5820393320000001,0.007512780000000004
0.0007366373426605209,1.5820393320000001,0.007578646000000001
0.0007376373426605209,1.5820393320000001,0.007710378000000004
0.0007386373426605209,1.5820393320000001,0.007776244000000002
0.000739637342660521,1.5820393320000001,0.007776244000000002
0.0007406373426605209,1.5820393320000001,0.007776244000000002
0.0007416373426605209,1.5820393320000001,0.00784211
0.0007426373426605209,1.5820393320000001,0.007776244000000002
0.000743637342660521,1.5820393320000001,0.007776244000000002
0.0007446373426605209,1.5820393320000001,0.008105574000000004
0.0007456373426605209,1.5820393320000001,0.007973842000000002
0.0007466373426605209,1.5820393320000001,0.007776244000000002
0.0007476373426605209,1.5820393320000001,0.007973842000000002
0.000748637342660521,1.5820393320000001,0.007973842000000002
0.0007496373426605209,1.5820393320000001,0.007776244000000002
0.0007506373426605209,1.5820393320000001,0.007776244000000002
0.0007516373426605209,1.5820393320000001,0.007907976000000004
0.000752637342660521,1.5820393320000001,0.007907976000000004
0.0007536373426605209,1.5820393320000001,0.008039708
0.0007546373426605209,1.5820393320000001,0.008171440000000002
0.0007556373426605209,1.5820393320000001,0.008039708
0.0007566373426605209,1.5820393320000001,0.007973842000000002
0.000757637342660521,1.5820393320000001,0.00784211
0.0007586373426605209,1.5820393320000001,0.007776244000000002
0.0007596373426605209,1.5820393320000001,0.007710378000000004
0.0007606373426605209,1.5820393320000001,0.007644511999999999
0.000761637342660521,1.5820393320000001,0.007710378000000004
0.0007626373426605209,1.5820393320000001,0.007644511999999999
0.0007636373426605209,1.5820393320000001,0.007644511999999999
0.0007646373426605209,1.5820393320000001,0.007710378000000004
0.0007656373426605209,1.5820393320000001,0.007644511999999999
0.000766637342660521,1.5820393320000001,0.007907976000000004
0.0007676373426605209,1.5820393320000001,0.007907976000000004
0.0007686373426605209,1.5820393320000001,0.007776244000000002
0.0007696373426605209,1.5820393320000001,0.007512780000000004
0.000770637342660521,1.5820393320000001,0.007512780000000004
0.0007716373426605209,1.5820393320000001,0.00784211
0.0007726373426605209,1.5820393320000001,0.00784211
0.0007736373426605209,1.5820393320000001,0.007776244000000002
0.000774637342660521,1.5820393320000001,0.007644511999999999
0.0007756373426605209,1.5820393320000001,0.007578646000000001
0.0007766373426605209,1.5820393320000001,0.007776244000000002
0.0007776373426605209,1.5820393320000001,0.007644511999999999
0.0007786373426605209,1.5820393320000001,0.00784211
0.000779637342660521,1.5820393320000001,0.008171440000000002
0.0007806373426605209,1.5820393320000001,0.008105574000000004
0.0007816373426605209,1.5820393320000001,0.007907976000000004
0.0007826373426605209,1.5820393320000001,0.007776244000000002
0.000783637342660521,1.5820393320000001,0.007907976000000004
0.0007846373426605209,1.5820393320000001,0.007907976000000004
0.0007856373426605209,1.5820393320000001,0.007776244000000002
0.0007866373426605209,1.5820393320000001,0.007644511999999999
0.0007876373426605209,1.5820393320000001,0.007578646000000001
0.000788637342660521,1.5820393320000001,0.007710378000000004
0.0007896373426605209,1.5820393320000001,0.007644511999999999
0.0007906373426605209,1.5820393320000001,0.007512780000000004
0.0007916373426605209,1.5820393320000001,0.007776244000000002
0.000792637342660521,1.5820393320000001,0.00784211
0.0007936373426605209,1.5820393320000001,0.007710378000000004
0.0007946373426605209,1.5820393320000001,0.00784211
0.0007956373426605209,1.5820393320000001,0.00784211
0.0007966373426605209,1.5820393320000001,0.007710378000000004
0.000797637342660521,1.5820393320000001,0.007710378000000004
0.0007986373426605209,1.5820393320000001,0.007776244000000002
0.0007996373426605209,1.5820393320000001,0.007710378000000004
0.0008006373426605209,1.5820393320000001,0.007776244000000002
0.000801637342660521,1.5820393320000001,0.007776244000000002
0.0008026373426605209,1.5820393320000001,0.007644511999999999
0.0008036373426605209,1.5820393320000001,0.007578646000000001
0.0008046373426605209,1.5820393320000001,0.007381048000000001
0.0008056373426605209,1.5820393320000001,0.007512780000000004
0.000806637342660521,1.5820393320000001,0.007907976000000004
0.0008076373426605209,1.5820393320000001,0.007907976000000004
0.0008086373426605209,1.5820393320000001,0.007776244000000002
0.0008096373426605209,1.5820393320000001,0.007710378000000004
0.000810637342660521,1.5820393320000001,0.007710378000000004
0.0008116373426605209,1.5820393320000001,0.007710378000000004
0.0008126373426605209,1.5820393320000001,0.007710378000000004
0.0008136373426605209,1.5820393320000001,0.007776244000000002
0.0008146373426605209,1.5820393320000001,0.007776244000000002
0.0008156373426605209,1.5820393320000001,0.00784211
0.0008166373426605209,1.5820393320000001,0.008105574000000004
0.0008176373426605209,1.5820393320000001,0.008237306
0.0008186373426605209,1.5820393320000001,0.008171440000000002
0.000819637342660521,1.5820393320000001,0.008105574000000004
0.0008206373426605209,1.5820393320000001,0.007973842000000002
0.0008216373426605209,1.5820393320000001,0.007973842000000002
0.0008226373426605209,1.5820393320000001,0.007776244000000002
0.0008236373426605209,1.5820393320000001,0.007710378000000004
0.0008246373426605209,1.5820393320000001,0.007907976000000004
0.0008256373426605209,1.5820393320000001,0.00784211
0.0008266373426605209,1.5820393320000001,0.007644511999999999
0.0008276373426605209,1.5820393320000001,0.007512780000000004
0.000828637342660521,1.5820393320000001,0.007578646000000001
0.0008296373426605209,1.5820393320000001,0.007644511999999999
0.0008306373426605209,1.5820393320000001,0.007381048000000001
0.0008316373426605209,1.5820393320000001,0.007446914000000006
0.000832637342660521,1.5820393320000001,0.007710378000000004
0.0008336373426605209,1.5820393320000001,0.007710378000000004
0.0008346373426605209,1.5820393320000001,0.007710378000000004
0.0008356373426605209,1.5820393320000001,0.007776244000000002
0.0008366373426605209,1.5820393320000001,0.007776244000000002
0.000837637342660521,1.5820393320000001,0.007578646000000001
0.0008386373426605209,1.5820393320000001,0.007578646000000001
0.0008396373426605209,1.5820393320000001,0.007710378000000004
0.0008406373426605209,1.5820393320000001,0.007907976000000004
0.000841637342660521,1.5820393320000001,0.007973842000000002
0.0008426373426605209,1.5820393320000001,0.007578646000000001
0.0008436373426605209,1.5820393320000001,0.007710378000000004
0.0008446373426605209,1.5820393320000001,0.007907976000000004
0.0008456373426605209,1.5820393320000001,0.007512780000000004
0.000846637342660521,1.5820393320000001,0.007249316000000006
0.0008476373426605209,1.5820393320000001,0.007381048000000001
0.0008486373426605209,1.5820393320000001,0.007776244000000002
0.0008496373426605209,1.5820393320000001,0.007776244000000002
0.000850637342660521,1.5820393320000001,0.007644511999999999
0.0008516373426605209,1.5820393320000001,0.00784211
0.0008526373426605209,1.5820393320000001,0.007973842000000002
0.0008536373426605209,1.5820393320000001,0.00784211
0.0008546373426605209,1.5820393320000001,0.007644511999999999
0.000855637342660521,1.5820393320000001,0.007776244000000002
0.0008566373426605209,1.5820393320000001,0.007973842000000002
0.0008576373426605209,1.5820393320000001,0.007907976000000004
0.0008586373426605209,1.5820393320000001,0.007776244000000002
0.000859637342660521,1.5820393320000001,0.007710378000000004
0.0008606373426605209,1.5820393320000001,0.007710378000000004
0.0008616373426605209,1.5820393320000001,0.007973842000000002
0.0008626373426605209,1.5820393320000001,0.007973842000000002
0.0008636373426605209,1.5820393320000001,0.007907976000000004
0.0008646373426605209,1.5820393320000001,0.007907976000000004
0.0008656373426605209,1.5820393320000001,0.007973842000000002
0.0008666373426605209,1.5820393320000001,0.007907976000000004
0.0008676373426605209,1.5820393320000001,0.007776244000000002
0.000868637342660521,1.5820393320000001,0.007907976000000004
0.0008696373426605209,1.5820393320000001,0.007907976000000004
0.0008706373426605209,1.5820393320000001,0.007907976000000004
0.0008716373426605209,1.5820393320000001,0.008039708
0.0008726373426605209,1.5820393320000001,0.007907976000000004
0.0008736373426605209,1.5820393320000001,0.007644511999999999
0.0008746373426605209,1.5820393320000001,0.007578646000000001
0.0008756373426605209,1.5820393320000001,0.007710378000000004
0.0008766373426605209,1.5820393320000001,0.007710378000000004
0.000877637342660521,1.5820393320000001,0.007578646000000001
0.0008786373426605209,1.5820393320000001,0.007644511999999999
0.0008796373426605209,1.5820393320000001,0.007710378000000004
0.0008806373426605209,1.5820393320000001,0.007710378000000004
0.0008816373426605209,1.5820393320000001,0.007710378000000004
0.0008826373426605209,1.5820393320000001,0.007644511999999999
0.0008836373426605209,1.5820393320000001,0.007644511999999999
0.0008846373426605209,1.5820393320000001,0.007512780000000004
0.0008856373426605209,1.5820393320000001,0.007446914000000006
0.000886637342660521,1.5820393320000001,0.007776244000000002
0.0008876373426605209,1.5820393320000001,0.007907976000000004
0.0008886373426605209,1.5820393320000001,0.007973842000000002
0.0008896373426605209,1.5820393320000001,0.007710378000000004
0.000890637342660521,1.5820393320000001,0.00784211
0.0008916373426605209,1.5820393320000001,0.008171440000000002
0.0008926373426605209,1.5820393320000001,0.007973842000000002
0.0008936373426605209,1.5820393320000001,0.00784211
0.0008946373426605209,1.5820393320000001,0.007710378000000004
0.000895637342660521,1.5820393320000001,0.007644511999999999
0.0008966373426605209,1.5820393320000001,0.007710378000000004
0.0008976373426605209,1.5820393320000001,0.007710378000000004
0.0008986373426605209,1.5820393320000001,0.007710378000000004
0.000899637342660521,1.5820393320000001,0.007644511999999999
0.0009006373426605209,1.5820393320000001,0.007710378000000004
0.0009016373426605209,1.5820393320000001,0.007710378000000004
0.0009026373426605209,1.5820393320000001,0.007512780000000004
0.0009036373426605209,1.5820393320000001,0.00784211
0.000904637342660521,1.5820393320000001,0.00784211
0.0009056373426605209,1.5820393320000001,0.007644511999999999
0.0009066373426605209,1.5820393320000001,0.007776244000000002
0.0009076373426605209,1.5820393320000001,0.00784211
0.000908637342660521,1.5820393320000001,0.007907976000000004
0.0009096373426605209,1.5820393320000001,0.007907976000000004
0.0009106373426605209,1.5820393320000001,0.00784211
0.0009116373426605209,1.5820393320000001,0.007776244000000002
0.0009126373426605209,1.5820393320000001,0.007710378000000004
0.0009136373426605209,1.5820393320000001,0.00784211
0.0009146373426605209,1.5820393320000001,0.008039708
0.0009156373426605209,1.5820393320000001,0.008237306
0.0009166373426605209,1.5820393320000001,0.008434904
0.000917637342660521,1.5820393320000001,0.008303172000000004
0.0009186373426605209,1.5820393320000001,0.008434904
0.0009196373426605209,1.5820393320000001,0.008171440000000002
0.0009206373426605209,1.5820393320000001,0.008039708
0.0009216373426605209,1.5820393320000001,0.008171440000000002
0.0009226373426605209,1.5820393320000001,0.008171440000000002
0.0009236373426605209,1.5820393320000001,0.008171440000000002
0.0009246373426605209,1.5820393320000001,0.007907976000000004
0.0009256373426605209,1.5820393320000001,0.007907976000000004
0.000926637342660521,1.5820393320000001,0.008171440000000002
0.0009276373426605209,1.5820393320000001,0.008237306
0.0009286373426605209,1.5820393320000001,0.008105574000000004
0.0009296373426605209,1.5820393320000001,0.007973842000000002
0.0009306373426605209,1.5820393320000001,0.008039708
0.0009316373426605209,1.5820393320000001,0.007973842000000002
0.0009326373426605209,1.5820393320000001,0.007907976000000004
0.0009336373426605209,1.5820393320000001,0.007973842000000002
0.0009346373426605209,1.5820393320000001,0.007907976000000004
0.000935637342660521,1.5820393320000001,0.007776244000000002
0.0009366373426605209,1.5820393320000001,0.007644511999999999
0.0009376373426605209,1.5820393320000001,0.007512780000000004
0.0009386373426605209,1.5820393320000001,0.007710378000000004
0.0009396373426605209,1.5820393320000001,0.007710378000000004
0.0009406373426605209,1.5820393320000001,0.007710378000000004
0.0009416373426605209,1.5820393320000001,0.007776244000000002
0.0009426373426605209,1.5820393320000001,0.00784211
0.0009436373426605209,1.5820393320000001,0.007907976000000004
0.000944637342660521,1.5820393320000001,0.007776244000000002
0.0009456373426605209,1.5820393320000001,0.00784211
0.0009466373426605209,1.5820393320000001,0.007973842000000002
0.0009476373426605209,1.5820393320000001,0.008105574000000004
0.000948637342660521,1.5820393320000001,0.008237306
0.0009496373426605209,1.5820393320000001,0.008237306
0.0009506373426605209,1.5820393320000001,0.008500770000000005
0.0009516373426605209,1.5820393320000001,0.008500770000000005
0.0009526373426605209,1.5820393320000001,0.008303172000000004
0.0009536373426605209,1.5820393320000001,0.008369038000000002
0.0009546373426605209,1.5820393320000001,0.008369038000000002
0.0009556373426605209,1.5820393320000001,0.008303172000000004
0.0009566373426605209,1.5820393320000001,0.008303172000000004
0.000957637342660521,1.5820393320000001,0.008237306
0.0009586373426605209,1.5820393320000001,0.008303172000000004
0.0009596373426605209,1.5820393320000001,0.008500770000000005
0.0009606373426605209,1.5820393320000001,0.008434904
0.0009616373426605209,1.5820393320000001,0.008237306
0.0009626373426605209,1.5820393320000001,0.008303172000000004
0.0009636373426605209,1.5820393320000001,0.008566636000000002
0.0009646373426605209,1.5820393320000001,0.008434904
0.0009656373426605209,1.5820393320000001,0.008237306
0.000966637342660521,1.5820393320000001,0.008237306
0.0009676373426605209,1.5820393320000001,0.008303172000000004
0.0009686373426605209,1.5820393320000001,0.008171440000000002
0.0009696373426605209,1.5820393320000001,0.00784211
0.0009706373426605209,1.5820393320000001,0.008171440000000002
0.0009716373426605209,1.5820393320000001,0.008434904
0.0009726373426605209,1.5820393320000001,0.008303172000000004
0.0009736373426605209,1.5820393320000001,0.008303172000000004
0.0009746373426605209,1.5820393320000001,0.008303172000000004
0.000975637342660521,1.5820393320000001,0.008434904
0.0009766373426605209,1.5820393320000001,0.008434904
0.000977637342660521,1.5820393320000001,0.008434904
0.000978637342660521,1.5820393320000001,0.008500770000000005
0.0009796373426605208,1.5820393320000001,0.008500770000000005
0.000980637342660521,1.5820393320000001,0.008237306
0.0009816373426605209,1.5820393320000001,0.008171440000000002
0.0009826373426605208,1.5820393320000001,0.008303172000000004
0.000983637342660521,1.5820393320000001,0.008434904
0.0009846373426605208,1.5820393320000001,0.008369038000000002
0.000985637342660521,1.5820393320000001,0.008237306
0.000986637342660521,1.5820393320000001,0.008303172000000004
0.0009876373426605208,1.5820393320000001,0.008303172000000004
0.000988637342660521,1.5820393320000001,0.008303172000000004
0.0009896373426605209,1.5820393320000001,0.008039708
0.000990637342660521,1.5820393320000001,0.008039708
0.000991637342660521,1.5820393320000001,0.008303172000000004
0.0009926373426605208,1.5820393320000001,0.008105574000000004
0.000993637342660521,1.5820393320000001,0.00784211
0.0009946373426605209,1.5820393320000001,0.007907976000000004
0.000995637342660521,1.5820393320000001,0.008237306
0.000996637342660521,1.5820393320000001,0.008369038000000002
0.0009976373426605208,1.5820393320000001,0.008303172000000004
0.000998637342660521,1.5820393320000001,0.008303172000000004
0.0009996373426605209,1.5820393320000001,0.008171440000000002
0.0010006373426605208,1.5820393320000001,0.008237306
0.001001637342660521,1.5820393320000001,0.008500770000000005
