Time (s),Channel 1 Voltage (V),Channel 2 Voltage (V)
-1.290389591534e-06,0.0081626099,0.008171440000000002
-2.903895915340001e-07,0.4688473042,0.008303172000000004
7.096104084659998e-07,1.2536081379000001,0.008434904
1.709610408466e-06,1.5820393320000001,0.007973842000000002
2.7096104084659998e-06,1.5820393320000001,0.00784211
3.7096104084659995e-06,1.5820393320000001,0.008039708
4.709610408466e-06,1.5820393320000001,0.008105574000000004
5.709610408466e-06,1.5820393320000001,0.008039708
6.709610408465999e-06,1.5820393320000001,0.008039708
7.709610408466e-06,1.5820393320000001,0.008105574000000004
8.709610408465999e-06,1.5820393320000001,0.007907976000000004
9.709610408466e-06,1.5820393320000001,0.007776244000000002
1.0709610408466e-05,1.5820393320000001,0.00784211
1.1709610408465999e-05,1.5820393320000001,0.007973842000000002
1.2709610408466e-05,1.5820393320000001,0.007907976000000004
1.3709610408465998e-05,1.5820393320000001,0.007907976000000004
1.4709610408465999e-05,1.5820393320000001,0.008171440000000002
1.5709610408466e-05,1.5820393320000001,0.008171440000000002
1.6709610408466e-05,1.5820393320000001,0.00784211
1.7709610408465997e-05,1.5820393320000001,0.007710378000000004
1.8709610408465998e-05,1.5820393320000001,0.00784211
1.9709610408466e-05,1.5820393320000001,0.008171440000000002
2.0709610408466e-05,1.5820393320000001,0.008039708
2.1709610408466e-05,1.5820393320000001,0.007776244000000002
2.2709610408466e-05,1.5820393320000001,0.008039708
2.3709610408465997e-05,1.5820393320000001,0.008039708
2.4709610408465998e-05,1.5820393320000001,0.007907976000000004
2.5709610408466e-05,1.5820393320000001,0.007973842000000002
2.6709610408466e-05,1.5820393320000001,0.008039708
2.7709610408466e-05,1.5820393320000001,0.008105574000000004
2.8709610408465997e-05,1.5820393320000001,0.007907976000000004
2.9709610408466e-05,1.5820393320000001,0.008171440000000002
3.0709610408466e-05,1.5820393320000001,0.008369038000000002
3.1709610408466e-05,1.5820393320000001,0.008434904
3.2709610408466e-05,1.5820393320000001,0.008369038000000002
3.3709610408466e-05,1.5820393320000001,0.008105574000000004
3.4709610408466004e-05,1.5820393320000001,0.008303172000000004
3.5709610408466e-05,1.5820393320000001,0.008303172000000004
3.6709610408466e-05,1.5820393320000001,0.008171440000000002
3.7709610408466e-05,1.5820393320000001,0.008171440000000002
3.8709610408466e-05,1.5820393320000001,0.008171440000000002
3.9709610408466e-05,1.5820393320000001,0.008369038000000002
4.0709610408466e-05,1.5820393320000001,0.008237306
4.1709610408466e-05,1.5820393320000001,0.008237306
4.2709610408466e-05,1.5820393320000001,0.008237306
4.3709610408466e-05,1.5820393320000001,0.008171440000000002
4.4709610408466e-05,1.5820393320000001,0.008237306
4.5709610408466e-05,1.5820393320000001,0.008171440000000002
4.6709610408466004e-05,1.5820393320000001,0.008171440000000002
4.7709610408466e-05,1.5820393320000001,0.008303172000000004
4.8709610408466e-05,1.5820393320000001,0.008171440000000002
4.9709610408466e-05,1.5820393320000001,0.008237306
5.0709610408466e-05,1.5820393320000001,0.008171440000000002
5.1709610408466004e-05,1.5820393320000001,0.007973842000000002
5.2709610408466e-05,1.5820393320000001,0.008039708
5.3709610408466e-05,1.5820393320000001,0.008039708
5.4709610408466e-05,1.5820393320000001,0.008237306
5.5709610408466e-05,1.5820393320000001,0.008369038000000002
5.6709610408466e-05,1.5820393320000001,0.008369038000000002
5.7709610408466e-05,1.5820393320000001,0.008434904
5.8709610408466e-05,1.5820393320000001,0.008632502
5.9709610408466e-05,1.5820393320000001,0.008698368000000005
6.0709610408466006e-05,1.5820393320000001,0.008566636000000002
6.1709610408466e-05,1.5820393320000001,0.008500770000000005
6.2709610408466e-05,1.5820393320000001,0.008434904
6.3709610408466e-05,1.5820393320000001,0.008237306
6.4709610408466e-05,1.5820393320000001,0.008237306
6.5709610408466e-05,1.5820393320000001,0.008434904
6.6709610408466e-05,1.5820393320000001,0.008566636000000002
6.7709610408466e-05,1.5820393320000001,0.008632502
6.8709610408466e-05,1.5820393320000001,0.008632502
6.9709610408466e-05,1.5820393320000001,0.008764234000000003
7.0709610408466e-05,1.5820393320000001,0.008698368000000005
7.1709610408466e-05,1.5820393320000001,0.008566636000000002
7.2709610408466e-05,1.5820393320000001,0.008566636000000002
7.3709610408466e-05,1.5820393320000001,0.008566636000000002
7.4709610408466e-05,1.5820393320000001,0.008566636000000002
7.5709610408466e-05,1.5820393320000001,0.008566636000000002
7.6709610408466e-05,1.5820393320000001,0.0088301
7.7709610408466e-05,1.5820393320000001,0.009159430000000003
7.8709610408466e-05,1.5820393320000001,0.0088301
7.970961040846599e-05,1.5820393320000001,0.008566636000000002
8.0709610408466e-05,1.5820393320000001,0.008632502
8.1709610408466e-05,1.5820393320000001,0.008764234000000003
8.2709610408466e-05,1.5820393320000001,0.008961832000000003
8.3709610408466e-05,1.5820393320000001,0.008764234000000003
8.470961040846599e-05,1.5820393320000001,0.008764234000000003
8.5709610408466e-05,1.5820393320000001,0.0088301
8.6709610408466e-05,1.5820393320000001,0.0088301
8.7709610408466e-05,1.5820393320000001,0.008895966000000005
8.8709610408466e-05,1.5820393320000001,0.0088301
8.970961040846599e-05,1.5820393320000001,0.009027698
9.0709610408466e-05,1.5820393320000001,0.009159430000000003
9.1709610408466e-05,1.5820393320000001,0.008764234000000003
9.2709610408466e-05,1.5820393320000001,0.008566636000000002
9.3709610408466e-05,1.5820393320000001,0.008566636000000002
9.4709610408466e-05,1.5820393320000001,0.008764234000000003
9.5709610408466e-05,1.5820393320000001,0.008698368000000005
9.6709610408466e-05,1.5820393320000001,0.008764234000000003
9.7709610408466e-05,1.5820393320000001,0.008895966000000005
9.8709610408466e-05,1.5820393320000001,0.008698368000000005
9.9709610408466e-05,1.5820393320000001,0.008566636000000002
0.000100709610408466,1.5820393320000001,0.008698368000000005
0.000101709610408466,1.5820393320000001,0.0088301
0.000102709610408466,1.5820393320000001,0.008764234000000003
0.000103709610408466,1.5820393320000001,0.008632502
0.000104709610408466,1.5820393320000001,0.008698368000000005
0.000105709610408466,1.5820393320000001,0.008764234000000003
0.000106709610408466,1.5820393320000001,0.008698368000000005
0.000107709610408466,1.5820393320000001,0.008632502
0.000108709610408466,1.5820393320000001,0.008500770000000005
0.000109709610408466,1.5820393320000001,0.008434904
0.000110709610408466,1.5820393320000001,0.008303172000000004
0.000111709610408466,1.5820393320000001,0.008434904
0.000112709610408466,1.5820393320000001,0.008500770000000005
0.00011370961040846599,1.5820393320000001,0.008500770000000005
0.000114709610408466,1.5820393320000001,0.008764234000000003
0.000115709610408466,1.5820393320000001,0.008632502
0.000116709610408466,1.5820393320000001,0.008632502
0.000117709610408466,1.5820393320000001,0.008895966000000005
0.00011870961040846599,1.5820393320000001,0.008895966000000005
0.000119709610408466,1.5820393320000001,0.0088301
0.000120709610408466,1.5820393320000001,0.008698368000000005
0.00012170961040846598,1.5820393320000001,0.008698368000000005
0.000122709610408466,1.5820393320000001,0.008632502
0.000123709610408466,1.5820393320000001,0.008566636000000002
0.000124709610408466,1.5820393320000001,0.008764234000000003
0.00012570961040846599,1.5820393320000001,0.008895966000000005
0.00012670961040846598,1.5820393320000001,0.008895966000000005
0.00012770961040846598,1.5820393320000001,0.0088301
0.00012870961040846598,1.5820393320000001,0.008698368000000005
0.00012970961040846598,1.5820393320000001,0.008566636000000002
0.00013070961040846597,1.5820393320000001,0.008434904
0.000131709610408466,1.5820393320000001,0.008303172000000004
0.000132709610408466,1.5820393320000001,0.008303172000000004
0.000133709610408466,1.5820393320000001,0.008434904
0.000134709610408466,1.5820393320000001,0.008632502
0.00013570961040846599,1.5820393320000001,0.008632502
0.00013670961040846598,1.5820393320000001,0.008632502
0.00013770961040846598,1.5820393320000001,0.008632502
0.00013870961040846598,1.5820393320000001,0.008434904
0.00013970961040846597,1.5820393320000001,0.008434904
0.00014070961040846597,1.5820393320000001,0.008500770000000005
0.000141709610408466,1.5820393320000001,0.008764234000000003
0.000142709610408466,1.5820393320000001,0.008632502
0.000143709610408466,1.5820393320000001,0.008632502
0.000144709610408466,1.5820393320000001,0.008764234000000003
0.00014570961040846598,1.5820393320000001,0.008698368000000005
0.00014670961040846598,1.5820393320000001,0.0088301
0.00014770961040846598,1.5820393320000001,0.008895966000000005
0.00014870961040846598,1.5820393320000001,0.0088301
0.00014970961040846597,1.5820393320000001,0.008500770000000005
0.00015070961040846597,1.5820393320000001,0.008303172000000004
0.000151709610408466,1.5820393320000001,0.008632502
0.000152709610408466,1.5820393320000001,0.008895966000000005
0.000153709610408466,1.5820393320000001,0.008632502
0.000154709610408466,1.5820393320000001,0.008566636000000002
0.00015570961040846598,1.5820393320000001,0.008566636000000002
0.00015670961040846598,1.5820393320000001,0.008434904
0.00015770961040846598,1.5820393320000001,0.008500770000000005
0.00015870961040846598,1.5820393320000001,0.008566636000000002
0.00015970961040846597,1.5820393320000001,0.008566636000000002
0.00016070961040846597,1.5820393320000001,0.008500770000000005
0.000161709610408466,1.5820393320000001,0.008632502
0.000162709610408466,1.5820393320000001,0.008632502
0.000163709610408466,1.5820393320000001,0.008632502
0.00016470961040846599,1.5820393320000001,0.008632502
0.00016570961040846598,1.5820393320000001,0.008500770000000005
0.00016670961040846598,1.5820393320000001,0.008434904
0.00016770961040846598,1.5820393320000001,0.008632502
0.00016870961040846597,1.5820393320000001,0.0088301
0.00016970961040846597,1.5820393320000001,0.008764234000000003
0.00017070961040846597,1.5820393320000001,0.008500770000000005
0.000171709610408466,1.5820393320000001,0.008369038000000002
0.000172709610408466,1.5820393320000001,0.008369038000000002
0.000173709610408466,1.5820393320000001,0.008369038000000002
0.00017470961040846598,1.5820393320000001,0.008500770000000005
0.00017570961040846598,1.5820393320000001,0.008566636000000002
0.00017670961040846598,1.5820393320000001,0.008500770000000005
0.00017770961040846598,1.5820393320000001,0.008434904
0.00017870961040846597,1.5820393320000001,0.008500770000000005
0.00017970961040846597,1.5820393320000001,0.008698368000000005
0.00018070961040846597,1.5820393320000001,0.008632502
0.000181709610408466,1.5820393320000001,0.008566636000000002
0.000182709610408466,1.5820393320000001,0.008369038000000002
0.000183709610408466,1.5820393320000001,0.008303172000000004
0.00018470961040846598,1.5820393320000001,0.008434904
0.00018570961040846598,1.5820393320000001,0.008171440000000002
0.00018670961040846598,1.5820393320000001,0.008237306
0.00018770961040846598,1.5820393320000001,0.008500770000000005
0.00018870961040846597,1.5820393320000001,0.008500770000000005
0.00018970961040846597,1.5820393320000001,0.008369038000000002
0.000190709610408466,1.5820393320000001,0.008237306
0.000191709610408466,1.5820393320000001,0.008434904
0.000192709610408466,1.5820393320000001,0.008632502
0.00019370961040846599,1.5820393320000001,0.008434904
0.00019470961040846598,1.5820393320000001,0.008369038000000002
0.00019570961040846598,1.5820393320000001,0.008369038000000002
0.00019670961040846598,1.5820393320000001,0.008434904
0.00019770961040846597,1.5820393320000001,0.008500770000000005
0.00019870961040846597,1.5820393320000001,0.008566636000000002
0.00019970961040846597,1.5820393320000001,0.008632502
0.000200709610408466,1.5820393320000001,0.008500770000000005
0.000201709610408466,1.5820393320000001,0.008566636000000002
0.000202709610408466,1.5820393320000001,0.008632502
0.00020370961040846598,1.5820393320000001,0.008698368000000005
0.00020470961040846598,1.5820393320000001,0.0088301
0.00020570961040846598,1.5820393320000001,0.008500770000000005
0.00020670961040846598,1.5820393320000001,0.008434904
0.00020770961040846597,1.5820393320000001,0.008566636000000002
0.00020870961040846597,1.5820393320000001,0.008698368000000005
0.00020970961040846597,1.5820393320000001,0.008566636000000002
0.000210709610408466,1.5820393320000001,0.008434904
0.000211709610408466,1.5820393320000001,0.008434904
0.000212709610408466,1.5820393320000001,0.008237306
0.00021370961040846598,1.5820393320000001,0.008303172000000004
0.00021470961040846598,1.5820393320000001,0.008632502
0.00021570961040846598,1.5820393320000001,0.008566636000000002
0.00021670961040846598,1.5820393320000001,0.008303172000000004
0.00021770961040846597,1.5820393320000001,0.008105574000000004
0.00021870961040846597,1.5820393320000001,0.007973842000000002
0.00021970961040846597,1.5820393320000001,0.008171440000000002
0.000220709610408466,1.5820393320000001,0.008105574000000004
0.000221709610408466,1.5820393320000001,0.008105574000000004
0.00022270961040846599,1.5820393320000001,0.008237306
0.00022370961040846598,1.5820393320000001,0.008171440000000002
0.00022470961040846598,1.5820393320000001,0.008237306
0.00022570961040846598,1.5820393320000001,0.008171440000000002
0.00022670961040846597,1.5820393320000001,0.008303172000000004
0.00022770961040846597,1.5820393320000001,0.008237306
0.00022870961040846597,1.5820393320000001,0.008039708
0.00022970961040846597,1.5820393320000001,0.008303172000000004
0.000230709610408466,1.5820393320000001,0.008237306
0.000231709610408466,1.5820393320000001,0.008237306
0.00023270961040846599,1.5820393320000001,0.008303172000000004
0.00023370961040846598,1.5820393320000001,0.008237306
0.00023470961040846598,1.5820393320000001,0.008434904
0.00023570961040846598,1.5820393320000001,0.008434904
0.00023670961040846597,1.5820393320000001,0.008303172000000004
0.00023770961040846597,1.5820393320000001,0.007973842000000002
0.00023870961040846597,1.5820393320000001,0.007973842000000002
0.00023970961040846597,1.5820393320000001,0.008303172000000004
0.000240709610408466,1.5820393320000001,0.008039708
0.000241709610408466,1.5820393320000001,0.007907976000000004
0.00024270961040846598,1.5820393320000001,0.008171440000000002
0.00024370961040846598,1.5820393320000001,0.008303172000000004
0.000244709610408466,1.5820393320000001,0.008039708
0.000245709610408466,1.5820393320000001,0.007578646000000001
0.00024670961040846603,1.5820393320000001,0.007578646000000001
0.000247709610408466,1.5820393320000001,0.007776244000000002
0.000248709610408466,1.5820393320000001,0.007644511999999999
0.000249709610408466,1.5820393320000001,0.007644511999999999
0.000250709610408466,1.5820393320000001,0.007644511999999999
0.000251709610408466,1.5820393320000001,0.007644511999999999
0.000252709610408466,1.5820393320000001,0.007776244000000002
0.000253709610408466,1.5820393320000001,0.007907976000000004
0.000254709610408466,1.5820393320000001,0.007907976000000004
0.00025570961040846603,1.5820393320000001,0.00784211
0.000256709610408466,1.5820393320000001,0.00784211
0.000257709610408466,1.5820393320000001,0.007776244000000002
0.000258709610408466,1.5820393320000001,0.007776244000000002
0.000259709610408466,1.5820393320000001,0.00784211
0.000260709610408466,1.5820393320000001,0.007776244000000002
0.000261709610408466,1.5820393320000001,0.00784211
0.000262709610408466,1.5820393320000001,0.00784211
0.000263709610408466,1.5820393320000001,0.007776244000000002
0.00026470961040846603,1.5820393320000001,0.007776244000000002
0.000265709610408466,1.5820393320000001,0.00784211
0.000266709610408466,1.5820393320000001,0.007973842000000002
0.000267709610408466,1.5820393320000001,0.00784211
0.000268709610408466,1.5820393320000001,0.007710378000000004
0.000269709610408466,1.5820393320000001,0.007776244000000002
0.000270709610408466,1.5820393320000001,0.007907976000000004
0.000271709610408466,1.5820393320000001,0.007907976000000004
0.000272709610408466,1.5820393320000001,0.007512780000000004
0.000273709610408466,1.5820393320000001,0.007381048000000001
0.000274709610408466,1.5820393320000001,0.007644511999999999
0.00027570961040846603,1.5820393320000001,0.007578646000000001
0.000276709610408466,1.5820393320000001,0.007578646000000001
0.000277709610408466,1.5820393320000001,0.007710378000000004
0.000278709610408466,1.5820393320000001,0.007776244000000002
0.000279709610408466,1.5820393320000001,0.007907976000000004
0.000280709610408466,1.5820393320000001,0.007776244000000002
0.000281709610408466,1.5820393320000001,0.00784211
0.000282709610408466,1.5820393320000001,0.007776244000000002
0.000283709610408466,1.5820393320000001,0.007644511999999999
0.00028470961040846603,1.5820393320000001,0.007578646000000001
0.000285709610408466,1.5820393320000001,0.007578646000000001
0.000286709610408466,1.5820393320000001,0.007776244000000002
0.000287709610408466,1.5820393320000001,0.007578646000000001
0.000288709610408466,1.5820393320000001,0.007578646000000001
0.000289709610408466,1.5820393320000001,0.007710378000000004
0.000290709610408466,1.5820393320000001,0.007644511999999999
0.000291709610408466,1.5820393320000001,0.007644511999999999
0.000292709610408466,1.5820393320000001,0.007776244000000002
0.000293709610408466,1.5820393320000001,0.00784211
0.000294709610408466,1.5820393320000001,0.00784211
0.000295709610408466,1.5820393320000001,0.007512780000000004
0.000296709610408466,1.5820393320000001,0.007578646000000001
0.000297709610408466,1.5820393320000001,0.00784211
0.000298709610408466,1.5820393320000001,0.007907976000000004
0.000299709610408466,1.5820393320000001,0.007644511999999999
0.000300709610408466,1.5820393320000001,0.007446914000000006
0.000301709610408466,1.5820393320000001,0.007644511999999999
0.000302709610408466,1.5820393320000001,0.007446914000000006
0.000303709610408466,1.5820393320000001,0.007446914000000006
0.00030470961040846603,1.5820393320000001,0.007644511999999999
0.000305709610408466,1.5820393320000001,0.007644511999999999
0.000306709610408466,1.5820393320000001,0.007710378000000004
0.000307709610408466,1.5820393320000001,0.007776244000000002
0.000308709610408466,1.5820393320000001,0.007710378000000004
0.000309709610408466,1.5820393320000001,0.007710378000000004
0.000310709610408466,1.5820393320000001,0.00784211
0.000311709610408466,1.5820393320000001,0.00784211
0.000312709610408466,1.5820393320000001,0.007776244000000002
0.000313709610408466,1.5820393320000001,0.00784211
0.000314709610408466,1.5820393320000001,0.00784211
0.000315709610408466,1.5820393320000001,0.007644511999999999
0.000316709610408466,1.5820393320000001,0.007710378000000004
0.000317709610408466,1.5820393320000001,0.00784211
0.000318709610408466,1.5820393320000001,0.00784211
0.000319709610408466,1.5820393320000001,0.007907976000000004
0.000320709610408466,1.5820393320000001,0.007776244000000002
0.000321709610408466,1.5820393320000001,0.007907976000000004
0.000322709610408466,1.5820393320000001,0.00784211
0.000323709610408466,1.5820393320000001,0.00784211
0.000324709610408466,1.5820393320000001,0.00784211
0.000325709610408466,1.5820393320000001,0.007776244000000002
0.000326709610408466,1.5820393320000001,0.007776244000000002
0.000327709610408466,1.5820393320000001,0.007644511999999999
0.000328709610408466,1.5820393320000001,0.007644511999999999
0.000329709610408466,1.5820393320000001,0.007776244000000002
0.000330709610408466,1.5820393320000001,0.007710378000000004
0.000331709610408466,1.5820393320000001,0.007446914000000006
0.000332709610408466,1.5820393320000001,0.007512780000000004
0.00033370961040846603,1.5820393320000001,0.007512780000000004
0.000334709610408466,1.5820393320000001,0.007381048000000001
0.000335709610408466,1.5820393320000001,0.007446914000000006
0.000336709610408466,1.5820393320000001,0.007315182000000003
0.000337709610408466,1.5820393320000001,0.007381048000000001
0.000338709610408466,1.5820393320000001,0.007446914000000006
0.000339709610408466,1.5820393320000001,0.007315182000000003
0.000340709610408466,1.5820393320000001,0.007381048000000001
0.000341709610408466,1.5820393320000001,0.007512780000000004
0.000342709610408466,1.5820393320000001,0.007249316000000006
0.000343709610408466,1.5820393320000001,0.007315182000000003
0.000344709610408466,1.5820393320000001,0.007644511999999999
0.000345709610408466,1.5820393320000001,0.007512780000000004
0.000346709610408466,1.5820393320000001,0.007578646000000001
0.000347709610408466,1.5820393320000001,0.007512780000000004
0.000348709610408466,1.5820393320000001,0.007446914000000006
0.000349709610408466,1.5820393320000001,0.007512780000000004
0.000350709610408466,1.5820393320000001,0.007578646000000001
0.000351709610408466,1.5820393320000001,0.007644511999999999
0.000352709610408466,1.5820393320000001,0.007644511999999999
0.000353709610408466,1.5820393320000001,0.007578646000000001
0.000354709610408466,1.5820393320000001,0.007512780000000004
0.000355709610408466,1.5820393320000001,0.007578646000000001
0.000356709610408466,1.5820393320000001,0.007578646000000001
0.000357709610408466,1.5820393320000001,0.007512780000000004
0.000358709610408466,1.5820393320000001,0.007512780000000004
0.000359709610408466,1.5820393320000001,0.007315182000000003
0.000360709610408466,1.5820393320000001,0.007446914000000006
0.000361709610408466,1.5820393320000001,0.007776244000000002
0.000362709610408466,1.5820393320000001,0.007578646000000001
0.000363709610408466,1.5820393320000001,0.007512780000000004
0.000364709610408466,1.5820393320000001,0.00784211
0.000365709610408466,1.5820393320000001,0.007907976000000004
0.000366709610408466,1.5820393320000001,0.007578646000000001
0.000367709610408466,1.5820393320000001,0.007381048000000001
0.000368709610408466,1.5820393320000001,0.007446914000000006
0.000369709610408466,1.5820393320000001,0.007578646000000001
0.000370709610408466,1.5820393320000001,0.007512780000000004
0.000371709610408466,1.5820393320000001,0.007644511999999999
0.000372709610408466,1.5820393320000001,0.007644511999999999
0.000373709610408466,1.5820393320000001,0.007644511999999999
0.000374709610408466,1.5820393320000001,0.007578646000000001
0.000375709610408466,1.5820393320000001,0.007446914000000006
0.000376709610408466,1.5820393320000001,0.007446914000000006
0.000377709610408466,1.5820393320000001,0.007381048000000001
0.000378709610408466,1.5820393320000001,0.007315182000000003
0.000379709610408466,1.5820393320000001,0.007381048000000001
0.000380709610408466,1.5820393320000001,0.007512780000000004
0.000381709610408466,1.5820393320000001,0.007446914000000006
0.000382709610408466,1.5820393320000001,0.007446914000000006
0.000383709610408466,1.5820393320000001,0.007512780000000004
0.000384709610408466,1.5820393320000001,0.007381048000000001
0.000385709610408466,1.5820393320000001,0.007446914000000006
0.000386709610408466,1.5820393320000001,0.007578646000000001
0.000387709610408466,1.5820393320000001,0.007446914000000006
0.000388709610408466,1.5820393320000001,0.007578646000000001
0.000389709610408466,1.5820393320000001,0.007644511999999999
0.000390709610408466,1.5820393320000001,0.007512780000000004
0.000391709610408466,1.5820393320000001,0.007644511999999999
0.000392709610408466,1.5820393320000001,0.007578646000000001
0.000393709610408466,1.5820393320000001,0.00784211
0.000394709610408466,1.5820393320000001,0.007973842000000002
0.000395709610408466,1.5820393320000001,0.007776244000000002
0.000396709610408466,1.5820393320000001,0.00784211
0.000397709610408466,1.5820393320000001,0.00784211
0.000398709610408466,1.5820393320000001,0.007512780000000004
0.000399709610408466,1.5820393320000001,0.007512780000000004
0.000400709610408466,1.5820393320000001,0.007644511999999999
0.000401709610408466,1.5820393320000001,0.007512780000000004
0.000402709610408466,1.5820393320000001,0.007644511999999999
0.000403709610408466,1.5820393320000001,0.00784211
0.000404709610408466,1.5820393320000001,0.007973842000000002
0.000405709610408466,1.5820393320000001,0.007907976000000004
0.000406709610408466,1.5820393320000001,0.007776244000000002
0.000407709610408466,1.5820393320000001,0.007710378000000004
0.000408709610408466,1.5820393320000001,0.00784211
0.000409709610408466,1.5820393320000001,0.008039708
0.000410709610408466,1.5820393320000001,0.008039708
0.00041170961040846597,1.5820393320000001,0.007907976000000004
0.000412709610408466,1.5820393320000001,0.007776244000000002
0.000413709610408466,1.5820393320000001,0.007776244000000002
0.000414709610408466,1.5820393320000001,0.007776244000000002
0.000415709610408466,1.5820393320000001,0.007710378000000004
0.000416709610408466,1.5820393320000001,0.007644511999999999
0.000417709610408466,1.5820393320000001,0.007512780000000004
0.000418709610408466,1.5820393320000001,0.007710378000000004
0.000419709610408466,1.5820393320000001,0.007907976000000004
0.000420709610408466,1.5820393320000001,0.00784211
0.000421709610408466,1.5820393320000001,0.007776244000000002
0.000422709610408466,1.5820393320000001,0.007644511999999999
0.000423709610408466,1.5820393320000001,0.007710378000000004
0.000424709610408466,1.5820393320000001,0.00784211
0.000425709610408466,1.5820393320000001,0.007644511999999999
0.000426709610408466,1.5820393320000001,0.007644511999999999
0.000427709610408466,1.5820393320000001,0.007776244000000002
0.000428709610408466,1.5820393320000001,0.007776244000000002
0.000429709610408466,1.5820393320000001,0.007644511999999999
0.000430709610408466,1.5820393320000001,0.007512780000000004
0.00043170961040846597,1.5820393320000001,0.007578646000000001
0.000432709610408466,1.5820393320000001,0.007644511999999999
0.000433709610408466,1.5820393320000001,0.007644511999999999
0.000434709610408466,1.5820393320000001,0.007512780000000004
0.000435709610408466,1.5820393320000001,0.007578646000000001
0.000436709610408466,1.5820393320000001,0.007710378000000004
0.000437709610408466,1.5820393320000001,0.007644511999999999
0.000438709610408466,1.5820393320000001,0.007644511999999999
0.000439709610408466,1.5820393320000001,0.007776244000000002
0.00044070961040846597,1.5820393320000001,0.007710378000000004
0.000441709610408466,1.5820393320000001,0.007578646000000001
0.000442709610408466,1.5820393320000001,0.007512780000000004
0.000443709610408466,1.5820393320000001,0.007644511999999999
0.000444709610408466,1.5820393320000001,0.00784211
0.000445709610408466,1.5820393320000001,0.00784211
0.000446709610408466,1.5820393320000001,0.007776244000000002
0.000447709610408466,1.5820393320000001,0.00784211
0.000448709610408466,1.5820393320000001,0.00784211
0.000449709610408466,1.5820393320000001,0.007710378000000004
0.000450709610408466,1.5820393320000001,0.007644511999999999
0.000451709610408466,1.5820393320000001,0.007644511999999999
0.000452709610408466,1.5820393320000001,0.007512780000000004
0.000453709610408466,1.5820393320000001,0.00784211
0.000454709610408466,1.5820393320000001,0.008171440000000002
0.000455709610408466,1.5820393320000001,0.007973842000000002
0.000456709610408466,1.5820393320000001,0.007710378000000004
0.000457709610408466,1.5820393320000001,0.007644511999999999
0.000458709610408466,1.5820393320000001,0.00784211
0.000459709610408466,1.5820393320000001,0.007973842000000002
0.00046070961040846597,1.5820393320000001,0.007973842000000002
0.000461709610408466,1.5820393320000001,0.007973842000000002
0.000462709610408466,1.5820393320000001,0.008039708
0.000463709610408466,1.5820393320000001,0.008171440000000002
0.000464709610408466,1.5820393320000001,0.007973842000000002
0.000465709610408466,1.5820393320000001,0.007776244000000002
0.000466709610408466,1.5820393320000001,0.007776244000000002
0.000467709610408466,1.5820393320000001,0.007644511999999999
0.000468709610408466,1.5820393320000001,0.007578646000000001
0.00046970961040846597,1.5820393320000001,0.007644511999999999
0.000470709610408466,1.5820393320000001,0.007446914000000006
0.000471709610408466,1.5820393320000001,0.007578646000000001
0.000472709610408466,1.5820393320000001,0.007644511999999999
0.000473709610408466,1.5820393320000001,0.007644511999999999
0.000474709610408466,1.5820393320000001,0.007776244000000002
0.000475709610408466,1.5820393320000001,0.007776244000000002
0.000476709610408466,1.5820393320000001,0.007907976000000004
0.000477709610408466,1.5820393320000001,0.008039708
0.000478709610408466,1.5820393320000001,0.008105574000000004
0.000479709610408466,1.5820393320000001,0.007973842000000002
0.00048070961040846597,1.5820393320000001,0.007907976000000004
0.000481709610408466,1.5820393320000001,0.007973842000000002
0.000482709610408466,1.5820393320000001,0.007973842000000002
0.000483709610408466,1.5820393320000001,0.008039708
0.000484709610408466,1.5820393320000001,0.007973842000000002
0.000485709610408466,1.5820393320000001,0.007907976000000004
0.000486709610408466,1.5820393320000001,0.00784211
0.000487709610408466,1.5820393320000001,0.007710378000000004
0.000488709610408466,1.5820393320000001,0.00784211
0.000489709610408466,1.5820393320000001,0.00784211
0.0004907096104084659,1.5820393320000001,0.00784211
0.000491709610408466,1.5820393320000001,0.00784211
0.000492709610408466,1.5820393320000001,0.007776244000000002
0.000493709610408466,1.5820393320000001,0.007710378000000004
0.000494709610408466,1.5820393320000001,0.007512780000000004
0.000495709610408466,1.5820393320000001,0.007578646000000001
0.000496709610408466,1.5820393320000001,0.007776244000000002
0.000497709610408466,1.5820393320000001,0.007644511999999999
0.000498709610408466,1.5820393320000001,0.007710378000000004
0.0004997096104084659,1.5820393320000001,0.007907976000000004
0.000500709610408466,1.5820393320000001,0.00784211
0.000501709610408466,1.5820393320000001,0.007644511999999999
0.000502709610408466,1.5820393320000001,0.007710378000000004
0.000503709610408466,1.5820393320000001,0.00784211
0.000504709610408466,1.5820393320000001,0.007776244000000002
0.000505709610408466,1.5820393320000001,0.007776244000000002
0.000506709610408466,1.5820393320000001,0.00784211
0.000507709610408466,1.5820393320000001,0.00784211
0.0005087096104084659,1.5820393320000001,0.007644511999999999
0.000509709610408466,1.5820393320000001,0.007644511999999999
0.000510709610408466,1.5820393320000001,0.008039708
0.000511709610408466,1.5820393320000001,0.008039708
0.000512709610408466,1.5820393320000001,0.007907976000000004
0.000513709610408466,1.5820393320000001,0.007973842000000002
0.000514709610408466,1.5820393320000001,0.007907976000000004
0.000515709610408466,1.5820393320000001,0.007776244000000002
0.000516709610408466,1.5820393320000001,0.007710378000000004
0.000517709610408466,1.5820393320000001,0.007776244000000002
0.000518709610408466,1.5820393320000001,0.007907976000000004
0.000519709610408466,1.5820393320000001,0.008039708
0.000520709610408466,1.5820393320000001,0.008039708
0.000521709610408466,1.5820393320000001,0.008105574000000004
0.000522709610408466,1.5820393320000001,0.008105574000000004
0.000523709610408466,1.5820393320000001,0.008105574000000004
0.000524709610408466,1.5820393320000001,0.007973842000000002
0.000525709610408466,1.5820393320000001,0.007907976000000004
0.000526709610408466,1.5820393320000001,0.007907976000000004
0.000527709610408466,1.5820393320000001,0.007776244000000002
0.000528709610408466,1.5820393320000001,0.007776244000000002
0.000529709610408466,1.5820393320000001,0.007907976000000004
0.000530709610408466,1.5820393320000001,0.007973842000000002
0.000531709610408466,1.5820393320000001,0.007907976000000004
0.000532709610408466,1.5820393320000001,0.007907976000000004
0.000533709610408466,1.5820393320000001,0.008237306
0.000534709610408466,1.5820393320000001,0.008237306
0.000535709610408466,1.5820393320000001,0.008105574000000004
0.000536709610408466,1.5820393320000001,0.008171440000000002
0.000537709610408466,1.5820393320000001,0.008237306
0.000538709610408466,1.5820393320000001,0.008303172000000004
0.0005397096104084659,1.5820393320000001,0.008303172000000004
0.000540709610408466,1.5820393320000001,0.008303172000000004
0.000541709610408466,1.5820393320000001,0.008105574000000004
0.000542709610408466,1.5820393320000001,0.00784211
0.000543709610408466,1.5820393320000001,0.00784211
0.000544709610408466,1.5820393320000001,0.007907976000000004
0.000545709610408466,1.5820393320000001,0.007973842000000002
0.000546709610408466,1.5820393320000001,0.007973842000000002
0.000547709610408466,1.5820393320000001,0.007973842000000002
0.0005487096104084659,1.5820393320000001,0.008171440000000002
0.000549709610408466,1.5820393320000001,0.008237306
0.000550709610408466,1.5820393320000001,0.008105574000000004
0.000551709610408466,1.5820393320000001,0.007907976000000004
0.000552709610408466,1.5820393320000001,0.007973842000000002
0.000553709610408466,1.5820393320000001,0.008039708
0.000554709610408466,1.5820393320000001,0.00784211
0.000555709610408466,1.5820393320000001,0.00784211
0.000556709610408466,1.5820393320000001,0.007907976000000004
0.0005577096104084659,1.5820393320000001,0.007907976000000004
0.000558709610408466,1.5820393320000001,0.007776244000000002
0.000559709610408466,1.5820393320000001,0.007776244000000002
0.000560709610408466,1.5820393320000001,0.008171440000000002
0.000561709610408466,1.5820393320000001,0.008105574000000004
0.000562709610408466,1.5820393320000001,0.00784211
0.000563709610408466,1.5820393320000001,0.007907976000000004
0.000564709610408466,1.5820393320000001,0.008039708
0.000565709610408466,1.5820393320000001,0.008039708
0.0005667096104084659,1.5820393320000001,0.007973842000000002
0.000567709610408466,1.5820393320000001,0.008105574000000004
0.000568709610408466,1.5820393320000001,0.008237306
0.000569709610408466,1.5820393320000001,0.008171440000000002
0.000570709610408466,1.5820393320000001,0.008171440000000002
0.000571709610408466,1.5820393320000001,0.008303172000000004
0.000572709610408466,1.5820393320000001,0.008039708
0.000573709610408466,1.5820393320000001,0.007907976000000004
0.000574709610408466,1.5820393320000001,0.007907976000000004
0.000575709610408466,1.5820393320000001,0.007907976000000004
0.000576709610408466,1.5820393320000001,0.008105574000000004
0.000577709610408466,1.5820393320000001,0.008039708
0.000578709610408466,1.5820393320000001,0.008039708
0.000579709610408466,1.5820393320000001,0.008171440000000002
0.000580709610408466,1.5820393320000001,0.008237306
0.000581709610408466,1.5820393320000001,0.008105574000000004
0.000582709610408466,1.5820393320000001,0.008039708
0.000583709610408466,1.5820393320000001,0.008171440000000002
0.000584709610408466,1.5820393320000001,0.008171440000000002
0.000585709610408466,1.5820393320000001,0.008237306
0.000586709610408466,1.5820393320000001,0.008039708
0.000587709610408466,1.5820393320000001,0.00784211
0.0005887096104084659,1.5820393320000001,0.008039708
0.000589709610408466,1.5820393320000001,0.008039708
0.000590709610408466,1.5820393320000001,0.008039708
0.000591709610408466,1.5820393320000001,0.008237306
0.000592709610408466,1.5820393320000001,0.008303172000000004
0.000593709610408466,1.5820393320000001,0.008237306
0.000594709610408466,1.5820393320000001,0.007973842000000002
0.000595709610408466,1.5820393320000001,0.007907976000000004
0.000596709610408466,1.5820393320000001,0.007973842000000002
0.0005977096104084659,1.5820393320000001,0.008105574000000004
0.000598709610408466,1.5820393320000001,0.008039708
0.000599709610408466,1.5820393320000001,0.007776244000000002
0.000600709610408466,1.5820393320000001,0.007776244000000002
0.000601709610408466,1.5820393320000001,0.007710378000000004
0.000602709610408466,1.5820393320000001,0.007710378000000004
0.000603709610408466,1.5820393320000001,0.007710378000000004
0.000604709610408466,1.5820393320000001,0.007776244000000002
0.000605709610408466,1.5820393320000001,0.008105574000000004
0.0006067096104084659,1.5820393320000001,0.008105574000000004
0.000607709610408466,1.5820393320000001,0.008039708
0.000608709610408466,1.5820393320000001,0.007973842000000002
0.000609709610408466,1.5820393320000001,0.00784211
0.000610709610408466,1.5820393320000001,0.007907976000000004
0.000611709610408466,1.5820393320000001,0.008171440000000002
0.000612709610408466,1.5820393320000001,0.008237306
0.000613709610408466,1.5820393320000001,0.007973842000000002
0.000614709610408466,1.5820393320000001,0.007644511999999999
0.0006157096104084659,1.5820393320000001,0.007776244000000002
0.000616709610408466,1.5820393320000001,0.00784211
0.000617709610408466,1.5820393320000001,0.007776244000000002
0.000618709610408466,1.5820393320000001,0.007776244000000002
0.000619709610408466,1.5820393320000001,0.007776244000000002
0.000620709610408466,1.5820393320000001,0.007907976000000004
0.000621709610408466,1.5820393320000001,0.007907976000000004
0.000622709610408466,1.5820393320000001,0.007907976000000004
0.000623709610408466,1.5820393320000001,0.008039708
0.0006247096104084659,1.5820393320000001,0.007907976000000004
0.000625709610408466,1.5820393320000001,0.007907976000000004
0.000626709610408466,1.5820393320000001,0.00784211
0.000627709610408466,1.5820393320000001,0.00784211
0.0006287096104084659,1.5820393320000001,0.007973842000000002
0.000629709610408466,1.5820393320000001,0.00784211
0.000630709610408466,1.5820393320000001,0.007907976000000004
0.000631709610408466,1.5820393320000001,0.007710378000000004
0.000632709610408466,1.5820393320000001,0.007446914000000006
0.000633709610408466,1.5820393320000001,0.007710378000000004
0.000634709610408466,1.5820393320000001,0.007776244000000002
0.000635709610408466,1.5820393320000001,0.00784211
0.000636709610408466,1.5820393320000001,0.007907976000000004
0.0006377096104084659,1.5820393320000001,0.00784211
0.000638709610408466,1.5820393320000001,0.007644511999999999
0.000639709610408466,1.5820393320000001,0.007644511999999999
0.000640709610408466,1.5820393320000001,0.00784211
0.000641709610408466,1.5820393320000001,0.007710378000000004
0.000642709610408466,1.5820393320000001,0.007710378000000004
0.000643709610408466,1.5820393320000001,0.007578646000000001
0.000644709610408466,1.5820393320000001,0.007446914000000006
0.000645709610408466,1.5820393320000001,0.007578646000000001
0.0006467096104084659,1.5820393320000001,0.007512780000000004
0.000647709610408466,1.5820393320000001,0.007644511999999999
0.000648709610408466,1.5820393320000001,0.007973842000000002
0.000649709610408466,1.5820393320000001,0.007973842000000002
0.000650709610408466,1.5820393320000001,0.007776244000000002
0.000651709610408466,1.5820393320000001,0.007710378000000004
0.000652709610408466,1.5820393320000001,0.007776244000000002
0.000653709610408466,1.5820393320000001,0.00784211
0.000654709610408466,1.5820393320000001,0.00784211
0.0006557096104084659,1.5820393320000001,0.007710378000000004
0.000656709610408466,1.5820393320000001,0.007446914000000006
0.000657709610408466,1.5820393320000001,0.007446914000000006
0.000658709610408466,1.5820393320000001,0.007512780000000004
0.000659709610408466,1.5820393320000001,0.007644511999999999
0.000660709610408466,1.5820393320000001,0.007644511999999999
0.000661709610408466,1.5820393320000001,0.007446914000000006
0.000662709610408466,1.5820393320000001,0.007578646000000001
0.000663709610408466,1.5820393320000001,0.007776244000000002
0.0006647096104084659,1.5820393320000001,0.007644511999999999
0.000665709610408466,1.5820393320000001,0.007578646000000001
0.000666709610408466,1.5820393320000001,0.007512780000000004
0.000667709610408466,1.5820393320000001,0.007512780000000004
0.000668709610408466,1.5820393320000001,0.007381048000000001
0.000669709610408466,1.5820393320000001,0.007381048000000001
0.000670709610408466,1.5820393320000001,0.007644511999999999
0.000671709610408466,1.5820393320000001,0.007644511999999999
0.000672709610408466,1.5820393320000001,0.007644511999999999
0.0006737096104084659,1.5820393320000001,0.007446914000000006
0.000674709610408466,1.5820393320000001,0.007381048000000001
0.000675709610408466,1.5820393320000001,0.007644511999999999
0.000676709610408466,1.5820393320000001,0.007446914000000006
0.0006777096104084659,1.5820393320000001,0.007315182000000003
0.000678709610408466,1.5820393320000001,0.007512780000000004
0.000679709610408466,1.5820393320000001,0.007578646000000001
0.000680709610408466,1.5820393320000001,0.007512780000000004
0.000681709610408466,1.5820393320000001,0.007512780000000004
0.0006827096104084659,1.5820393320000001,0.007644511999999999
0.000683709610408466,1.5820393320000001,0.007776244000000002
0.000684709610408466,1.5820393320000001,0.007776244000000002
0.000685709610408466,1.5820393320000001,0.007644511999999999
0.0006867096104084659,1.5820393320000001,0.007315182000000003
0.000687709610408466,1.5820393320000001,0.007315182000000003
0.000688709610408466,1.5820393320000001,0.007512780000000004
0.000689709610408466,1.5820393320000001,0.007512780000000004
0.000690709610408466,1.5820393320000001,0.007512780000000004
0.000691709610408466,1.5820393320000001,0.007512780000000004
0.000692709610408466,1.5820393320000001,0.007644511999999999
0.000693709610408466,1.5820393320000001,0.007446914000000006
0.000694709610408466,1.5820393320000001,0.007249316000000006
0.0006957096104084659,1.5820393320000001,0.007315182000000003
0.000696709610408466,1.5820393320000001,0.007183450000000001
0.000697709610408466,1.5820393320000001,0.007315182000000003
0.000698709610408466,1.5820393320000001,0.007381048000000001
0.000699709610408466,1.5820393320000001,0.007249316000000006
0.000700709610408466,1.5820393320000001,0.007315182000000003
0.000701709610408466,1.5820393320000001,0.007315182000000003
0.000702709610408466,1.5820393320000001,0.007381048000000001
0.000703709610408466,1.5820393320000001,0.007512780000000004
0.0007047096104084659,1.5820393320000001,0.007512780000000004
0.000705709610408466,1.5820393320000001,0.007512780000000004
0.000706709610408466,1.5820393320000001,0.007512780000000004
0.000707709610408466,1.5820393320000001,0.007315182000000003
0.000708709610408466,1.5820393320000001,0.007315182000000003
0.000709709610408466,1.5820393320000001,0.007381048000000001
0.000710709610408466,1.5820393320000001,0.007446914000000006
0.000711709610408466,1.5820393320000001,0.007512780000000004
0.000712709610408466,1.5820393320000001,0.007578646000000001
0.0007137096104084659,1.5820393320000001,0.007446914000000006
0.000714709610408466,1.5820393320000001,0.007249316000000006
0.000715709610408466,1.5820393320000001,0.007315182000000003
0.000716709610408466,1.5820393320000001,0.007183450000000001
0.000717709610408466,1.5820393320000001,0.007183450000000001
0.000718709610408466,1.5820393320000001,0.007183450000000001
0.000719709610408466,1.5820393320000001,0.007315182000000003
0.000720709610408466,1.5820393320000001,0.007381048000000001
0.000721709610408466,1.5820393320000001,0.007446914000000006
0.0007227096104084659,1.5820393320000001,0.007644511999999999
0.000723709610408466,1.5820393320000001,0.007183450000000001
0.000724709610408466,1.5820393320000001,0.007051718000000005
0.000725709610408466,1.5820393320000001,0.007249316000000006
0.0007267096104084659,1.5820393320000001,0.007117584000000003
0.000727709610408466,1.5820393320000001,0.007315182000000003
0.000728709610408466,1.5820393320000001,0.007381048000000001
0.000729709610408466,1.5820393320000001,0.007381048000000001
0.000730709610408466,1.5820393320000001,0.007446914000000006
0.0007317096104084659,1.5820393320000001,0.007249316000000006
0.000732709610408466,1.5820393320000001,0.007183450000000001
0.000733709610408466,1.5820393320000001,0.007315182000000003
0.000734709610408466,1.5820393320000001,0.007249316000000006
0.0007357096104084659,1.5820393320000001,0.007249316000000006
0.000736709610408466,1.5820393320000001,0.007315182000000003
0.000737709610408466,1.5820393320000001,0.007183450000000001
0.000738709610408466,1.5820393320000001,0.007249316000000006
0.000739709610408466,1.5820393320000001,0.007512780000000004
0.000740709610408466,1.5820393320000001,0.007512780000000004
0.000741709610408466,1.5820393320000001,0.007446914000000006
0.000742709610408466,1.5820393320000001,0.007644511999999999
0.000743709610408466,1.5820393320000001,0.007512780000000004
0.0007447096104084659,1.5820393320000001,0.007578646000000001
0.000745709610408466,1.5820393320000001,0.007578646000000001
0.000746709610408466,1.5820393320000001,0.007381048000000001
0.000747709610408466,1.5820393320000001,0.007381048000000001
0.000748709610408466,1.5820393320000001,0.007315182000000003
0.000749709610408466,1.5820393320000001,0.007249316000000006
0.000750709610408466,1.5820393320000001,0.007446914000000006
0.000751709610408466,1.5820393320000001,0.007446914000000006
0.000752709610408466,1.5820393320000001,0.007446914000000006
0.0007537096104084659,1.5820393320000001,0.007710378000000004
0.000754709610408466,1.5820393320000001,0.007776244000000002
0.000755709610408466,1.5820393320000001,0.007776244000000002
0.000756709610408466,1.5820393320000001,0.007578646000000001
0.000757709610408466,1.5820393320000001,0.007315182000000003
0.000758709610408466,1.5820393320000001,0.007051718000000005
0.000759709610408466,1.5820393320000001,0.006985852000000001
0.000760709610408466,1.5820393320000001,0.007117584000000003
0.000761709610408466,1.5820393320000001,0.007117584000000003
0.0007627096104084659,1.5820393320000001,0.007183450000000001
0.000763709610408466,1.5820393320000001,0.007051718000000005
0.000764709610408466,1.5820393320000001,0.007315182000000003
0.000765709610408466,1.5820393320000001,0.007446914000000006
0.000766709610408466,1.5820393320000001,0.007051718000000005
0.000767709610408466,1.5820393320000001,0.007051718000000005
0.000768709610408466,1.5820393320000001,0.007315182000000003
0.000769709610408466,1.5820393320000001,0.007446914000000006
0.000770709610408466,1.5820393320000001,0.007381048000000001
0.0007717096104084659,1.5820393320000001,0.007315182000000003
0.000772709610408466,1.5820393320000001,0.007446914000000006
0.000773709610408466,1.5820393320000001,0.007446914000000006
0.000774709610408466,1.5820393320000001,0.007446914000000006
0.0007757096104084659,1.5820393320000001,0.007512780000000004
0.000776709610408466,1.5820393320000001,0.007512780000000004
0.000777709610408466,1.5820393320000001,0.007381048000000001
0.000778709610408466,1.5820393320000001,0.007315182000000003
0.000779709610408466,1.5820393320000001,0.007578646000000001
0.0007807096104084659,1.5820393320000001,0.007578646000000001
0.000781709610408466,1.5820393320000001,0.007315182000000003
0.000782709610408466,1.5820393320000001,0.007512780000000004
0.000783709610408466,1.5820393320000001,0.007644511999999999
0.0007847096104084659,1.5820393320000001,0.007512780000000004
0.000785709610408466,1.5820393320000001,0.007381048000000001
0.000786709610408466,1.5820393320000001,0.007315182000000003
0.000787709610408466,1.5820393320000001,0.007446914000000006
0.000788709610408466,1.5820393320000001,0.007644511999999999
0.0007897096104084659,1.5820393320000001,0.00784211
0.000790709610408466,1.5820393320000001,0.007776244000000002
0.000791709610408466,1.5820393320000001,0.007644511999999999
0.000792709610408466,1.5820393320000001,0.007710378000000004
0.0007937096104084659,1.5820393320000001,0.007512780000000004
0.000794709610408466,1.5820393320000001,0.007381048000000001
0.000795709610408466,1.5820393320000001,0.007381048000000001
0.000796709610408466,1.5820393320000001,0.007381048000000001
0.000797709610408466,1.5820393320000001,0.007315182000000003
0.000798709610408466,1.5820393320000001,0.007249316000000006
0.000799709610408466,1.5820393320000001,0.007381048000000001
0.000800709610408466,1.5820393320000001,0.007512780000000004
0.000801709610408466,1.5820393320000001,0.007315182000000003
0.0008027096104084659,1.5820393320000001,0.007315182000000003
0.000803709610408466,1.5820393320000001,0.007512780000000004
0.000804709610408466,1.5820393320000001,0.007776244000000002
0.000805709610408466,1.5820393320000001,0.00784211
0.000806709610408466,1.5820393320000001,0.007710378000000004
0.000807709610408466,1.5820393320000001,0.007512780000000004
0.000808709610408466,1.5820393320000001,0.007446914000000006
0.000809709610408466,1.5820393320000001,0.007512780000000004
0.000810709610408466,1.5820393320000001,0.007381048000000001
0.0008117096104084659,1.5820393320000001,0.007381048000000001
0.000812709610408466,1.5820393320000001,0.007446914000000006
0.000813709610408466,1.5820393320000001,0.007381048000000001
0.000814709610408466,1.5820393320000001,0.007446914000000006
0.0008157096104084659,1.5820393320000001,0.007512780000000004
0.000816709610408466,1.5820393320000001,0.007578646000000001
0.000817709610408466,1.5820393320000001,0.007512780000000004
0.000818709610408466,1.5820393320000001,0.007512780000000004
0.000819709610408466,1.5820393320000001,0.007644511999999999
0.0008207096104084659,1.5820393320000001,0.007776244000000002
0.000821709610408466,1.5820393320000001,0.007710378000000004
0.000822709610408466,1.5820393320000001,0.007644511999999999
0.000823709610408466,1.5820393320000001,0.007512780000000004
0.0008247096104084659,1.5820393320000001,0.007644511999999999
0.000825709610408466,1.5820393320000001,0.007710378000000004
0.000826709610408466,1.5820393320000001,0.007512780000000004
0.000827709610408466,1.5820393320000001,0.007512780000000004
0.000828709610408466,1.5820393320000001,0.007644511999999999
0.0008297096104084659,1.5820393320000001,0.007644511999999999
0.000830709610408466,1.5820393320000001,0.007446914000000006
0.000831709610408466,1.5820393320000001,0.007381048000000001
0.000832709610408466,1.5820393320000001,0.007644511999999999
0.0008337096104084659,1.5820393320000001,0.007446914000000006
0.000834709610408466,1.5820393320000001,0.007644511999999999
0.000835709610408466,1.5820393320000001,0.007776244000000002
0.000836709610408466,1.5820393320000001,0.007578646000000001
0.000837709610408466,1.5820393320000001,0.007644511999999999
0.0008387096104084659,1.5820393320000001,0.007644511999999999
0.000839709610408466,1.5820393320000001,0.007644511999999999
0.000840709610408466,1.5820393320000001,0.007644511999999999
0.000841709610408466,1.5820393320000001,0.007644511999999999
0.0008427096104084659,1.5820393320000001,0.007710378000000004
0.000843709610408466,1.5820393320000001,0.007512780000000004
0.000844709610408466,1.5820393320000001,0.007578646000000001
0.000845709610408466,1.5820393320000001,0.007710378000000004
0.000846709610408466,1.5820393320000001,0.007710378000000004
0.0008477096104084659,1.5820393320000001,0.007710378000000004
0.000848709610408466,1.5820393320000001,0.007710378000000004
0.000849709610408466,1.5820393320000001,0.00784211
0.000850709610408466,1.5820393320000001,0.008171440000000002
0.0008517096104084659,1.5820393320000001,0.008369038000000002
0.000852709610408466,1.5820393320000001,0.008039708
0.000853709610408466,1.5820393320000001,0.007907976000000004
0.000854709610408466,1.5820393320000001,0.008105574000000004
0.000855709610408466,1.5820393320000001,0.008105574000000004
0.000856709610408466,1.5820393320000001,0.007973842000000002
0.000857709610408466,1.5820393320000001,0.007907976000000004
0.000858709610408466,1.5820393320000001,0.00784211
0.000859709610408466,1.5820393320000001,0.007776244000000002
0.0008607096104084659,1.5820393320000001,0.007710378000000004
0.000861709610408466,1.5820393320000001,0.007578646000000001
0.000862709610408466,1.5820393320000001,0.007446914000000006
0.000863709610408466,1.5820393320000001,0.007512780000000004
0.0008647096104084659,1.5820393320000001,0.007578646000000001
0.000865709610408466,1.5820393320000001,0.007446914000000006
0.000866709610408466,1.5820393320000001,0.007381048000000001
0.000867709610408466,1.5820393320000001,0.007578646000000001
0.000868709610408466,1.5820393320000001,0.007578646000000001
0.0008697096104084659,1.5820393320000001,0.007578646000000001
0.000870709610408466,1.5820393320000001,0.007381048000000001
0.000871709610408466,1.5820393320000001,0.007381048000000001
0.000872709610408466,1.5820393320000001,0.007578646000000001
0.0008737096104084659,1.5820393320000001,0.007512780000000004
0.000874709610408466,1.5820393320000001,0.007644511999999999
0.000875709610408466,1.5820393320000001,0.007776244000000002
0.000876709610408466,1.5820393320000001,0.007644511999999999
0.000877709610408466,1.5820393320000001,0.007512780000000004
0.0008787096104084659,1.5820393320000001,0.007512780000000004
0.000879709610408466,1.5820393320000001,0.007512780000000004
0.000880709610408466,1.5820393320000001,0.007315182000000003
0.000881709610408466,1.5820393320000001,0.007183450000000001
0.0008827096104084659,1.5820393320000001,0.007315182000000003
0.000883709610408466,1.5820393320000001,0.007249316000000006
0.000884709610408466,1.5820393320000001,0.007183450000000001
0.000885709610408466,1.5820393320000001,0.007512780000000004
0.000886709610408466,1.5820393320000001,0.007776244000000002
0.0008877096104084659,1.5820393320000001,0.007644511999999999
0.000888709610408466,1.5820393320000001,0.007381048000000001
0.000889709610408466,1.5820393320000001,0.007512780000000004
0.000890709610408466,1.5820393320000001,0.007776244000000002
0.0008917096104084659,1.5820393320000001,0.007644511999999999
0.000892709610408466,1.5820393320000001,0.007512780000000004
0.000893709610408466,1.5820393320000001,0.007512780000000004
0.000894709610408466,1.5820393320000001,0.007644511999999999
0.000895709610408466,1.5820393320000001,0.007710378000000004
0.0008967096104084659,1.5820393320000001,0.007644511999999999
0.000897709610408466,1.5820393320000001,0.007644511999999999
0.000898709610408466,1.5820393320000001,0.007710378000000004
0.000899709610408466,1.5820393320000001,0.007710378000000004
0.0009007096104084659,1.5820393320000001,0.007644511999999999
0.000901709610408466,1.5820393320000001,0.007710378000000004
0.000902709610408466,1.5820393320000001,0.007710378000000004
0.000903709610408466,1.5820393320000001,0.007381048000000001
0.000904709610408466,1.5820393320000001,0.007446914000000006
0.0009057096104084659,1.5820393320000001,0.007512780000000004
0.000906709610408466,1.5820393320000001,0.007446914000000006
0.000907709610408466,1.5820393320000001,0.007512780000000004
0.000908709610408466,1.5820393320000001,0.007315182000000003
0.0009097096104084659,1.5820393320000001,0.007315182000000003
0.000910709610408466,1.5820393320000001,0.007446914000000006
0.000911709610408466,1.5820393320000001,0.007710378000000004
0.000912709610408466,1.5820393320000001,0.007973842000000002
0.0009137096104084659,1.5820393320000001,0.00784211
0.000914709610408466,1.5820393320000001,0.007776244000000002
0.000915709610408466,1.5820393320000001,0.007578646000000001
0.000916709610408466,1.5820393320000001,0.007578646000000001
0.000917709610408466,1.5820393320000001,0.007578646000000001
0.0009187096104084659,1.5820393320000001,0.007512780000000004
0.000919709610408466,1.5820393320000001,0.007644511999999999
0.000920709610408466,1.5820393320000001,0.007315182000000003
0.000921709610408466,1.5820393320000001,0.007446914000000006
0.0009227096104084659,1.5820393320000001,0.007776244000000002
0.000923709610408466,1.5820393320000001,0.007710378000000004
0.000924709610408466,1.5820393320000001,0.007710378000000004
0.000925709610408466,1.5820393320000001,0.00784211
0.000926709610408466,1.5820393320000001,0.00784211
0.0009277096104084659,1.5820393320000001,0.007644511999999999
0.000928709610408466,1.5820393320000001,0.007446914000000006
0.000929709610408466,1.5820393320000001,0.007446914000000006
0.000930709610408466,1.5820393320000001,0.007512780000000004
0.0009317096104084659,1.5820393320000001,0.007578646000000001
0.000932709610408466,1.5820393320000001,0.007512780000000004
0.000933709610408466,1.5820393320000001,0.007446914000000006
0.000934709610408466,1.5820393320000001,0.007644511999999999
0.000935709610408466,1.5820393320000001,0.007512780000000004
0.0009367096104084659,1.5820393320000001,0.007315182000000003
0.000937709610408466,1.5820393320000001,0.007578646000000001
0.000938709610408466,1.5820393320000001,0.007710378000000004
0.000939709610408466,1.5820393320000001,0.007710378000000004
0.0009407096104084659,1.5820393320000001,0.007446914000000006
0.000941709610408466,1.5820393320000001,0.007381048000000001
0.000942709610408466,1.5820393320000001,0.007512780000000004
0.000943709610408466,1.5820393320000001,0.007512780000000004
0.000944709610408466,1.5820393320000001,0.007578646000000001
0.0009457096104084659,1.5820393320000001,0.007512780000000004
0.000946709610408466,1.5820393320000001,0.007512780000000004
0.000947709610408466,1.5820393320000001,0.007710378000000004
0.000948709610408466,1.5820393320000001,0.007512780000000004
0.0009497096104084659,1.5820393320000001,0.007578646000000001
0.000950709610408466,1.5820393320000001,0.007710378000000004
0.000951709610408466,1.5820393320000001,0.007710378000000004
0.000952709610408466,1.5820393320000001,0.007710378000000004
0.0009537096104084659,1.5820393320000001,0.007578646000000001
0.0009547096104084659,1.5820393320000001,0.007578646000000001
0.000955709610408466,1.5820393320000001,0.007446914000000006
0.000956709610408466,1.5820393320000001,0.007315182000000003
0.000957709610408466,1.5820393320000001,0.007446914000000006
0.0009587096104084659,1.5820393320000001,0.007381048000000001
0.000959709610408466,1.5820393320000001,0.007315182000000003
0.000960709610408466,1.5820393320000001,0.007512780000000004
0.000961709610408466,1.5820393320000001,0.007710378000000004
0.0009627096104084659,1.5820393320000001,0.007776244000000002
0.0009637096104084659,1.5820393320000001,0.007776244000000002
0.000964709610408466,1.5820393320000001,0.007644511999999999
0.000965709610408466,1.5820393320000001,0.007644511999999999
0.000966709610408466,1.5820393320000001,0.007512780000000004
0.0009677096104084659,1.5820393320000001,0.007381048000000001
0.000968709610408466,1.5820393320000001,0.007381048000000001
0.000969709610408466,1.5820393320000001,0.007446914000000006
0.000970709610408466,1.5820393320000001,0.007315182000000003
0.0009717096104084659,1.5820393320000001,0.007249316000000006
0.000972709610408466,1.5820393320000001,0.007249316000000006
0.000973709610408466,1.5820393320000001,0.007183450000000001
0.000974709610408466,1.5820393320000001,0.007249316000000006
0.000975709610408466,1.5820393320000001,0.007249316000000006
0.0009767096104084658,1.5820393320000001,0.007249316000000006
0.000977709610408466,1.5820393320000001,0.007381048000000001
0.0009787096104084659,1.5820393320000001,0.007512780000000004
0.0009797096104084658,1.5820393320000001,0.007512780000000004
0.000980709610408466,1.5820393320000001,0.007446914000000006
0.0009817096104084658,1.5820393320000001,0.007446914000000006
0.0009827096104084658,1.5820393320000001,0.007381048000000001
0.0009837096104084659,1.5820393320000001,0.007315182000000003
0.0009847096104084658,1.5820393320000001,0.007315182000000003
0.000985709610408466,1.5820393320000001,0.007249316000000006
0.0009867096104084659,1.5820393320000001,0.007381048000000001
0.0009877096104084658,1.5820393320000001,0.007446914000000006
0.000988709610408466,1.5820393320000001,0.007315182000000003
0.0009897096104084658,1.5820393320000001,0.007381048000000001
0.000990709610408466,1.5820393320000001,0.007315182000000003
0.0009917096104084659,1.5820393320000001,0.007183450000000001
0.0009927096104084658,1.5820393320000001,0.007051718000000005
0.000993709610408466,1.5820393320000001,0.007117584000000003
0.0009947096104084658,1.5820393320000001,0.007315182000000003
0.000995709610408466,1.5820393320000001,0.007249316000000006
0.0009967096104084659,1.5820393320000001,0.007381048000000001
0.0009977096104084658,1.5820393320000001,0.007512780000000004
0.000998709610408466,1.5820393320000001,0.007381048000000001
0.0009997096104084658,1.5820393320000001,0.007512780000000004
0.0010007096104084658,1.5820393320000001,0.007512780000000004
0.001001709610408466,1.5820393320000001,0.007446914000000006
