Time (s),Channel 1 Voltage (V),Channel 2 Voltage (V)
-1.389547772443e-06,0.003206858,0.008434904
-3.8954777244300004e-07,0.3868020783,0.008434904
6.104522275569999e-07,1.1748166885000002,0.008434904
1.610452227557e-06,1.5820393320000001,0.008171440000000002
2.610452227557e-06,1.5820393320000001,0.008303172000000004
3.6104522275569996e-06,1.5820393320000001,0.008434904
4.610452227557e-06,1.5820393320000001,0.008434904
5.610452227557e-06,1.5820393320000001,0.008566636000000002
6.610452227557e-06,1.5820393320000001,0.008434904
7.610452227557e-06,1.5820393320000001,0.008500770000000005
8.610452227556999e-06,1.5820393320000001,0.008434904
9.610452227557e-06,1.5820393320000001,0.008303172000000004
1.0610452227557e-05,1.5820393320000001,0.008303172000000004
1.1610452227557e-05,1.5820393320000001,0.008237306
1.2610452227557e-05,1.5820393320000001,0.008237306
1.3610452227556999e-05,1.5820393320000001,0.008237306
1.4610452227557e-05,1.5820393320000001,0.008171440000000002
1.5610452227556998e-05,1.5820393320000001,0.008369038000000002
1.6610452227557002e-05,1.5820393320000001,0.008369038000000002
1.7610452227557e-05,1.5820393320000001,0.008237306
1.8610452227556997e-05,1.5820393320000001,0.008369038000000002
1.9610452227557e-05,1.5820393320000001,0.008500770000000005
2.0610452227556998e-05,1.5820393320000001,0.008566636000000002
2.1610452227557002e-05,1.5820393320000001,0.008632502
2.2610452227557e-05,1.5820393320000001,0.008566636000000002
2.3610452227556996e-05,1.5820393320000001,0.008566636000000002
2.4610452227557e-05,1.5820393320000001,0.008500770000000005
2.5610452227556997e-05,1.5820393320000001,0.008500770000000005
2.6610452227557e-05,1.5820393320000001,0.008434904
2.7610452227557e-05,1.5820393320000001,0.008303172000000004
2.8610452227556996e-05,1.5820393320000001,0.008105574000000004
2.9610452227557e-05,1.5820393320000001,0.008039708
3.0610452227557e-05,1.5820393320000001,0.008105574000000004
3.1610452227556994e-05,1.5820393320000001,0.008039708
3.2610452227557e-05,1.5820393320000001,0.008039708
3.3610452227556995e-05,1.5820393320000001,0.008105574000000004
3.4610452227557e-05,1.5820393320000001,0.008237306
3.5610452227556996e-05,1.5820393320000001,0.008171440000000002
3.6610452227556994e-05,1.5820393320000001,0.008105574000000004
3.7610452227557e-05,1.5820393320000001,0.008105574000000004
3.8610452227556995e-05,1.5820393320000001,0.008105574000000004
3.9610452227557e-05,1.5820393320000001,0.008237306
4.0610452227556996e-05,1.5820393320000001,0.008303172000000004
4.161045222755699e-05,1.5820393320000001,0.008369038000000002
4.2610452227557e-05,1.5820393320000001,0.008434904
4.3610452227556994e-05,1.5820393320000001,0.008566636000000002
4.4610452227557e-05,1.5820393320000001,0.008369038000000002
4.5610452227556996e-05,1.5820393320000001,0.008171440000000002
4.6610452227557e-05,1.5820393320000001,0.008237306
4.7610452227557e-05,1.5820393320000001,0.008369038000000002
4.8610452227556994e-05,1.5820393320000001,0.008369038000000002
4.9610452227557e-05,1.5820393320000001,0.008171440000000002
5.0610452227556995e-05,1.5820393320000001,0.008105574000000004
5.1610452227557e-05,1.5820393320000001,0.008303172000000004
5.2610452227556996e-05,1.5820393320000001,0.008369038000000002
5.3610452227556993e-05,1.5820393320000001,0.008171440000000002
5.4610452227557e-05,1.5820393320000001,0.008105574000000004
5.5610452227556995e-05,1.5820393320000001,0.008105574000000004
5.6610452227557e-05,1.5820393320000001,0.008039708
5.7610452227556996e-05,1.5820393320000001,0.008237306
5.861045222755699e-05,1.5820393320000001,0.008434904
5.9610452227557e-05,1.5820393320000001,0.008105574000000004
6.0610452227557e-05,1.5820393320000001,0.008171440000000002
6.1610452227557e-05,1.5820393320000001,0.008500770000000005
6.2610452227557e-05,1.5820393320000001,0.008566636000000002
6.361045222755699e-05,1.5820393320000001,0.008434904
6.461045222755699e-05,1.5820393320000001,0.008303172000000004
6.5610452227557e-05,1.5820393320000001,0.008369038000000002
6.6610452227557e-05,1.5820393320000001,0.008171440000000002
6.7610452227557e-05,1.5820393320000001,0.008105574000000004
6.861045222755699e-05,1.5820393320000001,0.008171440000000002
6.961045222755699e-05,1.5820393320000001,0.008369038000000002
7.0610452227557e-05,1.5820393320000001,0.008566636000000002
7.1610452227557e-05,1.5820393320000001,0.008434904
7.2610452227557e-05,1.5820393320000001,0.008500770000000005
7.361045222755699e-05,1.5820393320000001,0.008303172000000004
7.461045222755699e-05,1.5820393320000001,0.008303172000000004
7.5610452227557e-05,1.5820393320000001,0.008434904
7.6610452227557e-05,1.5820393320000001,0.008369038000000002
7.7610452227557e-05,1.5820393320000001,0.008434904
7.861045222755699e-05,1.5820393320000001,0.008369038000000002
7.961045222755699e-05,1.5820393320000001,0.008500770000000005
8.0610452227557e-05,1.5820393320000001,0.008434904
8.1610452227557e-05,1.5820393320000001,0.008303172000000004
8.2610452227557e-05,1.5820393320000001,0.008369038000000002
8.361045222755699e-05,1.5820393320000001,0.008369038000000002
8.461045222755699e-05,1.5820393320000001,0.008303172000000004
8.5610452227557e-05,1.5820393320000001,0.008369038000000002
8.6610452227557e-05,1.5820393320000001,0.008369038000000002
8.7610452227557e-05,1.5820393320000001,0.008434904
8.861045222755699e-05,1.5820393320000001,0.008237306
8.961045222755699e-05,1.5820393320000001,0.008105574000000004
9.0610452227557e-05,1.5820393320000001,0.008303172000000004
9.1610452227557e-05,1.5820393320000001,0.008171440000000002
9.261045222755699e-05,1.5820393320000001,0.008171440000000002
9.361045222755699e-05,1.5820393320000001,0.008039708
9.4610452227557e-05,1.5820393320000001,0.007907976000000004
9.5610452227557e-05,1.5820393320000001,0.008105574000000004
9.6610452227557e-05,1.5820393320000001,0.008237306
9.761045222755699e-05,1.5820393320000001,0.008369038000000002
9.861045222755699e-05,1.5820393320000001,0.008303172000000004
9.9610452227557e-05,1.5820393320000001,0.008303172000000004
0.000100610452227557,1.5820393320000001,0.008303172000000004
0.000101610452227557,1.5820393320000001,0.008237306
0.00010261045222755699,1.5820393320000001,0.008303172000000004
0.00010361045222755699,1.5820393320000001,0.008237306
0.000104610452227557,1.5820393320000001,0.008303172000000004
0.000105610452227557,1.5820393320000001,0.008369038000000002
0.000106610452227557,1.5820393320000001,0.008237306
0.00010761045222755699,1.5820393320000001,0.008500770000000005
0.00010861045222755699,1.5820393320000001,0.008303172000000004
0.000109610452227557,1.5820393320000001,0.008171440000000002
0.000110610452227557,1.5820393320000001,0.008303172000000004
0.000111610452227557,1.5820393320000001,0.008303172000000004
0.00011261045222755699,1.5820393320000001,0.008303172000000004
0.00011361045222755699,1.5820393320000001,0.008303172000000004
0.000114610452227557,1.5820393320000001,0.008303172000000004
0.000115610452227557,1.5820393320000001,0.008303172000000004
0.000116610452227557,1.5820393320000001,0.008434904
0.00011761045222755699,1.5820393320000001,0.008434904
0.00011861045222755699,1.5820393320000001,0.008369038000000002
0.000119610452227557,1.5820393320000001,0.008434904
0.000120610452227557,1.5820393320000001,0.008369038000000002
0.00012161045222755698,1.5820393320000001,0.008303172000000004
0.00012261045222755702,1.5820393320000001,0.008171440000000002
0.00012361045222755701,1.5820393320000001,0.008039708
0.000124610452227557,1.5820393320000001,0.008237306
0.000125610452227557,1.5820393320000001,0.008237306
0.000126610452227557,1.5820393320000001,0.008171440000000002
0.000127610452227557,1.5820393320000001,0.008171440000000002
0.000128610452227557,1.5820393320000001,0.008039708
0.000129610452227557,1.5820393320000001,0.008237306
0.000130610452227557,1.5820393320000001,0.008369038000000002
0.00013161045222755702,1.5820393320000001,0.008237306
0.00013261045222755702,1.5820393320000001,0.008105574000000004
0.00013361045222755701,1.5820393320000001,0.008171440000000002
0.000134610452227557,1.5820393320000001,0.008303172000000004
0.000135610452227557,1.5820393320000001,0.008105574000000004
0.000136610452227557,1.5820393320000001,0.00784211
0.000137610452227557,1.5820393320000001,0.007973842000000002
0.000138610452227557,1.5820393320000001,0.008039708
0.000139610452227557,1.5820393320000001,0.008039708
0.000140610452227557,1.5820393320000001,0.008171440000000002
0.00014161045222755702,1.5820393320000001,0.008105574000000004
0.00014261045222755702,1.5820393320000001,0.008237306
0.000143610452227557,1.5820393320000001,0.008434904
0.000144610452227557,1.5820393320000001,0.008434904
0.000145610452227557,1.5820393320000001,0.008369038000000002
0.000146610452227557,1.5820393320000001,0.008237306
0.000147610452227557,1.5820393320000001,0.008369038000000002
0.000148610452227557,1.5820393320000001,0.008566636000000002
0.000149610452227557,1.5820393320000001,0.008632502
0.000150610452227557,1.5820393320000001,0.008632502
0.00015161045222755702,1.5820393320000001,0.008698368000000005
0.00015261045222755701,1.5820393320000001,0.008566636000000002
0.000153610452227557,1.5820393320000001,0.008434904
0.000154610452227557,1.5820393320000001,0.008434904
0.000155610452227557,1.5820393320000001,0.008369038000000002
0.000156610452227557,1.5820393320000001,0.008369038000000002
0.000157610452227557,1.5820393320000001,0.008369038000000002
0.000158610452227557,1.5820393320000001,0.008434904
0.000159610452227557,1.5820393320000001,0.008632502
0.000160610452227557,1.5820393320000001,0.008566636000000002
0.00016161045222755702,1.5820393320000001,0.008369038000000002
0.00016261045222755701,1.5820393320000001,0.008237306
0.000163610452227557,1.5820393320000001,0.008237306
0.000164610452227557,1.5820393320000001,0.008303172000000004
0.000165610452227557,1.5820393320000001,0.008434904
0.000166610452227557,1.5820393320000001,0.008369038000000002
0.000167610452227557,1.5820393320000001,0.008632502
0.000168610452227557,1.5820393320000001,0.0088301
0.000169610452227557,1.5820393320000001,0.008764234000000003
0.000170610452227557,1.5820393320000001,0.008566636000000002
0.00017161045222755702,1.5820393320000001,0.008500770000000005
0.000172610452227557,1.5820393320000001,0.008566636000000002
0.000173610452227557,1.5820393320000001,0.008500770000000005
0.000174610452227557,1.5820393320000001,0.008369038000000002
0.000175610452227557,1.5820393320000001,0.008632502
0.000176610452227557,1.5820393320000001,0.008698368000000005
0.000177610452227557,1.5820393320000001,0.008500770000000005
0.000178610452227557,1.5820393320000001,0.008632502
0.000179610452227557,1.5820393320000001,0.0088301
0.000180610452227557,1.5820393320000001,0.008698368000000005
0.00018161045222755701,1.5820393320000001,0.008632502
0.000182610452227557,1.5820393320000001,0.0088301
0.000183610452227557,1.5820393320000001,0.009027698
0.000184610452227557,1.5820393320000001,0.009027698
0.000185610452227557,1.5820393320000001,0.008764234000000003
0.000186610452227557,1.5820393320000001,0.008698368000000005
0.000187610452227557,1.5820393320000001,0.008764234000000003
0.000188610452227557,1.5820393320000001,0.008632502
0.000189610452227557,1.5820393320000001,0.008500770000000005
0.00019061045222755702,1.5820393320000001,0.008434904
0.00019161045222755701,1.5820393320000001,0.008566636000000002
0.000192610452227557,1.5820393320000001,0.008764234000000003
0.000193610452227557,1.5820393320000001,0.008698368000000005
0.000194610452227557,1.5820393320000001,0.008566636000000002
0.000195610452227557,1.5820393320000001,0.008500770000000005
0.000196610452227557,1.5820393320000001,0.008369038000000002
0.000197610452227557,1.5820393320000001,0.008237306
0.000198610452227557,1.5820393320000001,0.008171440000000002
0.000199610452227557,1.5820393320000001,0.008303172000000004
0.00020061045222755702,1.5820393320000001,0.008434904
0.000201610452227557,1.5820393320000001,0.008237306
0.000202610452227557,1.5820393320000001,0.008171440000000002
0.000203610452227557,1.5820393320000001,0.008105574000000004
0.000204610452227557,1.5820393320000001,0.008105574000000004
0.000205610452227557,1.5820393320000001,0.008039708
0.000206610452227557,1.5820393320000001,0.007973842000000002
0.000207610452227557,1.5820393320000001,0.007973842000000002
0.000208610452227557,1.5820393320000001,0.008039708
0.000209610452227557,1.5820393320000001,0.008237306
0.00021061045222755701,1.5820393320000001,0.008237306
0.000211610452227557,1.5820393320000001,0.008171440000000002
0.000212610452227557,1.5820393320000001,0.008237306
0.000213610452227557,1.5820393320000001,0.008237306
0.000214610452227557,1.5820393320000001,0.008171440000000002
0.000215610452227557,1.5820393320000001,0.007973842000000002
0.000216610452227557,1.5820393320000001,0.007776244000000002
0.000217610452227557,1.5820393320000001,0.00784211
0.000218610452227557,1.5820393320000001,0.007776244000000002
0.000219610452227557,1.5820393320000001,0.007776244000000002
0.00022061045222755701,1.5820393320000001,0.00784211
0.000221610452227557,1.5820393320000001,0.007907976000000004
0.000222610452227557,1.5820393320000001,0.007973842000000002
0.000223610452227557,1.5820393320000001,0.007907976000000004
0.000224610452227557,1.5820393320000001,0.007907976000000004
0.000225610452227557,1.5820393320000001,0.007973842000000002
0.000226610452227557,1.5820393320000001,0.007973842000000002
0.000227610452227557,1.5820393320000001,0.007973842000000002
0.000228610452227557,1.5820393320000001,0.008039708
0.000229610452227557,1.5820393320000001,0.007973842000000002
0.000230610452227557,1.5820393320000001,0.007710378000000004
0.000231610452227557,1.5820393320000001,0.007710378000000004
0.000232610452227557,1.5820393320000001,0.007776244000000002
0.000233610452227557,1.5820393320000001,0.007644511999999999
0.000234610452227557,1.5820393320000001,0.007776244000000002
0.000235610452227557,1.5820393320000001,0.007907976000000004
0.000236610452227557,1.5820393320000001,0.00784211
0.000237610452227557,1.5820393320000001,0.007776244000000002
0.000238610452227557,1.5820393320000001,0.007776244000000002
0.000239610452227557,1.5820393320000001,0.007776244000000002
0.000240610452227557,1.5820393320000001,0.00784211
0.000241610452227557,1.5820393320000001,0.008039708
0.000242610452227557,1.5820393320000001,0.008105574000000004
0.000243610452227557,1.5820393320000001,0.008105574000000004
0.000244610452227557,1.5820393320000001,0.008171440000000002
0.000245610452227557,1.5820393320000001,0.008039708
0.000246610452227557,1.5820393320000001,0.00784211
0.000247610452227557,1.5820393320000001,0.00784211
0.000248610452227557,1.5820393320000001,0.007973842000000002
0.000249610452227557,1.5820393320000001,0.008171440000000002
0.000250610452227557,1.5820393320000001,0.008105574000000004
0.000251610452227557,1.5820393320000001,0.007907976000000004
0.000252610452227557,1.5820393320000001,0.007710378000000004
0.000253610452227557,1.5820393320000001,0.007644511999999999
0.000254610452227557,1.5820393320000001,0.007907976000000004
0.000255610452227557,1.5820393320000001,0.007973842000000002
0.000256610452227557,1.5820393320000001,0.007973842000000002
0.000257610452227557,1.5820393320000001,0.007907976000000004
0.000258610452227557,1.5820393320000001,0.007776244000000002
0.000259610452227557,1.5820393320000001,0.007907976000000004
0.000260610452227557,1.5820393320000001,0.00784211
0.000261610452227557,1.5820393320000001,0.007710378000000004
0.000262610452227557,1.5820393320000001,0.007710378000000004
0.000263610452227557,1.5820393320000001,0.007710378000000004
0.000264610452227557,1.5820393320000001,0.007776244000000002
0.000265610452227557,1.5820393320000001,0.007578646000000001
0.000266610452227557,1.5820393320000001,0.007578646000000001
0.000267610452227557,1.5820393320000001,0.00784211
0.000268610452227557,1.5820393320000001,0.007907976000000004
0.000269610452227557,1.5820393320000001,0.008039708
0.000270610452227557,1.5820393320000001,0.007973842000000002
0.000271610452227557,1.5820393320000001,0.007973842000000002
0.000272610452227557,1.5820393320000001,0.007907976000000004
0.000273610452227557,1.5820393320000001,0.007907976000000004
0.000274610452227557,1.5820393320000001,0.008105574000000004
0.000275610452227557,1.5820393320000001,0.008105574000000004
0.000276610452227557,1.5820393320000001,0.007907976000000004
0.000277610452227557,1.5820393320000001,0.007776244000000002
0.000278610452227557,1.5820393320000001,0.007776244000000002
0.000279610452227557,1.5820393320000001,0.007973842000000002
0.000280610452227557,1.5820393320000001,0.007973842000000002
0.000281610452227557,1.5820393320000001,0.007776244000000002
0.000282610452227557,1.5820393320000001,0.007710378000000004
0.000283610452227557,1.5820393320000001,0.007381048000000001
0.000284610452227557,1.5820393320000001,0.007578646000000001
0.000285610452227557,1.5820393320000001,0.007776244000000002
0.000286610452227557,1.5820393320000001,0.007512780000000004
0.000287610452227557,1.5820393320000001,0.007446914000000006
0.000288610452227557,1.5820393320000001,0.007446914000000006
0.000289610452227557,1.5820393320000001,0.007644511999999999
0.000290610452227557,1.5820393320000001,0.007512780000000004
0.000291610452227557,1.5820393320000001,0.007446914000000006
0.000292610452227557,1.5820393320000001,0.007512780000000004
0.00029361045222755697,1.5820393320000001,0.007512780000000004
0.000294610452227557,1.5820393320000001,0.007644511999999999
0.000295610452227557,1.5820393320000001,0.007644511999999999
0.000296610452227557,1.5820393320000001,0.007512780000000004
0.000297610452227557,1.5820393320000001,0.007381048000000001
0.000298610452227557,1.5820393320000001,0.007381048000000001
0.000299610452227557,1.5820393320000001,0.007644511999999999
0.000300610452227557,1.5820393320000001,0.007710378000000004
0.000301610452227557,1.5820393320000001,0.00784211
0.000302610452227557,1.5820393320000001,0.007578646000000001
0.000303610452227557,1.5820393320000001,0.007446914000000006
0.000304610452227557,1.5820393320000001,0.007644511999999999
0.000305610452227557,1.5820393320000001,0.007578646000000001
0.000306610452227557,1.5820393320000001,0.007512780000000004
0.000307610452227557,1.5820393320000001,0.007315182000000003
0.000308610452227557,1.5820393320000001,0.007381048000000001
0.000309610452227557,1.5820393320000001,0.007644511999999999
0.000310610452227557,1.5820393320000001,0.007512780000000004
0.000311610452227557,1.5820393320000001,0.007512780000000004
0.000312610452227557,1.5820393320000001,0.007644511999999999
0.00031361045222755697,1.5820393320000001,0.007315182000000003
0.000314610452227557,1.5820393320000001,0.007117584000000003
0.000315610452227557,1.5820393320000001,0.007446914000000006
0.000316610452227557,1.5820393320000001,0.007710378000000004
0.000317610452227557,1.5820393320000001,0.007710378000000004
0.000318610452227557,1.5820393320000001,0.007578646000000001
0.000319610452227557,1.5820393320000001,0.007512780000000004
0.000320610452227557,1.5820393320000001,0.007578646000000001
0.000321610452227557,1.5820393320000001,0.007578646000000001
0.00032261045222755697,1.5820393320000001,0.007381048000000001
0.000323610452227557,1.5820393320000001,0.007183450000000001
0.000324610452227557,1.5820393320000001,0.007183450000000001
0.000325610452227557,1.5820393320000001,0.007183450000000001
0.000326610452227557,1.5820393320000001,0.007117584000000003
0.000327610452227557,1.5820393320000001,0.007051718000000005
0.000328610452227557,1.5820393320000001,0.007051718000000005
0.000329610452227557,1.5820393320000001,0.007183450000000001
0.000330610452227557,1.5820393320000001,0.007051718000000005
0.000331610452227557,1.5820393320000001,0.007051718000000005
0.000332610452227557,1.5820393320000001,0.007315182000000003
0.000333610452227557,1.5820393320000001,0.007446914000000006
0.000334610452227557,1.5820393320000001,0.007381048000000001
0.000335610452227557,1.5820393320000001,0.007249316000000006
0.000336610452227557,1.5820393320000001,0.007315182000000003
0.000337610452227557,1.5820393320000001,0.007315182000000003
0.000338610452227557,1.5820393320000001,0.007249316000000006
0.000339610452227557,1.5820393320000001,0.007315182000000003
0.000340610452227557,1.5820393320000001,0.007315182000000003
0.000341610452227557,1.5820393320000001,0.007446914000000006
0.00034261045222755697,1.5820393320000001,0.007381048000000001
0.000343610452227557,1.5820393320000001,0.007249316000000006
0.000344610452227557,1.5820393320000001,0.007249316000000006
0.000345610452227557,1.5820393320000001,0.007051718000000005
0.000346610452227557,1.5820393320000001,0.007183450000000001
0.000347610452227557,1.5820393320000001,0.007446914000000006
0.000348610452227557,1.5820393320000001,0.007381048000000001
0.000349610452227557,1.5820393320000001,0.007315182000000003
0.000350610452227557,1.5820393320000001,0.007249316000000006
0.00035161045222755697,1.5820393320000001,0.007315182000000003
0.000352610452227557,1.5820393320000001,0.007381048000000001
0.000353610452227557,1.5820393320000001,0.007315182000000003
0.000354610452227557,1.5820393320000001,0.007381048000000001
0.000355610452227557,1.5820393320000001,0.007249316000000006
0.000356610452227557,1.5820393320000001,0.007381048000000001
0.000357610452227557,1.5820393320000001,0.007315182000000003
0.000358610452227557,1.5820393320000001,0.007381048000000001
0.000359610452227557,1.5820393320000001,0.007710378000000004
0.000360610452227557,1.5820393320000001,0.007710378000000004
0.000361610452227557,1.5820393320000001,0.007644511999999999
0.00036261045222755697,1.5820393320000001,0.007446914000000006
0.000363610452227557,1.5820393320000001,0.007446914000000006
0.000364610452227557,1.5820393320000001,0.007644511999999999
0.000365610452227557,1.5820393320000001,0.007578646000000001
0.000366610452227557,1.5820393320000001,0.007578646000000001
0.000367610452227557,1.5820393320000001,0.007776244000000002
0.000368610452227557,1.5820393320000001,0.00784211
0.000369610452227557,1.5820393320000001,0.007907976000000004
0.000370610452227557,1.5820393320000001,0.00784211
0.00037161045222755697,1.5820393320000001,0.007907976000000004
0.000372610452227557,1.5820393320000001,0.007907976000000004
0.000373610452227557,1.5820393320000001,0.007710378000000004
0.000374610452227557,1.5820393320000001,0.007512780000000004
0.000375610452227557,1.5820393320000001,0.007512780000000004
0.000376610452227557,1.5820393320000001,0.007644511999999999
0.000377610452227557,1.5820393320000001,0.007512780000000004
0.000378610452227557,1.5820393320000001,0.007446914000000006
0.000379610452227557,1.5820393320000001,0.007710378000000004
0.000380610452227557,1.5820393320000001,0.007644511999999999
0.000381610452227557,1.5820393320000001,0.007710378000000004
0.000382610452227557,1.5820393320000001,0.007776244000000002
0.000383610452227557,1.5820393320000001,0.007710378000000004
0.000384610452227557,1.5820393320000001,0.007644511999999999
0.000385610452227557,1.5820393320000001,0.007578646000000001
0.000386610452227557,1.5820393320000001,0.007512780000000004
0.000387610452227557,1.5820393320000001,0.007315182000000003
0.000388610452227557,1.5820393320000001,0.007578646000000001
0.000389610452227557,1.5820393320000001,0.00784211
0.000390610452227557,1.5820393320000001,0.007710378000000004
0.00039161045222755697,1.5820393320000001,0.00784211
0.000392610452227557,1.5820393320000001,0.00784211
0.000393610452227557,1.5820393320000001,0.007710378000000004
0.000394610452227557,1.5820393320000001,0.007710378000000004
0.000395610452227557,1.5820393320000001,0.007644511999999999
0.000396610452227557,1.5820393320000001,0.007578646000000001
0.000397610452227557,1.5820393320000001,0.007578646000000001
0.000398610452227557,1.5820393320000001,0.007776244000000002
0.000399610452227557,1.5820393320000001,0.007973842000000002
0.00040061045222755697,1.5820393320000001,0.007973842000000002
0.000401610452227557,1.5820393320000001,0.007907976000000004
0.000402610452227557,1.5820393320000001,0.007776244000000002
0.000403610452227557,1.5820393320000001,0.00784211
0.000404610452227557,1.5820393320000001,0.007776244000000002
0.000405610452227557,1.5820393320000001,0.007644511999999999
0.000406610452227557,1.5820393320000001,0.007710378000000004
0.000407610452227557,1.5820393320000001,0.007776244000000002
0.000408610452227557,1.5820393320000001,0.007776244000000002
0.000409610452227557,1.5820393320000001,0.007776244000000002
0.000410610452227557,1.5820393320000001,0.00784211
0.00041161045222755697,1.5820393320000001,0.007776244000000002
0.000412610452227557,1.5820393320000001,0.007776244000000002
0.000413610452227557,1.5820393320000001,0.007776244000000002
0.000414610452227557,1.5820393320000001,0.00784211
0.000415610452227557,1.5820393320000001,0.007907976000000004
0.000416610452227557,1.5820393320000001,0.007907976000000004
0.000417610452227557,1.5820393320000001,0.007644511999999999
0.000418610452227557,1.5820393320000001,0.007644511999999999
0.000419610452227557,1.5820393320000001,0.00784211
0.00042061045222755697,1.5820393320000001,0.00784211
0.000421610452227557,1.5820393320000001,0.007776244000000002
0.000422610452227557,1.5820393320000001,0.007710378000000004
0.000423610452227557,1.5820393320000001,0.00784211
0.000424610452227557,1.5820393320000001,0.007973842000000002
0.000425610452227557,1.5820393320000001,0.007907976000000004
0.000426610452227557,1.5820393320000001,0.007644511999999999
0.000427610452227557,1.5820393320000001,0.007512780000000004
0.000428610452227557,1.5820393320000001,0.007578646000000001
0.00042961045222755697,1.5820393320000001,0.007644511999999999
0.000430610452227557,1.5820393320000001,0.007512780000000004
0.00043161045222755697,1.5820393320000001,0.007644511999999999
0.000432610452227557,1.5820393320000001,0.007776244000000002
0.000433610452227557,1.5820393320000001,0.00784211
0.000434610452227557,1.5820393320000001,0.007776244000000002
0.000435610452227557,1.5820393320000001,0.007776244000000002
0.000436610452227557,1.5820393320000001,0.007907976000000004
0.000437610452227557,1.5820393320000001,0.007776244000000002
0.000438610452227557,1.5820393320000001,0.007710378000000004
0.000439610452227557,1.5820393320000001,0.007644511999999999
0.00044061045222755697,1.5820393320000001,0.007710378000000004
0.000441610452227557,1.5820393320000001,0.007776244000000002
0.000442610452227557,1.5820393320000001,0.007710378000000004
0.000443610452227557,1.5820393320000001,0.00784211
0.000444610452227557,1.5820393320000001,0.007710378000000004
0.000445610452227557,1.5820393320000001,0.007710378000000004
0.000446610452227557,1.5820393320000001,0.007973842000000002
0.000447610452227557,1.5820393320000001,0.007907976000000004
0.000448610452227557,1.5820393320000001,0.008039708
0.00044961045222755697,1.5820393320000001,0.008171440000000002
0.000450610452227557,1.5820393320000001,0.007907976000000004
0.000451610452227557,1.5820393320000001,0.008171440000000002
0.000452610452227557,1.5820393320000001,0.008369038000000002
0.000453610452227557,1.5820393320000001,0.008171440000000002
0.000454610452227557,1.5820393320000001,0.007973842000000002
0.000455610452227557,1.5820393320000001,0.008039708
0.000456610452227557,1.5820393320000001,0.008039708
0.000457610452227557,1.5820393320000001,0.007907976000000004
0.00045861045222755697,1.5820393320000001,0.00784211
0.000459610452227557,1.5820393320000001,0.007776244000000002
0.00046061045222755697,1.5820393320000001,0.007776244000000002
0.000461610452227557,1.5820393320000001,0.007776244000000002
0.000462610452227557,1.5820393320000001,0.007710378000000004
0.000463610452227557,1.5820393320000001,0.007776244000000002
0.000464610452227557,1.5820393320000001,0.007710378000000004
0.000465610452227557,1.5820393320000001,0.007644511999999999
0.000466610452227557,1.5820393320000001,0.007710378000000004
0.000467610452227557,1.5820393320000001,0.007776244000000002
0.000468610452227557,1.5820393320000001,0.007776244000000002
0.00046961045222755697,1.5820393320000001,0.007776244000000002
0.000470610452227557,1.5820393320000001,0.007710378000000004
0.000471610452227557,1.5820393320000001,0.007710378000000004
0.000472610452227557,1.5820393320000001,0.007776244000000002
0.000473610452227557,1.5820393320000001,0.007907976000000004
0.000474610452227557,1.5820393320000001,0.00784211
0.000475610452227557,1.5820393320000001,0.007907976000000004
0.000476610452227557,1.5820393320000001,0.00784211
0.000477610452227557,1.5820393320000001,0.007644511999999999
0.00047861045222755697,1.5820393320000001,0.007710378000000004
0.000479610452227557,1.5820393320000001,0.00784211
0.00048061045222755696,1.5820393320000001,0.00784211
0.000481610452227557,1.5820393320000001,0.007776244000000002
0.000482610452227557,1.5820393320000001,0.007710378000000004
0.000483610452227557,1.5820393320000001,0.007710378000000004
0.000484610452227557,1.5820393320000001,0.007512780000000004
0.000485610452227557,1.5820393320000001,0.007381048000000001
0.000486610452227557,1.5820393320000001,0.007512780000000004
0.00048761045222755697,1.5820393320000001,0.007512780000000004
0.0004886104522275569,1.5820393320000001,0.007578646000000001
0.000489610452227557,1.5820393320000001,0.007644511999999999
0.0004906104522275569,1.5820393320000001,0.007578646000000001
0.0004916104522275569,1.5820393320000001,0.007644511999999999
0.0004926104522275569,1.5820393320000001,0.00784211
0.000493610452227557,1.5820393320000001,0.007907976000000004
0.000494610452227557,1.5820393320000001,0.007776244000000002
0.0004956104522275569,1.5820393320000001,0.007710378000000004
0.0004966104522275569,1.5820393320000001,0.007644511999999999
0.0004976104522275569,1.5820393320000001,0.007644511999999999
0.000498610452227557,1.5820393320000001,0.007776244000000002
0.0004996104522275569,1.5820393320000001,0.00784211
0.0005006104522275569,1.5820393320000001,0.00784211
0.0005016104522275569,1.5820393320000001,0.007644511999999999
0.000502610452227557,1.5820393320000001,0.007578646000000001
0.000503610452227557,1.5820393320000001,0.007578646000000001
0.0005046104522275569,1.5820393320000001,0.007446914000000006
0.0005056104522275569,1.5820393320000001,0.007446914000000006
0.0005066104522275569,1.5820393320000001,0.007578646000000001
0.000507610452227557,1.5820393320000001,0.007512780000000004
0.0005086104522275569,1.5820393320000001,0.007446914000000006
0.0005096104522275569,1.5820393320000001,0.007315182000000003
0.0005106104522275569,1.5820393320000001,0.007315182000000003
0.000511610452227557,1.5820393320000001,0.007381048000000001
0.000512610452227557,1.5820393320000001,0.007117584000000003
0.0005136104522275569,1.5820393320000001,0.006854120000000005
0.0005146104522275569,1.5820393320000001,0.0067882540000000005
0.000515610452227557,1.5820393320000001,0.006985852000000001
0.000516610452227557,1.5820393320000001,0.007249316000000006
0.0005176104522275569,1.5820393320000001,0.007249316000000006
0.0005186104522275569,1.5820393320000001,0.007315182000000003
0.0005196104522275569,1.5820393320000001,0.007381048000000001
0.000520610452227557,1.5820393320000001,0.007381048000000001
0.000521610452227557,1.5820393320000001,0.007512780000000004
0.0005226104522275569,1.5820393320000001,0.007512780000000004
0.0005236104522275569,1.5820393320000001,0.007512780000000004
0.000524610452227557,1.5820393320000001,0.007315182000000003
0.000525610452227557,1.5820393320000001,0.007249316000000006
0.0005266104522275569,1.5820393320000001,0.007446914000000006
0.0005276104522275569,1.5820393320000001,0.007381048000000001
0.0005286104522275569,1.5820393320000001,0.007381048000000001
0.000529610452227557,1.5820393320000001,0.007315182000000003
0.000530610452227557,1.5820393320000001,0.007315182000000003
0.0005316104522275569,1.5820393320000001,0.007512780000000004
0.0005326104522275569,1.5820393320000001,0.007249316000000006
0.000533610452227557,1.5820393320000001,0.007117584000000003
0.000534610452227557,1.5820393320000001,0.007249316000000006
0.0005356104522275569,1.5820393320000001,0.007249316000000006
0.0005366104522275569,1.5820393320000001,0.007183450000000001
0.0005376104522275569,1.5820393320000001,0.007249316000000006
0.000538610452227557,1.5820393320000001,0.007446914000000006
0.0005396104522275569,1.5820393320000001,0.007381048000000001
0.0005406104522275569,1.5820393320000001,0.007381048000000001
0.0005416104522275569,1.5820393320000001,0.007381048000000001
0.000542610452227557,1.5820393320000001,0.007381048000000001
0.000543610452227557,1.5820393320000001,0.007578646000000001
0.0005446104522275569,1.5820393320000001,0.007381048000000001
0.0005456104522275569,1.5820393320000001,0.007315182000000003
0.0005466104522275569,1.5820393320000001,0.007446914000000006
0.000547610452227557,1.5820393320000001,0.007381048000000001
0.0005486104522275569,1.5820393320000001,0.007381048000000001
0.0005496104522275569,1.5820393320000001,0.007315182000000003
0.0005506104522275569,1.5820393320000001,0.007446914000000006
0.000551610452227557,1.5820393320000001,0.007446914000000006
0.000552610452227557,1.5820393320000001,0.007315182000000003
0.0005536104522275569,1.5820393320000001,0.007578646000000001
0.0005546104522275569,1.5820393320000001,0.007446914000000006
0.0005556104522275569,1.5820393320000001,0.007183450000000001
0.000556610452227557,1.5820393320000001,0.007183450000000001
0.0005576104522275569,1.5820393320000001,0.007249316000000006
0.0005586104522275569,1.5820393320000001,0.007249316000000006
0.0005596104522275569,1.5820393320000001,0.007315182000000003
0.000560610452227557,1.5820393320000001,0.007315182000000003
0.000561610452227557,1.5820393320000001,0.007315182000000003
0.0005626104522275569,1.5820393320000001,0.007381048000000001
0.0005636104522275569,1.5820393320000001,0.007446914000000006
0.000564610452227557,1.5820393320000001,0.007381048000000001
0.000565610452227557,1.5820393320000001,0.007381048000000001
0.0005666104522275569,1.5820393320000001,0.007381048000000001
0.0005676104522275569,1.5820393320000001,0.007117584000000003
0.0005686104522275569,1.5820393320000001,0.007051718000000005
0.000569610452227557,1.5820393320000001,0.007117584000000003
0.000570610452227557,1.5820393320000001,0.007183450000000001
0.0005716104522275569,1.5820393320000001,0.007183450000000001
0.0005726104522275569,1.5820393320000001,0.007381048000000001
0.000573610452227557,1.5820393320000001,0.007381048000000001
0.000574610452227557,1.5820393320000001,0.007183450000000001
0.0005756104522275569,1.5820393320000001,0.007183450000000001
0.0005766104522275569,1.5820393320000001,0.007381048000000001
0.0005776104522275569,1.5820393320000001,0.007512780000000004
0.000578610452227557,1.5820393320000001,0.007183450000000001
0.000579610452227557,1.5820393320000001,0.006919986000000003
0.0005806104522275569,1.5820393320000001,0.007183450000000001
0.0005816104522275569,1.5820393320000001,0.007446914000000006
0.000582610452227557,1.5820393320000001,0.007512780000000004
0.000583610452227557,1.5820393320000001,0.007644511999999999
0.0005846104522275569,1.5820393320000001,0.007578646000000001
0.0005856104522275569,1.5820393320000001,0.007578646000000001
0.0005866104522275569,1.5820393320000001,0.007644511999999999
0.000587610452227557,1.5820393320000001,0.007512780000000004
0.0005886104522275569,1.5820393320000001,0.007644511999999999
0.0005896104522275569,1.5820393320000001,0.007644511999999999
0.0005906104522275569,1.5820393320000001,0.007446914000000006
0.000591610452227557,1.5820393320000001,0.007446914000000006
0.000592610452227557,1.5820393320000001,0.007512780000000004
0.0005936104522275569,1.5820393320000001,0.007578646000000001
0.0005946104522275569,1.5820393320000001,0.007644511999999999
0.0005956104522275569,1.5820393320000001,0.007776244000000002
0.000596610452227557,1.5820393320000001,0.007644511999999999
0.0005976104522275569,1.5820393320000001,0.007446914000000006
0.0005986104522275569,1.5820393320000001,0.007644511999999999
0.0005996104522275569,1.5820393320000001,0.007578646000000001
0.000600610452227557,1.5820393320000001,0.007578646000000001
0.000601610452227557,1.5820393320000001,0.007578646000000001
0.0006026104522275569,1.5820393320000001,0.007315182000000003
0.0006036104522275569,1.5820393320000001,0.007381048000000001
0.0006046104522275569,1.5820393320000001,0.007381048000000001
0.000605610452227557,1.5820393320000001,0.007381048000000001
0.0006066104522275569,1.5820393320000001,0.007512780000000004
0.0006076104522275569,1.5820393320000001,0.007315182000000003
0.0006086104522275569,1.5820393320000001,0.007117584000000003
0.000609610452227557,1.5820393320000001,0.007315182000000003
0.000610610452227557,1.5820393320000001,0.007315182000000003
0.0006116104522275569,1.5820393320000001,0.007315182000000003
0.0006126104522275569,1.5820393320000001,0.007512780000000004
0.0006136104522275569,1.5820393320000001,0.007512780000000004
0.000614610452227557,1.5820393320000001,0.007381048000000001
0.0006156104522275569,1.5820393320000001,0.007381048000000001
0.0006166104522275569,1.5820393320000001,0.007644511999999999
0.0006176104522275569,1.5820393320000001,0.007644511999999999
0.000618610452227557,1.5820393320000001,0.007644511999999999
0.000619610452227557,1.5820393320000001,0.007578646000000001
0.0006206104522275569,1.5820393320000001,0.007512780000000004
0.0006216104522275569,1.5820393320000001,0.007578646000000001
0.000622610452227557,1.5820393320000001,0.007710378000000004
0.000623610452227557,1.5820393320000001,0.007710378000000004
0.0006246104522275569,1.5820393320000001,0.007710378000000004
0.0006256104522275569,1.5820393320000001,0.007512780000000004
0.0006266104522275569,1.5820393320000001,0.007315182000000003
0.000627610452227557,1.5820393320000001,0.007249316000000006
0.0006286104522275569,1.5820393320000001,0.007315182000000003
0.0006296104522275569,1.5820393320000001,0.007446914000000006
0.0006306104522275569,1.5820393320000001,0.007381048000000001
0.000631610452227557,1.5820393320000001,0.007249316000000006
0.000632610452227557,1.5820393320000001,0.007381048000000001
0.0006336104522275569,1.5820393320000001,0.007512780000000004
0.0006346104522275569,1.5820393320000001,0.007446914000000006
0.0006356104522275569,1.5820393320000001,0.007446914000000006
0.000636610452227557,1.5820393320000001,0.007381048000000001
0.0006376104522275569,1.5820393320000001,0.007381048000000001
0.0006386104522275569,1.5820393320000001,0.007644511999999999
0.0006396104522275569,1.5820393320000001,0.007644511999999999
0.000640610452227557,1.5820393320000001,0.007578646000000001
0.000641610452227557,1.5820393320000001,0.007578646000000001
0.0006426104522275569,1.5820393320000001,0.007512780000000004
0.0006436104522275569,1.5820393320000001,0.007381048000000001
0.0006446104522275569,1.5820393320000001,0.007249316000000006
0.000645610452227557,1.5820393320000001,0.007446914000000006
0.0006466104522275569,1.5820393320000001,0.007315182000000003
0.0006476104522275569,1.5820393320000001,0.007446914000000006
0.0006486104522275569,1.5820393320000001,0.007776244000000002
0.000649610452227557,1.5820393320000001,0.007644511999999999
0.000650610452227557,1.5820393320000001,0.007446914000000006
0.0006516104522275569,1.5820393320000001,0.007381048000000001
0.0006526104522275569,1.5820393320000001,0.007315182000000003
0.0006536104522275569,1.5820393320000001,0.007381048000000001
0.000654610452227557,1.5820393320000001,0.007381048000000001
0.0006556104522275569,1.5820393320000001,0.007315182000000003
0.0006566104522275569,1.5820393320000001,0.007315182000000003
0.0006576104522275569,1.5820393320000001,0.007512780000000004
0.000658610452227557,1.5820393320000001,0.007578646000000001
0.000659610452227557,1.5820393320000001,0.007249316000000006
0.0006606104522275569,1.5820393320000001,0.007249316000000006
0.0006616104522275569,1.5820393320000001,0.007315182000000003
0.0006626104522275569,1.5820393320000001,0.007381048000000001
0.000663610452227557,1.5820393320000001,0.007315182000000003
0.0006646104522275569,1.5820393320000001,0.007183450000000001
0.0006656104522275569,1.5820393320000001,0.007381048000000001
0.0006666104522275569,1.5820393320000001,0.007512780000000004
0.000667610452227557,1.5820393320000001,0.007512780000000004
0.000668610452227557,1.5820393320000001,0.007512780000000004
0.0006696104522275569,1.5820393320000001,0.007512780000000004
0.0006706104522275569,1.5820393320000001,0.007512780000000004
0.0006716104522275569,1.5820393320000001,0.007381048000000001
0.000672610452227557,1.5820393320000001,0.007381048000000001
0.0006736104522275569,1.5820393320000001,0.007578646000000001
0.0006746104522275569,1.5820393320000001,0.007446914000000006
0.0006756104522275569,1.5820393320000001,0.007381048000000001
0.000676610452227557,1.5820393320000001,0.007578646000000001
0.0006776104522275569,1.5820393320000001,0.007644511999999999
0.0006786104522275569,1.5820393320000001,0.007644511999999999
0.0006796104522275569,1.5820393320000001,0.007578646000000001
0.000680610452227557,1.5820393320000001,0.007644511999999999
0.000681610452227557,1.5820393320000001,0.007710378000000004
0.0006826104522275569,1.5820393320000001,0.007710378000000004
0.0006836104522275569,1.5820393320000001,0.007446914000000006
0.0006846104522275569,1.5820393320000001,0.007315182000000003
0.000685610452227557,1.5820393320000001,0.007512780000000004
0.0006866104522275569,1.5820393320000001,0.007644511999999999
0.0006876104522275569,1.5820393320000001,0.007710378000000004
0.0006886104522275569,1.5820393320000001,0.00784211
0.000689610452227557,1.5820393320000001,0.007776244000000002
0.000690610452227557,1.5820393320000001,0.007776244000000002
0.0006916104522275569,1.5820393320000001,0.007710378000000004
0.0006926104522275569,1.5820393320000001,0.007644511999999999
0.0006936104522275569,1.5820393320000001,0.007710378000000004
0.000694610452227557,1.5820393320000001,0.007578646000000001
0.0006956104522275569,1.5820393320000001,0.007710378000000004
0.0006966104522275569,1.5820393320000001,0.007907976000000004
0.0006976104522275569,1.5820393320000001,0.007776244000000002
0.000698610452227557,1.5820393320000001,0.007710378000000004
0.000699610452227557,1.5820393320000001,0.00784211
0.0007006104522275569,1.5820393320000001,0.008039708
0.0007016104522275569,1.5820393320000001,0.008039708
0.0007026104522275569,1.5820393320000001,0.007973842000000002
0.000703610452227557,1.5820393320000001,0.00784211
0.0007046104522275569,1.5820393320000001,0.007512780000000004
0.0007056104522275569,1.5820393320000001,0.007381048000000001
0.0007066104522275569,1.5820393320000001,0.007512780000000004
0.000707610452227557,1.5820393320000001,0.007644511999999999
0.000708610452227557,1.5820393320000001,0.007776244000000002
0.0007096104522275569,1.5820393320000001,0.00784211
0.0007106104522275569,1.5820393320000001,0.007710378000000004
0.0007116104522275569,1.5820393320000001,0.007315182000000003
0.000712610452227557,1.5820393320000001,0.007446914000000006
0.0007136104522275569,1.5820393320000001,0.007512780000000004
0.0007146104522275569,1.5820393320000001,0.007315182000000003
0.0007156104522275569,1.5820393320000001,0.007381048000000001
0.000716610452227557,1.5820393320000001,0.007644511999999999
0.000717610452227557,1.5820393320000001,0.007578646000000001
0.0007186104522275569,1.5820393320000001,0.007381048000000001
0.0007196104522275569,1.5820393320000001,0.007381048000000001
0.0007206104522275569,1.5820393320000001,0.007381048000000001
0.000721610452227557,1.5820393320000001,0.007183450000000001
0.0007226104522275569,1.5820393320000001,0.007249316000000006
0.0007236104522275569,1.5820393320000001,0.007381048000000001
0.0007246104522275569,1.5820393320000001,0.007578646000000001
0.000725610452227557,1.5820393320000001,0.007907976000000004
0.0007266104522275569,1.5820393320000001,0.007776244000000002
0.0007276104522275569,1.5820393320000001,0.007578646000000001
0.0007286104522275569,1.5820393320000001,0.007512780000000004
0.0007296104522275569,1.5820393320000001,0.007512780000000004
0.000730610452227557,1.5820393320000001,0.007644511999999999
0.0007316104522275569,1.5820393320000001,0.007710378000000004
0.0007326104522275569,1.5820393320000001,0.007446914000000006
0.0007336104522275569,1.5820393320000001,0.007446914000000006
0.000734610452227557,1.5820393320000001,0.007512780000000004
0.0007356104522275569,1.5820393320000001,0.007578646000000001
0.0007366104522275569,1.5820393320000001,0.007578646000000001
0.0007376104522275569,1.5820393320000001,0.007446914000000006
0.000738610452227557,1.5820393320000001,0.007381048000000001
0.000739610452227557,1.5820393320000001,0.007315182000000003
0.0007406104522275569,1.5820393320000001,0.007512780000000004
0.0007416104522275569,1.5820393320000001,0.007644511999999999
0.0007426104522275569,1.5820393320000001,0.007578646000000001
0.000743610452227557,1.5820393320000001,0.007512780000000004
0.0007446104522275569,1.5820393320000001,0.007512780000000004
0.0007456104522275569,1.5820393320000001,0.007446914000000006
0.0007466104522275569,1.5820393320000001,0.007315182000000003
0.000747610452227557,1.5820393320000001,0.007512780000000004
0.000748610452227557,1.5820393320000001,0.007644511999999999
0.0007496104522275569,1.5820393320000001,0.007446914000000006
0.0007506104522275569,1.5820393320000001,0.007512780000000004
0.0007516104522275569,1.5820393320000001,0.007710378000000004
0.000752610452227557,1.5820393320000001,0.007644511999999999
0.0007536104522275569,1.5820393320000001,0.007578646000000001
0.0007546104522275569,1.5820393320000001,0.007644511999999999
0.0007556104522275569,1.5820393320000001,0.007710378000000004
0.000756610452227557,1.5820393320000001,0.007644511999999999
0.000757610452227557,1.5820393320000001,0.007710378000000004
0.0007586104522275569,1.5820393320000001,0.007512780000000004
0.0007596104522275569,1.5820393320000001,0.007381048000000001
0.0007606104522275569,1.5820393320000001,0.007644511999999999
0.000761610452227557,1.5820393320000001,0.007512780000000004
0.0007626104522275569,1.5820393320000001,0.007381048000000001
0.0007636104522275569,1.5820393320000001,0.007578646000000001
0.0007646104522275569,1.5820393320000001,0.007710378000000004
0.000765610452227557,1.5820393320000001,0.007644511999999999
0.000766610452227557,1.5820393320000001,0.007381048000000001
0.0007676104522275569,1.5820393320000001,0.007446914000000006
0.0007686104522275569,1.5820393320000001,0.007776244000000002
0.0007696104522275569,1.5820393320000001,0.007710378000000004
0.000770610452227557,1.5820393320000001,0.007644511999999999
0.0007716104522275569,1.5820393320000001,0.007710378000000004
0.0007726104522275569,1.5820393320000001,0.00784211
0.0007736104522275569,1.5820393320000001,0.00784211
0.000774610452227557,1.5820393320000001,0.007710378000000004
0.0007756104522275569,1.5820393320000001,0.007973842000000002
0.0007766104522275569,1.5820393320000001,0.008105574000000004
0.0007776104522275569,1.5820393320000001,0.00784211
0.0007786104522275569,1.5820393320000001,0.007776244000000002
0.000779610452227557,1.5820393320000001,0.007907976000000004
0.0007806104522275569,1.5820393320000001,0.007907976000000004
0.0007816104522275569,1.5820393320000001,0.007710378000000004
0.0007826104522275569,1.5820393320000001,0.007776244000000002
0.000783610452227557,1.5820393320000001,0.007973842000000002
0.0007846104522275569,1.5820393320000001,0.007973842000000002
0.0007856104522275569,1.5820393320000001,0.008171440000000002
0.0007866104522275569,1.5820393320000001,0.008171440000000002
0.0007876104522275569,1.5820393320000001,0.007973842000000002
0.000788610452227557,1.5820393320000001,0.007973842000000002
0.0007896104522275569,1.5820393320000001,0.007907976000000004
0.0007906104522275569,1.5820393320000001,0.007776244000000002
0.0007916104522275569,1.5820393320000001,0.007578646000000001
0.000792610452227557,1.5820393320000001,0.007512780000000004
0.0007936104522275569,1.5820393320000001,0.007446914000000006
0.0007946104522275569,1.5820393320000001,0.007381048000000001
0.0007956104522275569,1.5820393320000001,0.007446914000000006
0.000796610452227557,1.5820393320000001,0.007512780000000004
0.000797610452227557,1.5820393320000001,0.007644511999999999
0.0007986104522275569,1.5820393320000001,0.007644511999999999
0.0007996104522275569,1.5820393320000001,0.007644511999999999
0.0008006104522275569,1.5820393320000001,0.007776244000000002
0.000801610452227557,1.5820393320000001,0.007644511999999999
0.0008026104522275569,1.5820393320000001,0.007776244000000002
0.0008036104522275569,1.5820393320000001,0.007973842000000002
0.0008046104522275569,1.5820393320000001,0.007776244000000002
0.000805610452227557,1.5820393320000001,0.007578646000000001
0.000806610452227557,1.5820393320000001,0.007644511999999999
0.0008076104522275569,1.5820393320000001,0.007973842000000002
0.0008086104522275569,1.5820393320000001,0.007907976000000004
0.0008096104522275569,1.5820393320000001,0.00784211
0.000810610452227557,1.5820393320000001,0.008039708
0.0008116104522275569,1.5820393320000001,0.008039708
0.0008126104522275569,1.5820393320000001,0.007973842000000002
0.0008136104522275569,1.5820393320000001,0.007907976000000004
0.000814610452227557,1.5820393320000001,0.007776244000000002
0.0008156104522275569,1.5820393320000001,0.007907976000000004
0.0008166104522275569,1.5820393320000001,0.007907976000000004
0.0008176104522275569,1.5820393320000001,0.00784211
0.0008186104522275569,1.5820393320000001,0.007776244000000002
0.000819610452227557,1.5820393320000001,0.007973842000000002
0.0008206104522275569,1.5820393320000001,0.008039708
0.0008216104522275569,1.5820393320000001,0.007776244000000002
0.0008226104522275569,1.5820393320000001,0.007776244000000002
0.000823610452227557,1.5820393320000001,0.007907976000000004
0.0008246104522275569,1.5820393320000001,0.007710378000000004
0.0008256104522275569,1.5820393320000001,0.007776244000000002
0.0008266104522275569,1.5820393320000001,0.007907976000000004
0.0008276104522275569,1.5820393320000001,0.008105574000000004
0.000828610452227557,1.5820393320000001,0.008039708
0.0008296104522275569,1.5820393320000001,0.007973842000000002
0.0008306104522275569,1.5820393320000001,0.008105574000000004
0.0008316104522275569,1.5820393320000001,0.007907976000000004
0.000832610452227557,1.5820393320000001,0.007776244000000002
0.0008336104522275569,1.5820393320000001,0.007644511999999999
0.0008346104522275569,1.5820393320000001,0.007578646000000001
0.0008356104522275569,1.5820393320000001,0.007578646000000001
0.0008366104522275569,1.5820393320000001,0.007512780000000004
0.000837610452227557,1.5820393320000001,0.007578646000000001
0.0008386104522275569,1.5820393320000001,0.007710378000000004
0.0008396104522275569,1.5820393320000001,0.007907976000000004
0.0008406104522275569,1.5820393320000001,0.007776244000000002
0.000841610452227557,1.5820393320000001,0.007578646000000001
0.0008426104522275569,1.5820393320000001,0.007710378000000004
0.0008436104522275569,1.5820393320000001,0.007512780000000004
0.0008446104522275569,1.5820393320000001,0.007315182000000003
0.000845610452227557,1.5820393320000001,0.007446914000000006
0.000846610452227557,1.5820393320000001,0.007710378000000004
0.0008476104522275569,1.5820393320000001,0.007907976000000004
0.0008486104522275569,1.5820393320000001,0.007907976000000004
0.0008496104522275569,1.5820393320000001,0.007776244000000002
0.000850610452227557,1.5820393320000001,0.007776244000000002
0.0008516104522275569,1.5820393320000001,0.007776244000000002
0.0008526104522275569,1.5820393320000001,0.007710378000000004
0.0008536104522275569,1.5820393320000001,0.007578646000000001
0.000854610452227557,1.5820393320000001,0.007644511999999999
0.000855610452227557,1.5820393320000001,0.007710378000000004
0.0008566104522275569,1.5820393320000001,0.007578646000000001
0.0008576104522275569,1.5820393320000001,0.007644511999999999
0.0008586104522275569,1.5820393320000001,0.007710378000000004
0.000859610452227557,1.5820393320000001,0.007446914000000006
0.0008606104522275569,1.5820393320000001,0.007249316000000006
0.0008616104522275569,1.5820393320000001,0.007315182000000003
0.0008626104522275569,1.5820393320000001,0.007578646000000001
0.000863610452227557,1.5820393320000001,0.007644511999999999
0.0008646104522275569,1.5820393320000001,0.007512780000000004
0.0008656104522275569,1.5820393320000001,0.007512780000000004
0.0008666104522275569,1.5820393320000001,0.007710378000000004
0.0008676104522275569,1.5820393320000001,0.007907976000000004
0.000868610452227557,1.5820393320000001,0.007907976000000004
0.0008696104522275569,1.5820393320000001,0.007907976000000004
0.0008706104522275569,1.5820393320000001,0.007973842000000002
0.0008716104522275569,1.5820393320000001,0.008039708
0.000872610452227557,1.5820393320000001,0.007973842000000002
0.0008736104522275569,1.5820393320000001,0.00784211
0.0008746104522275569,1.5820393320000001,0.00784211
0.0008756104522275569,1.5820393320000001,0.007907976000000004
0.0008766104522275569,1.5820393320000001,0.007907976000000004
0.000877610452227557,1.5820393320000001,0.008039708
0.0008786104522275569,1.5820393320000001,0.007907976000000004
0.0008796104522275569,1.5820393320000001,0.00784211
0.0008806104522275569,1.5820393320000001,0.007644511999999999
0.000881610452227557,1.5820393320000001,0.007644511999999999
0.0008826104522275569,1.5820393320000001,0.007907976000000004
0.0008836104522275569,1.5820393320000001,0.007907976000000004
0.0008846104522275569,1.5820393320000001,0.008105574000000004
0.0008856104522275569,1.5820393320000001,0.007973842000000002
0.000886610452227557,1.5820393320000001,0.007644511999999999
0.0008876104522275569,1.5820393320000001,0.007644511999999999
0.0008886104522275569,1.5820393320000001,0.007644511999999999
0.0008896104522275569,1.5820393320000001,0.007776244000000002
0.000890610452227557,1.5820393320000001,0.00784211
0.0008916104522275569,1.5820393320000001,0.007644511999999999
0.0008926104522275569,1.5820393320000001,0.007776244000000002
0.0008936104522275569,1.5820393320000001,0.00784211
0.0008946104522275569,1.5820393320000001,0.007710378000000004
0.000895610452227557,1.5820393320000001,0.00784211
0.0008966104522275569,1.5820393320000001,0.00784211
0.0008976104522275569,1.5820393320000001,0.007776244000000002
0.0008986104522275569,1.5820393320000001,0.007710378000000004
0.000899610452227557,1.5820393320000001,0.007644511999999999
0.0009006104522275569,1.5820393320000001,0.007710378000000004
0.0009016104522275569,1.5820393320000001,0.007644511999999999
0.0009026104522275569,1.5820393320000001,0.007776244000000002
0.000903610452227557,1.5820393320000001,0.00784211
0.000904610452227557,1.5820393320000001,0.007644511999999999
0.0009056104522275569,1.5820393320000001,0.007710378000000004
0.0009066104522275569,1.5820393320000001,0.007776244000000002
0.0009076104522275569,1.5820393320000001,0.007907976000000004
0.000908610452227557,1.5820393320000001,0.007710378000000004
0.0009096104522275569,1.5820393320000001,0.007710378000000004
0.0009106104522275569,1.5820393320000001,0.007907976000000004
0.0009116104522275569,1.5820393320000001,0.00784211
0.000912610452227557,1.5820393320000001,0.007907976000000004
0.0009136104522275569,1.5820393320000001,0.008105574000000004
0.0009146104522275569,1.5820393320000001,0.008303172000000004
0.0009156104522275569,1.5820393320000001,0.008105574000000004
0.0009166104522275569,1.5820393320000001,0.00784211
0.000917610452227557,1.5820393320000001,0.008039708
0.0009186104522275569,1.5820393320000001,0.008039708
0.0009196104522275569,1.5820393320000001,0.007776244000000002
0.0009206104522275569,1.5820393320000001,0.007776244000000002
0.000921610452227557,1.5820393320000001,0.00784211
0.0009226104522275569,1.5820393320000001,0.007907976000000004
0.0009236104522275569,1.5820393320000001,0.007644511999999999
0.0009246104522275569,1.5820393320000001,0.007512780000000004
0.0009256104522275569,1.5820393320000001,0.007776244000000002
0.000926610452227557,1.5820393320000001,0.007644511999999999
0.0009276104522275569,1.5820393320000001,0.007710378000000004
0.0009286104522275569,1.5820393320000001,0.007776244000000002
0.0009296104522275569,1.5820393320000001,0.007710378000000004
0.000930610452227557,1.5820393320000001,0.007710378000000004
0.0009316104522275569,1.5820393320000001,0.007776244000000002
0.0009326104522275569,1.5820393320000001,0.00784211
0.0009336104522275569,1.5820393320000001,0.007512780000000004
0.0009346104522275569,1.5820393320000001,0.007315182000000003
0.000935610452227557,1.5820393320000001,0.007249316000000006
0.0009366104522275569,1.5820393320000001,0.007249316000000006
0.0009376104522275569,1.5820393320000001,0.007512780000000004
0.0009386104522275569,1.5820393320000001,0.007381048000000001
0.000939610452227557,1.5820393320000001,0.007315182000000003
0.0009406104522275569,1.5820393320000001,0.007446914000000006
0.0009416104522275569,1.5820393320000001,0.007644511999999999
0.0009426104522275569,1.5820393320000001,0.007644511999999999
0.0009436104522275569,1.5820393320000001,0.007446914000000006
0.000944610452227557,1.5820393320000001,0.007446914000000006
0.0009456104522275569,1.5820393320000001,0.007512780000000004
0.0009466104522275569,1.5820393320000001,0.007512780000000004
0.0009476104522275569,1.5820393320000001,0.007578646000000001
0.000948610452227557,1.5820393320000001,0.007512780000000004
0.0009496104522275569,1.5820393320000001,0.007644511999999999
0.0009506104522275569,1.5820393320000001,0.007644511999999999
0.0009516104522275569,1.5820393320000001,0.007644511999999999
0.0009526104522275569,1.5820393320000001,0.007776244000000002
0.0009536104522275569,1.5820393320000001,0.007776244000000002
0.0009546104522275569,1.5820393320000001,0.007776244000000002
0.0009556104522275569,1.5820393320000001,0.007644511999999999
0.0009566104522275569,1.5820393320000001,0.007776244000000002
0.000957610452227557,1.5820393320000001,0.008105574000000004
0.0009586104522275569,1.5820393320000001,0.008105574000000004
0.0009596104522275569,1.5820393320000001,0.007710378000000004
0.0009606104522275569,1.5820393320000001,0.007644511999999999
0.000961610452227557,1.5820393320000001,0.00784211
0.0009626104522275569,1.5820393320000001,0.007776244000000002
0.0009636104522275569,1.5820393320000001,0.007776244000000002
0.0009646104522275569,1.5820393320000001,0.007776244000000002
0.0009656104522275569,1.5820393320000001,0.007776244000000002
0.000966610452227557,1.5820393320000001,0.007710378000000004
0.0009676104522275569,1.5820393320000001,0.007710378000000004
0.0009686104522275569,1.5820393320000001,0.007578646000000001
0.0009696104522275569,1.5820393320000001,0.007512780000000004
0.000970610452227557,1.5820393320000001,0.007578646000000001
0.0009716104522275569,1.5820393320000001,0.007381048000000001
0.0009726104522275569,1.5820393320000001,0.007315182000000003
0.0009736104522275569,1.5820393320000001,0.007381048000000001
0.0009746104522275569,1.5820393320000001,0.007183450000000001
0.000975610452227557,1.5820393320000001,0.007117584000000003
0.000976610452227557,1.5820393320000001,0.007117584000000003
0.0009776104522275571,1.5820393320000001,0.007117584000000003
0.000978610452227557,1.5820393320000001,0.007117584000000003
0.000979610452227557,1.5820393320000001,0.007183450000000001
0.000980610452227557,1.5820393320000001,0.007117584000000003
0.000981610452227557,1.5820393320000001,0.007183450000000001
0.000982610452227557,1.5820393320000001,0.007183450000000001
0.000983610452227557,1.5820393320000001,0.007051718000000005
0.000984610452227557,1.5820393320000001,0.007183450000000001
0.000985610452227557,1.5820393320000001,0.007249316000000006
0.000986610452227557,1.5820393320000001,0.007117584000000003
0.000987610452227557,1.5820393320000001,0.006985852000000001
0.000988610452227557,1.5820393320000001,0.007051718000000005
0.000989610452227557,1.5820393320000001,0.007381048000000001
0.0009906104522275571,1.5820393320000001,0.007446914000000006
0.000991610452227557,1.5820393320000001,0.007381048000000001
0.000992610452227557,1.5820393320000001,0.007381048000000001
0.000993610452227557,1.5820393320000001,0.007381048000000001
0.000994610452227557,1.5820393320000001,0.007381048000000001
0.0009956104522275571,1.5820393320000001,0.007381048000000001
0.000996610452227557,1.5820393320000001,0.007381048000000001
0.000997610452227557,1.5820393320000001,0.007381048000000001
0.000998610452227557,1.5820393320000001,0.007446914000000006
0.000999610452227557,1.5820393320000001,0.007578646000000001
0.001000610452227557,1.5820393320000001,0.007578646000000001
0.001001610452227557,1.5820393320000001,0.007512780000000004
