Time (s),Channel 1 Voltage (V),Channel 2 Voltage (V)
-1.170996299898e-06,0.0226794589,0.008764234000000003
-1.7099629989800014e-07,0.5616049635,0.008764234000000003
8.290037001019998e-07,1.3318990063,0.008698368000000005
1.829003700102e-06,1.5820393320000001,0.0088301
2.8290037001019995e-06,1.5820393320000001,0.008698368000000005
3.829003700101999e-06,1.5820393320000001,0.008566636000000002
4.829003700102e-06,1.5820393320000001,0.008566636000000002
5.829003700102e-06,1.5820393320000001,0.008566636000000002
6.829003700101999e-06,1.5820393320000001,0.008698368000000005
7.829003700102e-06,1.5820393320000001,0.008764234000000003
8.829003700101999e-06,1.5820393320000001,0.008698368000000005
9.829003700102e-06,1.5820393320000001,0.0088301
1.0829003700102e-05,1.5820393320000001,0.008961832000000003
1.1829003700101999e-05,1.5820393320000001,0.009093564000000005
1.2829003700102e-05,1.5820393320000001,0.0088301
1.3829003700101998e-05,1.5820393320000001,0.008566636000000002
1.4829003700101999e-05,1.5820393320000001,0.008632502
1.5829003700102e-05,1.5820393320000001,0.008566636000000002
1.6829003700102e-05,1.5820393320000001,0.008369038000000002
1.7829003700101997e-05,1.5820393320000001,0.008237306
1.8829003700101998e-05,1.5820393320000001,0.008237306
1.9829003700102e-05,1.5820393320000001,0.008434904
2.0829003700102e-05,1.5820393320000001,0.008303172000000004
2.1829003700102e-05,1.5820393320000001,0.008171440000000002
2.2829003700102e-05,1.5820393320000001,0.008434904
2.3829003700101998e-05,1.5820393320000001,0.008434904
2.4829003700101998e-05,1.5820393320000001,0.008369038000000002
2.5829003700102e-05,1.5820393320000001,0.008369038000000002
2.6829003700102e-05,1.5820393320000001,0.008500770000000005
2.7829003700102e-05,1.5820393320000001,0.008566636000000002
2.8829003700101997e-05,1.5820393320000001,0.008632502
2.9829003700102e-05,1.5820393320000001,0.008698368000000005
3.0829003700102e-05,1.5820393320000001,0.008698368000000005
3.1829003700101995e-05,1.5820393320000001,0.008698368000000005
3.2829003700102e-05,1.5820393320000001,0.008566636000000002
3.3829003700102e-05,1.5820393320000001,0.008632502
3.4829003700102e-05,1.5820393320000001,0.0088301
3.5829003700102e-05,1.5820393320000001,0.008698368000000005
3.6829003700101995e-05,1.5820393320000001,0.008698368000000005
3.7829003700102e-05,1.5820393320000001,0.008764234000000003
3.8829003700101996e-05,1.5820393320000001,0.008632502
3.9829003700102e-05,1.5820393320000001,0.0088301
4.0829003700102e-05,1.5820393320000001,0.008698368000000005
4.1829003700101995e-05,1.5820393320000001,0.008566636000000002
4.2829003700102e-05,1.5820393320000001,0.008566636000000002
4.3829003700101996e-05,1.5820393320000001,0.008434904
4.4829003700102e-05,1.5820393320000001,0.008566636000000002
4.5829003700102e-05,1.5820393320000001,0.0088301
4.6829003700102e-05,1.5820393320000001,0.008764234000000003
4.7829003700102e-05,1.5820393320000001,0.008698368000000005
4.8829003700101995e-05,1.5820393320000001,0.0088301
4.9829003700102e-05,1.5820393320000001,0.008961832000000003
5.0829003700101996e-05,1.5820393320000001,0.008961832000000003
5.1829003700102e-05,1.5820393320000001,0.008764234000000003
5.2829003700102e-05,1.5820393320000001,0.008566636000000002
5.3829003700101995e-05,1.5820393320000001,0.0088301
5.4829003700102e-05,1.5820393320000001,0.008961832000000003
5.5829003700101996e-05,1.5820393320000001,0.008764234000000003
5.6829003700102e-05,1.5820393320000001,0.008764234000000003
5.7829003700102e-05,1.5820393320000001,0.008698368000000005
5.8829003700101994e-05,1.5820393320000001,0.008698368000000005
5.9829003700102e-05,1.5820393320000001,0.0088301
6.0829003700102e-05,1.5820393320000001,0.008764234000000003
6.1829003700102e-05,1.5820393320000001,0.0088301
6.2829003700102e-05,1.5820393320000001,0.008895966000000005
6.3829003700102e-05,1.5820393320000001,0.0088301
6.482900370010199e-05,1.5820393320000001,0.009027698
6.5829003700102e-05,1.5820393320000001,0.009027698
6.6829003700102e-05,1.5820393320000001,0.009027698
6.7829003700102e-05,1.5820393320000001,0.008961832000000003
6.8829003700102e-05,1.5820393320000001,0.008698368000000005
6.982900370010199e-05,1.5820393320000001,0.008895966000000005
7.0829003700102e-05,1.5820393320000001,0.008895966000000005
7.1829003700102e-05,1.5820393320000001,0.008764234000000003
7.2829003700102e-05,1.5820393320000001,0.008895966000000005
7.382900370010199e-05,1.5820393320000001,0.008895966000000005
7.482900370010199e-05,1.5820393320000001,0.008698368000000005
7.5829003700102e-05,1.5820393320000001,0.008566636000000002
7.6829003700102e-05,1.5820393320000001,0.008632502
7.7829003700102e-05,1.5820393320000001,0.008632502
7.882900370010199e-05,1.5820393320000001,0.008698368000000005
7.982900370010199e-05,1.5820393320000001,0.008698368000000005
8.0829003700102e-05,1.5820393320000001,0.008698368000000005
8.1829003700102e-05,1.5820393320000001,0.008961832000000003
8.2829003700102e-05,1.5820393320000001,0.008961832000000003
8.382900370010199e-05,1.5820393320000001,0.008764234000000003
8.482900370010199e-05,1.5820393320000001,0.0088301
8.5829003700102e-05,1.5820393320000001,0.009027698
8.6829003700102e-05,1.5820393320000001,0.008961832000000003
8.7829003700102e-05,1.5820393320000001,0.008895966000000005
8.882900370010199e-05,1.5820393320000001,0.008961832000000003
8.982900370010199e-05,1.5820393320000001,0.009093564000000005
9.0829003700102e-05,1.5820393320000001,0.009027698
9.1829003700102e-05,1.5820393320000001,0.009027698
9.2829003700102e-05,1.5820393320000001,0.009093564000000005
9.382900370010199e-05,1.5820393320000001,0.0088301
9.4829003700102e-05,1.5820393320000001,0.008632502
9.5829003700102e-05,1.5820393320000001,0.008698368000000005
9.6829003700102e-05,1.5820393320000001,0.008895966000000005
9.7829003700102e-05,1.5820393320000001,0.008961832000000003
9.882900370010199e-05,1.5820393320000001,0.008895966000000005
9.9829003700102e-05,1.5820393320000001,0.008895966000000005
0.000100829003700102,1.5820393320000001,0.008961832000000003
0.000101829003700102,1.5820393320000001,0.009027698
0.000102829003700102,1.5820393320000001,0.008764234000000003
0.00010382900370010199,1.5820393320000001,0.008764234000000003
0.000104829003700102,1.5820393320000001,0.008895966000000005
0.000105829003700102,1.5820393320000001,0.008698368000000005
0.000106829003700102,1.5820393320000001,0.008500770000000005
0.00010782900370010199,1.5820393320000001,0.008764234000000003
0.00010882900370010199,1.5820393320000001,0.009027698
0.000109829003700102,1.5820393320000001,0.009027698
0.000110829003700102,1.5820393320000001,0.008895966000000005
0.000111829003700102,1.5820393320000001,0.009027698
0.00011282900370010199,1.5820393320000001,0.009093564000000005
0.00011382900370010199,1.5820393320000001,0.009027698
0.000114829003700102,1.5820393320000001,0.008764234000000003
0.000115829003700102,1.5820393320000001,0.008895966000000005
0.000116829003700102,1.5820393320000001,0.009093564000000005
0.00011782900370010199,1.5820393320000001,0.009027698
0.00011882900370010199,1.5820393320000001,0.008895966000000005
0.000119829003700102,1.5820393320000001,0.008895966000000005
0.000120829003700102,1.5820393320000001,0.0088301
0.00012182900370010198,1.5820393320000001,0.008895966000000005
0.00012282900370010202,1.5820393320000001,0.008895966000000005
0.00012382900370010202,1.5820393320000001,0.008698368000000005
0.000124829003700102,1.5820393320000001,0.008764234000000003
0.000125829003700102,1.5820393320000001,0.008895966000000005
0.000126829003700102,1.5820393320000001,0.0088301
0.000127829003700102,1.5820393320000001,0.0088301
0.000128829003700102,1.5820393320000001,0.008895966000000005
0.000129829003700102,1.5820393320000001,0.009159430000000003
0.000130829003700102,1.5820393320000001,0.009093564000000005
0.00013182900370010202,1.5820393320000001,0.0088301
0.00013282900370010202,1.5820393320000001,0.008632502
0.00013382900370010201,1.5820393320000001,0.008764234000000003
0.000134829003700102,1.5820393320000001,0.008764234000000003
0.000135829003700102,1.5820393320000001,0.008632502
0.000136829003700102,1.5820393320000001,0.008961832000000003
0.000137829003700102,1.5820393320000001,0.009027698
0.000138829003700102,1.5820393320000001,0.008764234000000003
0.000139829003700102,1.5820393320000001,0.008764234000000003
0.000140829003700102,1.5820393320000001,0.008895966000000005
0.00014182900370010202,1.5820393320000001,0.008961832000000003
0.00014282900370010202,1.5820393320000001,0.008764234000000003
0.00014382900370010201,1.5820393320000001,0.0088301
0.000144829003700102,1.5820393320000001,0.009093564000000005
0.000145829003700102,1.5820393320000001,0.0088301
0.000146829003700102,1.5820393320000001,0.0088301
0.000147829003700102,1.5820393320000001,0.008895966000000005
0.000148829003700102,1.5820393320000001,0.0088301
0.000149829003700102,1.5820393320000001,0.008698368000000005
0.000150829003700102,1.5820393320000001,0.008632502
0.00015182900370010202,1.5820393320000001,0.008895966000000005
0.00015282900370010202,1.5820393320000001,0.008961832000000003
0.000153829003700102,1.5820393320000001,0.008698368000000005
0.000154829003700102,1.5820393320000001,0.008566636000000002
0.000155829003700102,1.5820393320000001,0.008566636000000002
0.000156829003700102,1.5820393320000001,0.008698368000000005
0.000157829003700102,1.5820393320000001,0.008764234000000003
0.000158829003700102,1.5820393320000001,0.0088301
0.000159829003700102,1.5820393320000001,0.008961832000000003
0.000160829003700102,1.5820393320000001,0.009027698
0.00016182900370010202,1.5820393320000001,0.009027698
0.00016282900370010202,1.5820393320000001,0.0088301
0.000163829003700102,1.5820393320000001,0.008961832000000003
0.000164829003700102,1.5820393320000001,0.009093564000000005
0.000165829003700102,1.5820393320000001,0.008961832000000003
0.000166829003700102,1.5820393320000001,0.008895966000000005
0.000167829003700102,1.5820393320000001,0.0088301
0.000168829003700102,1.5820393320000001,0.008895966000000005
0.000169829003700102,1.5820393320000001,0.008961832000000003
0.000170829003700102,1.5820393320000001,0.0088301
0.00017182900370010202,1.5820393320000001,0.0088301
0.00017282900370010201,1.5820393320000001,0.008895966000000005
0.000173829003700102,1.5820393320000001,0.008764234000000003
0.000174829003700102,1.5820393320000001,0.0088301
0.000175829003700102,1.5820393320000001,0.008961832000000003
0.000176829003700102,1.5820393320000001,0.0088301
0.000177829003700102,1.5820393320000001,0.008764234000000003
0.000178829003700102,1.5820393320000001,0.0088301
0.000179829003700102,1.5820393320000001,0.008764234000000003
0.000180829003700102,1.5820393320000001,0.008632502
0.00018182900370010202,1.5820393320000001,0.0088301
0.000182829003700102,1.5820393320000001,0.0088301
0.000183829003700102,1.5820393320000001,0.0088301
0.000184829003700102,1.5820393320000001,0.008895966000000005
0.000185829003700102,1.5820393320000001,0.008895966000000005
0.000186829003700102,1.5820393320000001,0.008895966000000005
0.000187829003700102,1.5820393320000001,0.008895966000000005
0.000188829003700102,1.5820393320000001,0.008895966000000005
0.000189829003700102,1.5820393320000001,0.008698368000000005
0.00019082900370010202,1.5820393320000001,0.008764234000000003
0.00019182900370010202,1.5820393320000001,0.008961832000000003
0.000192829003700102,1.5820393320000001,0.008764234000000003
0.000193829003700102,1.5820393320000001,0.008764234000000003
0.000194829003700102,1.5820393320000001,0.008698368000000005
0.000195829003700102,1.5820393320000001,0.008632502
0.000196829003700102,1.5820393320000001,0.0088301
0.000197829003700102,1.5820393320000001,0.0088301
0.000198829003700102,1.5820393320000001,0.008961832000000003
0.000199829003700102,1.5820393320000001,0.009027698
0.00020082900370010202,1.5820393320000001,0.008895966000000005
0.00020182900370010201,1.5820393320000001,0.008895966000000005
0.000202829003700102,1.5820393320000001,0.008764234000000003
0.000203829003700102,1.5820393320000001,0.008698368000000005
0.000204829003700102,1.5820393320000001,0.008764234000000003
0.000205829003700102,1.5820393320000001,0.008764234000000003
0.000206829003700102,1.5820393320000001,0.0088301
0.000207829003700102,1.5820393320000001,0.008764234000000003
0.000208829003700102,1.5820393320000001,0.008500770000000005
0.000209829003700102,1.5820393320000001,0.008369038000000002
0.00021082900370010202,1.5820393320000001,0.008434904
0.00021182900370010201,1.5820393320000001,0.008566636000000002
0.000212829003700102,1.5820393320000001,0.008566636000000002
0.000213829003700102,1.5820393320000001,0.008566636000000002
0.000214829003700102,1.5820393320000001,0.008566636000000002
0.000215829003700102,1.5820393320000001,0.008698368000000005
0.000216829003700102,1.5820393320000001,0.008764234000000003
0.000217829003700102,1.5820393320000001,0.008566636000000002
0.000218829003700102,1.5820393320000001,0.008434904
0.000219829003700102,1.5820393320000001,0.008434904
0.00022082900370010202,1.5820393320000001,0.008434904
0.000221829003700102,1.5820393320000001,0.008500770000000005
0.000222829003700102,1.5820393320000001,0.008566636000000002
0.000223829003700102,1.5820393320000001,0.008632502
0.000224829003700102,1.5820393320000001,0.008500770000000005
0.000225829003700102,1.5820393320000001,0.008632502
0.000226829003700102,1.5820393320000001,0.008632502
0.000227829003700102,1.5820393320000001,0.008369038000000002
0.000228829003700102,1.5820393320000001,0.008500770000000005
0.000229829003700102,1.5820393320000001,0.008303172000000004
0.00023082900370010201,1.5820393320000001,0.008237306
0.000231829003700102,1.5820393320000001,0.008434904
0.000232829003700102,1.5820393320000001,0.008237306
0.000233829003700102,1.5820393320000001,0.008237306
0.000234829003700102,1.5820393320000001,0.008171440000000002
0.000235829003700102,1.5820393320000001,0.008039708
0.000236829003700102,1.5820393320000001,0.008303172000000004
0.000237829003700102,1.5820393320000001,0.008566636000000002
0.000238829003700102,1.5820393320000001,0.008566636000000002
0.000239829003700102,1.5820393320000001,0.008237306
0.00024082900370010201,1.5820393320000001,0.007973842000000002
0.000241829003700102,1.5820393320000001,0.008237306
0.000242829003700102,1.5820393320000001,0.008303172000000004
0.000243829003700102,1.5820393320000001,0.008369038000000002
0.000244829003700102,1.5820393320000001,0.008303172000000004
0.000245829003700102,1.5820393320000001,0.008171440000000002
0.000246829003700102,1.5820393320000001,0.008237306
0.000247829003700102,1.5820393320000001,0.008171440000000002
0.000248829003700102,1.5820393320000001,0.008303172000000004
0.000249829003700102,1.5820393320000001,0.008434904
0.000250829003700102,1.5820393320000001,0.008434904
0.000251829003700102,1.5820393320000001,0.008434904
0.000252829003700102,1.5820393320000001,0.008303172000000004
0.000253829003700102,1.5820393320000001,0.008434904
0.000254829003700102,1.5820393320000001,0.008500770000000005
0.000255829003700102,1.5820393320000001,0.008500770000000005
0.000256829003700102,1.5820393320000001,0.008566636000000002
0.000257829003700102,1.5820393320000001,0.008369038000000002
0.000258829003700102,1.5820393320000001,0.008303172000000004
0.000259829003700102,1.5820393320000001,0.008303172000000004
0.000260829003700102,1.5820393320000001,0.008171440000000002
0.000261829003700102,1.5820393320000001,0.008237306
0.000262829003700102,1.5820393320000001,0.008171440000000002
0.000263829003700102,1.5820393320000001,0.007973842000000002
0.00026482900370010203,1.5820393320000001,0.007973842000000002
0.000265829003700102,1.5820393320000001,0.008039708
0.000266829003700102,1.5820393320000001,0.008105574000000004
0.000267829003700102,1.5820393320000001,0.007907976000000004
0.000268829003700102,1.5820393320000001,0.007776244000000002
0.000269829003700102,1.5820393320000001,0.007710378000000004
0.000270829003700102,1.5820393320000001,0.007512780000000004
0.000271829003700102,1.5820393320000001,0.007512780000000004
0.000272829003700102,1.5820393320000001,0.007512780000000004
0.000273829003700102,1.5820393320000001,0.007512780000000004
0.000274829003700102,1.5820393320000001,0.007512780000000004
0.000275829003700102,1.5820393320000001,0.007381048000000001
0.000276829003700102,1.5820393320000001,0.007381048000000001
0.000277829003700102,1.5820393320000001,0.007578646000000001
0.000278829003700102,1.5820393320000001,0.007578646000000001
0.000279829003700102,1.5820393320000001,0.007512780000000004
0.000280829003700102,1.5820393320000001,0.007710378000000004
0.000281829003700102,1.5820393320000001,0.007973842000000002
0.000282829003700102,1.5820393320000001,0.007710378000000004
0.000283829003700102,1.5820393320000001,0.007512780000000004
0.000284829003700102,1.5820393320000001,0.007710378000000004
0.000285829003700102,1.5820393320000001,0.007644511999999999
0.000286829003700102,1.5820393320000001,0.007446914000000006
0.000287829003700102,1.5820393320000001,0.007249316000000006
0.000288829003700102,1.5820393320000001,0.007249316000000006
0.000289829003700102,1.5820393320000001,0.007578646000000001
0.000290829003700102,1.5820393320000001,0.007710378000000004
0.000291829003700102,1.5820393320000001,0.00784211
0.000292829003700102,1.5820393320000001,0.007973842000000002
0.000293829003700102,1.5820393320000001,0.007907976000000004
0.000294829003700102,1.5820393320000001,0.007776244000000002
0.000295829003700102,1.5820393320000001,0.00784211
0.000296829003700102,1.5820393320000001,0.007776244000000002
0.000297829003700102,1.5820393320000001,0.007710378000000004
0.000298829003700102,1.5820393320000001,0.007776244000000002
0.000299829003700102,1.5820393320000001,0.008039708
0.000300829003700102,1.5820393320000001,0.008303172000000004
0.000301829003700102,1.5820393320000001,0.008171440000000002
0.000302829003700102,1.5820393320000001,0.007973842000000002
0.000303829003700102,1.5820393320000001,0.008237306
0.000304829003700102,1.5820393320000001,0.008303172000000004
0.000305829003700102,1.5820393320000001,0.008237306
0.000306829003700102,1.5820393320000001,0.008105574000000004
0.000307829003700102,1.5820393320000001,0.007973842000000002
0.000308829003700102,1.5820393320000001,0.008105574000000004
0.000309829003700102,1.5820393320000001,0.008039708
0.000310829003700102,1.5820393320000001,0.00784211
0.000311829003700102,1.5820393320000001,0.007710378000000004
0.000312829003700102,1.5820393320000001,0.00784211
0.00031382900370010197,1.5820393320000001,0.007776244000000002
0.000314829003700102,1.5820393320000001,0.007578646000000001
0.000315829003700102,1.5820393320000001,0.007644511999999999
0.000316829003700102,1.5820393320000001,0.007776244000000002
0.000317829003700102,1.5820393320000001,0.007644511999999999
0.000318829003700102,1.5820393320000001,0.007578646000000001
0.000319829003700102,1.5820393320000001,0.007512780000000004
0.000320829003700102,1.5820393320000001,0.007578646000000001
0.000321829003700102,1.5820393320000001,0.007644511999999999
0.000322829003700102,1.5820393320000001,0.007578646000000001
0.000323829003700102,1.5820393320000001,0.007578646000000001
0.000324829003700102,1.5820393320000001,0.007381048000000001
0.000325829003700102,1.5820393320000001,0.007315182000000003
0.000326829003700102,1.5820393320000001,0.007446914000000006
0.000327829003700102,1.5820393320000001,0.007644511999999999
0.000328829003700102,1.5820393320000001,0.007710378000000004
0.000329829003700102,1.5820393320000001,0.007710378000000004
0.000330829003700102,1.5820393320000001,0.00784211
0.000331829003700102,1.5820393320000001,0.008039708
0.000332829003700102,1.5820393320000001,0.007973842000000002
0.000333829003700102,1.5820393320000001,0.007710378000000004
0.000334829003700102,1.5820393320000001,0.007710378000000004
0.000335829003700102,1.5820393320000001,0.00784211
0.000336829003700102,1.5820393320000001,0.007907976000000004
0.000337829003700102,1.5820393320000001,0.007776244000000002
0.000338829003700102,1.5820393320000001,0.007776244000000002
0.000339829003700102,1.5820393320000001,0.007907976000000004
0.000340829003700102,1.5820393320000001,0.007973842000000002
0.000341829003700102,1.5820393320000001,0.007973842000000002
0.00034282900370010197,1.5820393320000001,0.008171440000000002
0.000343829003700102,1.5820393320000001,0.008237306
0.000344829003700102,1.5820393320000001,0.007973842000000002
0.000345829003700102,1.5820393320000001,0.00784211
0.000346829003700102,1.5820393320000001,0.00784211
0.000347829003700102,1.5820393320000001,0.007907976000000004
0.000348829003700102,1.5820393320000001,0.008105574000000004
0.000349829003700102,1.5820393320000001,0.007973842000000002
0.000350829003700102,1.5820393320000001,0.007907976000000004
0.000351829003700102,1.5820393320000001,0.007907976000000004
0.000352829003700102,1.5820393320000001,0.007776244000000002
0.000353829003700102,1.5820393320000001,0.007907976000000004
0.000354829003700102,1.5820393320000001,0.007907976000000004
0.000355829003700102,1.5820393320000001,0.00784211
0.000356829003700102,1.5820393320000001,0.007907976000000004
0.000357829003700102,1.5820393320000001,0.007776244000000002
0.000358829003700102,1.5820393320000001,0.00784211
0.000359829003700102,1.5820393320000001,0.008039708
0.000360829003700102,1.5820393320000001,0.008039708
0.000361829003700102,1.5820393320000001,0.008039708
0.00036282900370010197,1.5820393320000001,0.007907976000000004
0.000363829003700102,1.5820393320000001,0.00784211
0.000364829003700102,1.5820393320000001,0.007907976000000004
0.000365829003700102,1.5820393320000001,0.007973842000000002
0.000366829003700102,1.5820393320000001,0.007907976000000004
0.000367829003700102,1.5820393320000001,0.007973842000000002
0.000368829003700102,1.5820393320000001,0.008039708
0.000369829003700102,1.5820393320000001,0.007710378000000004
0.000370829003700102,1.5820393320000001,0.007578646000000001
0.00037182900370010197,1.5820393320000001,0.00784211
0.000372829003700102,1.5820393320000001,0.007907976000000004
0.000373829003700102,1.5820393320000001,0.007907976000000004
0.000374829003700102,1.5820393320000001,0.007973842000000002
0.000375829003700102,1.5820393320000001,0.007973842000000002
0.000376829003700102,1.5820393320000001,0.00784211
0.000377829003700102,1.5820393320000001,0.00784211
0.000378829003700102,1.5820393320000001,0.008039708
0.000379829003700102,1.5820393320000001,0.00784211
0.000380829003700102,1.5820393320000001,0.007907976000000004
0.000381829003700102,1.5820393320000001,0.008303172000000004
0.000382829003700102,1.5820393320000001,0.008171440000000002
0.000383829003700102,1.5820393320000001,0.008171440000000002
0.000384829003700102,1.5820393320000001,0.007973842000000002
0.000385829003700102,1.5820393320000001,0.00784211
0.000386829003700102,1.5820393320000001,0.007776244000000002
0.000387829003700102,1.5820393320000001,0.007644511999999999
0.000388829003700102,1.5820393320000001,0.007776244000000002
0.000389829003700102,1.5820393320000001,0.00784211
0.000390829003700102,1.5820393320000001,0.007973842000000002
0.00039182900370010197,1.5820393320000001,0.00784211
0.000392829003700102,1.5820393320000001,0.007776244000000002
0.000393829003700102,1.5820393320000001,0.008039708
0.000394829003700102,1.5820393320000001,0.008105574000000004
0.000395829003700102,1.5820393320000001,0.008105574000000004
0.000396829003700102,1.5820393320000001,0.007973842000000002
0.000397829003700102,1.5820393320000001,0.008105574000000004
0.000398829003700102,1.5820393320000001,0.008434904
0.000399829003700102,1.5820393320000001,0.008171440000000002
0.00040082900370010197,1.5820393320000001,0.008039708
0.000401829003700102,1.5820393320000001,0.008039708
0.000402829003700102,1.5820393320000001,0.008039708
0.000403829003700102,1.5820393320000001,0.008105574000000004
0.000404829003700102,1.5820393320000001,0.007907976000000004
0.000405829003700102,1.5820393320000001,0.007973842000000002
0.000406829003700102,1.5820393320000001,0.007973842000000002
0.000407829003700102,1.5820393320000001,0.007973842000000002
0.000408829003700102,1.5820393320000001,0.008303172000000004
0.000409829003700102,1.5820393320000001,0.008303172000000004
0.000410829003700102,1.5820393320000001,0.008039708
0.00041182900370010197,1.5820393320000001,0.007776244000000002
0.000412829003700102,1.5820393320000001,0.007776244000000002
0.000413829003700102,1.5820393320000001,0.007973842000000002
0.000414829003700102,1.5820393320000001,0.007973842000000002
0.000415829003700102,1.5820393320000001,0.007973842000000002
0.000416829003700102,1.5820393320000001,0.007907976000000004
0.000417829003700102,1.5820393320000001,0.00784211
0.000418829003700102,1.5820393320000001,0.007710378000000004
0.000419829003700102,1.5820393320000001,0.007512780000000004
0.00042082900370010197,1.5820393320000001,0.007644511999999999
0.000421829003700102,1.5820393320000001,0.007776244000000002
0.000422829003700102,1.5820393320000001,0.007907976000000004
0.000423829003700102,1.5820393320000001,0.007907976000000004
0.000424829003700102,1.5820393320000001,0.007907976000000004
0.000425829003700102,1.5820393320000001,0.008105574000000004
0.000426829003700102,1.5820393320000001,0.008105574000000004
0.000427829003700102,1.5820393320000001,0.007907976000000004
0.000428829003700102,1.5820393320000001,0.007973842000000002
0.00042982900370010197,1.5820393320000001,0.008105574000000004
0.000430829003700102,1.5820393320000001,0.008303172000000004
0.00043182900370010197,1.5820393320000001,0.008237306
0.000432829003700102,1.5820393320000001,0.007973842000000002
0.000433829003700102,1.5820393320000001,0.007973842000000002
0.000434829003700102,1.5820393320000001,0.007973842000000002
0.000435829003700102,1.5820393320000001,0.008105574000000004
0.000436829003700102,1.5820393320000001,0.008171440000000002
0.000437829003700102,1.5820393320000001,0.008171440000000002
0.000438829003700102,1.5820393320000001,0.008237306
0.000439829003700102,1.5820393320000001,0.008105574000000004
0.00044082900370010197,1.5820393320000001,0.008105574000000004
0.000441829003700102,1.5820393320000001,0.008171440000000002
0.000442829003700102,1.5820393320000001,0.008171440000000002
0.000443829003700102,1.5820393320000001,0.008237306
0.000444829003700102,1.5820393320000001,0.008434904
0.000445829003700102,1.5820393320000001,0.008500770000000005
0.000446829003700102,1.5820393320000001,0.008237306
0.000447829003700102,1.5820393320000001,0.008105574000000004
0.000448829003700102,1.5820393320000001,0.008237306
0.00044982900370010197,1.5820393320000001,0.008039708
0.000450829003700102,1.5820393320000001,0.008039708
0.000451829003700102,1.5820393320000001,0.008171440000000002
0.000452829003700102,1.5820393320000001,0.008237306
0.000453829003700102,1.5820393320000001,0.008171440000000002
0.000454829003700102,1.5820393320000001,0.008039708
0.000455829003700102,1.5820393320000001,0.007973842000000002
0.000456829003700102,1.5820393320000001,0.00784211
0.000457829003700102,1.5820393320000001,0.007907976000000004
0.000458829003700102,1.5820393320000001,0.008039708
0.000459829003700102,1.5820393320000001,0.007973842000000002
0.00046082900370010197,1.5820393320000001,0.007973842000000002
0.000461829003700102,1.5820393320000001,0.007776244000000002
0.000462829003700102,1.5820393320000001,0.007776244000000002
0.000463829003700102,1.5820393320000001,0.008105574000000004
0.000464829003700102,1.5820393320000001,0.007973842000000002
0.000465829003700102,1.5820393320000001,0.008171440000000002
0.000466829003700102,1.5820393320000001,0.008369038000000002
0.000467829003700102,1.5820393320000001,0.008237306
0.000468829003700102,1.5820393320000001,0.008039708
0.00046982900370010197,1.5820393320000001,0.007776244000000002
0.000470829003700102,1.5820393320000001,0.007644511999999999
0.000471829003700102,1.5820393320000001,0.007776244000000002
0.000472829003700102,1.5820393320000001,0.007776244000000002
0.000473829003700102,1.5820393320000001,0.007776244000000002
0.000474829003700102,1.5820393320000001,0.007776244000000002
0.000475829003700102,1.5820393320000001,0.007907976000000004
0.000476829003700102,1.5820393320000001,0.007907976000000004
0.000477829003700102,1.5820393320000001,0.007776244000000002
0.00047882900370010197,1.5820393320000001,0.00784211
0.000479829003700102,1.5820393320000001,0.007907976000000004
0.00048082900370010197,1.5820393320000001,0.008039708
0.000481829003700102,1.5820393320000001,0.007973842000000002
0.000482829003700102,1.5820393320000001,0.007907976000000004
0.000483829003700102,1.5820393320000001,0.008039708
0.000484829003700102,1.5820393320000001,0.008105574000000004
0.000485829003700102,1.5820393320000001,0.008171440000000002
0.000486829003700102,1.5820393320000001,0.008303172000000004
0.000487829003700102,1.5820393320000001,0.008303172000000004
0.0004888290037001019,1.5820393320000001,0.008237306
0.000489829003700102,1.5820393320000001,0.008039708
0.0004908290037001019,1.5820393320000001,0.008039708
0.0004918290037001019,1.5820393320000001,0.008303172000000004
0.0004928290037001019,1.5820393320000001,0.008369038000000002
0.000493829003700102,1.5820393320000001,0.008237306
0.000494829003700102,1.5820393320000001,0.008369038000000002
0.0004958290037001019,1.5820393320000001,0.008434904
0.0004968290037001019,1.5820393320000001,0.008039708
0.0004978290037001019,1.5820393320000001,0.00784211
0.000498829003700102,1.5820393320000001,0.007973842000000002
0.0004998290037001019,1.5820393320000001,0.007973842000000002
0.0005008290037001019,1.5820393320000001,0.008171440000000002
0.0005018290037001019,1.5820393320000001,0.008237306
0.000502829003700102,1.5820393320000001,0.008105574000000004
0.000503829003700102,1.5820393320000001,0.007907976000000004
0.0005048290037001019,1.5820393320000001,0.007776244000000002
0.0005058290037001019,1.5820393320000001,0.007907976000000004
0.000506829003700102,1.5820393320000001,0.008171440000000002
0.000507829003700102,1.5820393320000001,0.008237306
0.0005088290037001019,1.5820393320000001,0.007973842000000002
0.0005098290037001019,1.5820393320000001,0.007907976000000004
0.0005108290037001019,1.5820393320000001,0.008039708
0.000511829003700102,1.5820393320000001,0.007973842000000002
0.000512829003700102,1.5820393320000001,0.008039708
0.0005138290037001019,1.5820393320000001,0.008171440000000002
0.0005148290037001019,1.5820393320000001,0.007776244000000002
0.000515829003700102,1.5820393320000001,0.007710378000000004
0.000516829003700102,1.5820393320000001,0.007776244000000002
0.0005178290037001019,1.5820393320000001,0.007973842000000002
0.0005188290037001019,1.5820393320000001,0.008237306
0.0005198290037001019,1.5820393320000001,0.008303172000000004
0.000520829003700102,1.5820393320000001,0.008303172000000004
0.000521829003700102,1.5820393320000001,0.008105574000000004
0.0005228290037001019,1.5820393320000001,0.007973842000000002
0.0005238290037001019,1.5820393320000001,0.00784211
0.000524829003700102,1.5820393320000001,0.007776244000000002
0.000525829003700102,1.5820393320000001,0.00784211
0.0005268290037001019,1.5820393320000001,0.007907976000000004
0.0005278290037001019,1.5820393320000001,0.007973842000000002
0.0005288290037001019,1.5820393320000001,0.008105574000000004
0.000529829003700102,1.5820393320000001,0.008237306
0.000530829003700102,1.5820393320000001,0.008303172000000004
0.0005318290037001019,1.5820393320000001,0.008303172000000004
0.0005328290037001019,1.5820393320000001,0.008369038000000002
0.000533829003700102,1.5820393320000001,0.008303172000000004
0.000534829003700102,1.5820393320000001,0.008237306
0.0005358290037001019,1.5820393320000001,0.008303172000000004
0.0005368290037001019,1.5820393320000001,0.008434904
0.0005378290037001019,1.5820393320000001,0.008237306
0.000538829003700102,1.5820393320000001,0.007973842000000002
0.0005398290037001019,1.5820393320000001,0.007907976000000004
0.0005408290037001019,1.5820393320000001,0.008171440000000002
0.0005418290037001019,1.5820393320000001,0.008039708
0.000542829003700102,1.5820393320000001,0.008039708
0.000543829003700102,1.5820393320000001,0.008171440000000002
0.0005448290037001019,1.5820393320000001,0.008171440000000002
0.0005458290037001019,1.5820393320000001,0.008369038000000002
0.0005468290037001019,1.5820393320000001,0.008369038000000002
0.000547829003700102,1.5820393320000001,0.008303172000000004
0.0005488290037001019,1.5820393320000001,0.008500770000000005
0.0005498290037001019,1.5820393320000001,0.008566636000000002
0.0005508290037001019,1.5820393320000001,0.008566636000000002
0.000551829003700102,1.5820393320000001,0.008566636000000002
0.000552829003700102,1.5820393320000001,0.008632502
0.0005538290037001019,1.5820393320000001,0.008632502
0.0005548290037001019,1.5820393320000001,0.008566636000000002
0.0005558290037001019,1.5820393320000001,0.008566636000000002
0.000556829003700102,1.5820393320000001,0.008566636000000002
0.0005578290037001019,1.5820393320000001,0.008500770000000005
0.0005588290037001019,1.5820393320000001,0.008434904
0.0005598290037001019,1.5820393320000001,0.008303172000000004
0.000560829003700102,1.5820393320000001,0.008434904
0.000561829003700102,1.5820393320000001,0.008434904
0.0005628290037001019,1.5820393320000001,0.008434904
0.0005638290037001019,1.5820393320000001,0.008369038000000002
0.000564829003700102,1.5820393320000001,0.008303172000000004
0.000565829003700102,1.5820393320000001,0.008500770000000005
0.0005668290037001019,1.5820393320000001,0.008566636000000002
0.0005678290037001019,1.5820393320000001,0.008566636000000002
0.0005688290037001019,1.5820393320000001,0.008566636000000002
0.000569829003700102,1.5820393320000001,0.008434904
0.000570829003700102,1.5820393320000001,0.008303172000000004
0.0005718290037001019,1.5820393320000001,0.008303172000000004
0.0005728290037001019,1.5820393320000001,0.008303172000000004
0.000573829003700102,1.5820393320000001,0.008369038000000002
0.000574829003700102,1.5820393320000001,0.008303172000000004
0.0005758290037001019,1.5820393320000001,0.008303172000000004
0.0005768290037001019,1.5820393320000001,0.008171440000000002
0.0005778290037001019,1.5820393320000001,0.008171440000000002
0.000578829003700102,1.5820393320000001,0.008303172000000004
0.000579829003700102,1.5820393320000001,0.008303172000000004
0.0005808290037001019,1.5820393320000001,0.008303172000000004
0.0005818290037001019,1.5820393320000001,0.008434904
0.000582829003700102,1.5820393320000001,0.008500770000000005
0.000583829003700102,1.5820393320000001,0.008500770000000005
0.0005848290037001019,1.5820393320000001,0.008369038000000002
0.0005858290037001019,1.5820393320000001,0.008303172000000004
0.0005868290037001019,1.5820393320000001,0.008303172000000004
0.000587829003700102,1.5820393320000001,0.008369038000000002
0.0005888290037001019,1.5820393320000001,0.008434904
0.0005898290037001019,1.5820393320000001,0.008434904
0.0005908290037001019,1.5820393320000001,0.008434904
0.000591829003700102,1.5820393320000001,0.008632502
0.000592829003700102,1.5820393320000001,0.008764234000000003
0.0005938290037001019,1.5820393320000001,0.008566636000000002
0.0005948290037001019,1.5820393320000001,0.008632502
0.0005958290037001019,1.5820393320000001,0.008632502
0.000596829003700102,1.5820393320000001,0.008369038000000002
0.0005978290037001019,1.5820393320000001,0.008434904
0.0005988290037001019,1.5820393320000001,0.008566636000000002
0.0005998290037001019,1.5820393320000001,0.008500770000000005
0.000600829003700102,1.5820393320000001,0.008566636000000002
0.000601829003700102,1.5820393320000001,0.008566636000000002
0.0006028290037001019,1.5820393320000001,0.008500770000000005
0.0006038290037001019,1.5820393320000001,0.008566636000000002
0.0006048290037001019,1.5820393320000001,0.008566636000000002
0.000605829003700102,1.5820393320000001,0.008566636000000002
0.0006068290037001019,1.5820393320000001,0.008566636000000002
0.0006078290037001019,1.5820393320000001,0.008764234000000003
0.0006088290037001019,1.5820393320000001,0.008632502
0.000609829003700102,1.5820393320000001,0.008500770000000005
0.000610829003700102,1.5820393320000001,0.008632502
0.0006118290037001019,1.5820393320000001,0.008632502
0.0006128290037001019,1.5820393320000001,0.008566636000000002
0.000613829003700102,1.5820393320000001,0.008632502
0.000614829003700102,1.5820393320000001,0.008698368000000005
0.0006158290037001019,1.5820393320000001,0.008566636000000002
0.0006168290037001019,1.5820393320000001,0.008434904
0.0006178290037001019,1.5820393320000001,0.008434904
0.000618829003700102,1.5820393320000001,0.008434904
0.000619829003700102,1.5820393320000001,0.008434904
0.0006208290037001019,1.5820393320000001,0.008434904
0.0006218290037001019,1.5820393320000001,0.008303172000000004
0.000622829003700102,1.5820393320000001,0.008434904
0.000623829003700102,1.5820393320000001,0.008369038000000002
0.0006248290037001019,1.5820393320000001,0.008237306
0.0006258290037001019,1.5820393320000001,0.008303172000000004
0.0006268290037001019,1.5820393320000001,0.008171440000000002
0.000627829003700102,1.5820393320000001,0.008171440000000002
0.0006288290037001019,1.5820393320000001,0.008039708
0.0006298290037001019,1.5820393320000001,0.007907976000000004
0.0006308290037001019,1.5820393320000001,0.008171440000000002
0.000631829003700102,1.5820393320000001,0.008039708
0.000632829003700102,1.5820393320000001,0.007907976000000004
0.0006338290037001019,1.5820393320000001,0.008105574000000004
0.0006348290037001019,1.5820393320000001,0.008303172000000004
0.0006358290037001019,1.5820393320000001,0.008237306
0.000636829003700102,1.5820393320000001,0.008171440000000002
0.0006378290037001019,1.5820393320000001,0.008039708
0.0006388290037001019,1.5820393320000001,0.007973842000000002
0.0006398290037001019,1.5820393320000001,0.007973842000000002
0.000640829003700102,1.5820393320000001,0.007973842000000002
0.000641829003700102,1.5820393320000001,0.008303172000000004
0.0006428290037001019,1.5820393320000001,0.008434904
0.0006438290037001019,1.5820393320000001,0.008039708
0.0006448290037001019,1.5820393320000001,0.00784211
0.000645829003700102,1.5820393320000001,0.007973842000000002
0.0006468290037001019,1.5820393320000001,0.007973842000000002
0.0006478290037001019,1.5820393320000001,0.007973842000000002
0.0006488290037001019,1.5820393320000001,0.007578646000000001
0.000649829003700102,1.5820393320000001,0.007446914000000006
0.000650829003700102,1.5820393320000001,0.007776244000000002
0.0006518290037001019,1.5820393320000001,0.007776244000000002
0.0006528290037001019,1.5820393320000001,0.007907976000000004
0.0006538290037001019,1.5820393320000001,0.008105574000000004
0.000654829003700102,1.5820393320000001,0.007907976000000004
0.0006558290037001019,1.5820393320000001,0.00784211
0.0006568290037001019,1.5820393320000001,0.007973842000000002
0.0006578290037001019,1.5820393320000001,0.008171440000000002
0.000658829003700102,1.5820393320000001,0.008105574000000004
0.000659829003700102,1.5820393320000001,0.007973842000000002
0.0006608290037001019,1.5820393320000001,0.008171440000000002
0.0006618290037001019,1.5820393320000001,0.008105574000000004
0.0006628290037001019,1.5820393320000001,0.008171440000000002
0.000663829003700102,1.5820393320000001,0.008237306
0.0006648290037001019,1.5820393320000001,0.008105574000000004
0.0006658290037001019,1.5820393320000001,0.008171440000000002
0.0006668290037001019,1.5820393320000001,0.007907976000000004
0.000667829003700102,1.5820393320000001,0.007973842000000002
0.000668829003700102,1.5820393320000001,0.008303172000000004
0.0006698290037001019,1.5820393320000001,0.008171440000000002
0.0006708290037001019,1.5820393320000001,0.00784211
0.000671829003700102,1.5820393320000001,0.00784211
0.000672829003700102,1.5820393320000001,0.008105574000000004
0.0006738290037001019,1.5820393320000001,0.008303172000000004
0.0006748290037001019,1.5820393320000001,0.008039708
0.0006758290037001019,1.5820393320000001,0.007973842000000002
0.000676829003700102,1.5820393320000001,0.008039708
0.0006778290037001019,1.5820393320000001,0.008039708
0.0006788290037001019,1.5820393320000001,0.007973842000000002
0.0006798290037001019,1.5820393320000001,0.007907976000000004
0.000680829003700102,1.5820393320000001,0.00784211
0.000681829003700102,1.5820393320000001,0.007776244000000002
0.0006828290037001019,1.5820393320000001,0.008039708
0.0006838290037001019,1.5820393320000001,0.008039708
0.0006848290037001019,1.5820393320000001,0.008039708
0.000685829003700102,1.5820393320000001,0.008039708
0.0006868290037001019,1.5820393320000001,0.00784211
0.0006878290037001019,1.5820393320000001,0.00784211
0.0006888290037001019,1.5820393320000001,0.00784211
0.000689829003700102,1.5820393320000001,0.00784211
0.000690829003700102,1.5820393320000001,0.007512780000000004
0.0006918290037001019,1.5820393320000001,0.007315182000000003
0.0006928290037001019,1.5820393320000001,0.007578646000000001
0.0006938290037001019,1.5820393320000001,0.007578646000000001
0.000694829003700102,1.5820393320000001,0.007381048000000001
0.0006958290037001019,1.5820393320000001,0.007578646000000001
0.0006968290037001019,1.5820393320000001,0.007776244000000002
0.0006978290037001019,1.5820393320000001,0.007644511999999999
0.000698829003700102,1.5820393320000001,0.007512780000000004
0.000699829003700102,1.5820393320000001,0.007644511999999999
0.0007008290037001019,1.5820393320000001,0.00784211
0.0007018290037001019,1.5820393320000001,0.00784211
0.0007028290037001019,1.5820393320000001,0.007776244000000002
0.000703829003700102,1.5820393320000001,0.007907976000000004
0.0007048290037001019,1.5820393320000001,0.008039708
0.0007058290037001019,1.5820393320000001,0.007907976000000004
0.0007068290037001019,1.5820393320000001,0.007907976000000004
0.000707829003700102,1.5820393320000001,0.008105574000000004
0.000708829003700102,1.5820393320000001,0.008039708
0.0007098290037001019,1.5820393320000001,0.008171440000000002
0.0007108290037001019,1.5820393320000001,0.008105574000000004
0.0007118290037001019,1.5820393320000001,0.007710378000000004
0.000712829003700102,1.5820393320000001,0.007776244000000002
0.0007138290037001019,1.5820393320000001,0.007578646000000001
0.0007148290037001019,1.5820393320000001,0.007446914000000006
0.0007158290037001019,1.5820393320000001,0.007644511999999999
0.000716829003700102,1.5820393320000001,0.007578646000000001
0.000717829003700102,1.5820393320000001,0.007578646000000001
0.0007188290037001019,1.5820393320000001,0.007512780000000004
0.0007198290037001019,1.5820393320000001,0.007381048000000001
0.0007208290037001019,1.5820393320000001,0.007381048000000001
0.000721829003700102,1.5820393320000001,0.007644511999999999
0.0007228290037001019,1.5820393320000001,0.007907976000000004
0.0007238290037001019,1.5820393320000001,0.007973842000000002
0.0007248290037001019,1.5820393320000001,0.00784211
0.000725829003700102,1.5820393320000001,0.007776244000000002
0.0007268290037001019,1.5820393320000001,0.007907976000000004
0.0007278290037001019,1.5820393320000001,0.008039708
0.0007288290037001019,1.5820393320000001,0.007907976000000004
0.000729829003700102,1.5820393320000001,0.007907976000000004
0.000730829003700102,1.5820393320000001,0.007907976000000004
0.0007318290037001019,1.5820393320000001,0.008039708
0.0007328290037001019,1.5820393320000001,0.008039708
0.0007338290037001019,1.5820393320000001,0.007710378000000004
0.000734829003700102,1.5820393320000001,0.007644511999999999
0.0007358290037001019,1.5820393320000001,0.007512780000000004
0.0007368290037001019,1.5820393320000001,0.007446914000000006
0.0007378290037001019,1.5820393320000001,0.007578646000000001
0.000738829003700102,1.5820393320000001,0.007710378000000004
0.000739829003700102,1.5820393320000001,0.00784211
0.0007408290037001019,1.5820393320000001,0.007907976000000004
0.0007418290037001019,1.5820393320000001,0.007907976000000004
0.0007428290037001019,1.5820393320000001,0.008039708
0.000743829003700102,1.5820393320000001,0.007907976000000004
0.0007448290037001019,1.5820393320000001,0.007776244000000002
0.0007458290037001019,1.5820393320000001,0.007776244000000002
0.0007468290037001019,1.5820393320000001,0.007776244000000002
0.000747829003700102,1.5820393320000001,0.007776244000000002
0.000748829003700102,1.5820393320000001,0.007776244000000002
0.0007498290037001019,1.5820393320000001,0.007907976000000004
0.0007508290037001019,1.5820393320000001,0.007973842000000002
0.0007518290037001019,1.5820393320000001,0.007907976000000004
0.000752829003700102,1.5820393320000001,0.00784211
0.0007538290037001019,1.5820393320000001,0.00784211
0.0007548290037001019,1.5820393320000001,0.007907976000000004
0.0007558290037001019,1.5820393320000001,0.007907976000000004
0.000756829003700102,1.5820393320000001,0.007644511999999999
0.000757829003700102,1.5820393320000001,0.007973842000000002
0.0007588290037001019,1.5820393320000001,0.008237306
0.0007598290037001019,1.5820393320000001,0.008171440000000002
0.0007608290037001019,1.5820393320000001,0.008171440000000002
0.000761829003700102,1.5820393320000001,0.008039708
0.0007628290037001019,1.5820393320000001,0.008039708
0.0007638290037001019,1.5820393320000001,0.007973842000000002
0.0007648290037001019,1.5820393320000001,0.008039708
0.000765829003700102,1.5820393320000001,0.007973842000000002
0.000766829003700102,1.5820393320000001,0.00784211
0.0007678290037001019,1.5820393320000001,0.007907976000000004
0.0007688290037001019,1.5820393320000001,0.00784211
0.0007698290037001019,1.5820393320000001,0.007776244000000002
0.000770829003700102,1.5820393320000001,0.00784211
0.0007718290037001019,1.5820393320000001,0.007776244000000002
0.0007728290037001019,1.5820393320000001,0.007776244000000002
0.0007738290037001019,1.5820393320000001,0.007973842000000002
0.000774829003700102,1.5820393320000001,0.008171440000000002
0.0007758290037001019,1.5820393320000001,0.007973842000000002
0.0007768290037001019,1.5820393320000001,0.007710378000000004
0.0007778290037001019,1.5820393320000001,0.007776244000000002
0.0007788290037001019,1.5820393320000001,0.00784211
0.000779829003700102,1.5820393320000001,0.007776244000000002
0.0007808290037001019,1.5820393320000001,0.007776244000000002
0.0007818290037001019,1.5820393320000001,0.007973842000000002
0.0007828290037001019,1.5820393320000001,0.007973842000000002
0.000783829003700102,1.5820393320000001,0.007776244000000002
0.0007848290037001019,1.5820393320000001,0.007973842000000002
0.0007858290037001019,1.5820393320000001,0.008039708
0.0007868290037001019,1.5820393320000001,0.007907976000000004
0.000787829003700102,1.5820393320000001,0.007973842000000002
0.000788829003700102,1.5820393320000001,0.007907976000000004
0.0007898290037001019,1.5820393320000001,0.007973842000000002
0.0007908290037001019,1.5820393320000001,0.007973842000000002
0.0007918290037001019,1.5820393320000001,0.00784211
0.000792829003700102,1.5820393320000001,0.007907976000000004
0.0007938290037001019,1.5820393320000001,0.007907976000000004
0.0007948290037001019,1.5820393320000001,0.007973842000000002
0.0007958290037001019,1.5820393320000001,0.007973842000000002
0.000796829003700102,1.5820393320000001,0.007907976000000004
0.000797829003700102,1.5820393320000001,0.007973842000000002
0.0007988290037001019,1.5820393320000001,0.007776244000000002
0.0007998290037001019,1.5820393320000001,0.007644511999999999
0.0008008290037001019,1.5820393320000001,0.007710378000000004
0.000801829003700102,1.5820393320000001,0.007710378000000004
0.0008028290037001019,1.5820393320000001,0.007710378000000004
0.0008038290037001019,1.5820393320000001,0.007776244000000002
0.0008048290037001019,1.5820393320000001,0.007973842000000002
0.000805829003700102,1.5820393320000001,0.007973842000000002
0.000806829003700102,1.5820393320000001,0.007973842000000002
0.0008078290037001019,1.5820393320000001,0.008105574000000004
0.0008088290037001019,1.5820393320000001,0.008171440000000002
0.0008098290037001019,1.5820393320000001,0.008237306
0.000810829003700102,1.5820393320000001,0.007907976000000004
0.0008118290037001019,1.5820393320000001,0.007907976000000004
0.0008128290037001019,1.5820393320000001,0.008039708
0.0008138290037001019,1.5820393320000001,0.007973842000000002
0.000814829003700102,1.5820393320000001,0.007907976000000004
0.0008158290037001019,1.5820393320000001,0.007776244000000002
0.0008168290037001019,1.5820393320000001,0.00784211
0.0008178290037001019,1.5820393320000001,0.007907976000000004
0.0008188290037001019,1.5820393320000001,0.00784211
0.000819829003700102,1.5820393320000001,0.007907976000000004
0.0008208290037001019,1.5820393320000001,0.007907976000000004
0.0008218290037001019,1.5820393320000001,0.007907976000000004
0.0008228290037001019,1.5820393320000001,0.007907976000000004
0.000823829003700102,1.5820393320000001,0.007644511999999999
0.0008248290037001019,1.5820393320000001,0.007776244000000002
0.0008258290037001019,1.5820393320000001,0.007776244000000002
0.0008268290037001019,1.5820393320000001,0.007644511999999999
0.0008278290037001019,1.5820393320000001,0.007710378000000004
0.000828829003700102,1.5820393320000001,0.007578646000000001
0.0008298290037001019,1.5820393320000001,0.007644511999999999
0.0008308290037001019,1.5820393320000001,0.007776244000000002
0.0008318290037001019,1.5820393320000001,0.00784211
0.000832829003700102,1.5820393320000001,0.008039708
0.0008338290037001019,1.5820393320000001,0.007907976000000004
0.0008348290037001019,1.5820393320000001,0.00784211
0.0008358290037001019,1.5820393320000001,0.007973842000000002
0.0008368290037001019,1.5820393320000001,0.007973842000000002
0.000837829003700102,1.5820393320000001,0.007907976000000004
0.0008388290037001019,1.5820393320000001,0.007710378000000004
0.0008398290037001019,1.5820393320000001,0.00784211
0.0008408290037001019,1.5820393320000001,0.007907976000000004
0.000841829003700102,1.5820393320000001,0.00784211
0.0008428290037001019,1.5820393320000001,0.007973842000000002
0.0008438290037001019,1.5820393320000001,0.007973842000000002
0.0008448290037001019,1.5820393320000001,0.007907976000000004
0.000845829003700102,1.5820393320000001,0.007907976000000004
0.000846829003700102,1.5820393320000001,0.008171440000000002
0.0008478290037001019,1.5820393320000001,0.008171440000000002
0.0008488290037001019,1.5820393320000001,0.008039708
0.0008498290037001019,1.5820393320000001,0.008171440000000002
0.000850829003700102,1.5820393320000001,0.008039708
0.0008518290037001019,1.5820393320000001,0.008105574000000004
0.0008528290037001019,1.5820393320000001,0.008303172000000004
0.0008538290037001019,1.5820393320000001,0.008105574000000004
0.000854829003700102,1.5820393320000001,0.008039708
0.000855829003700102,1.5820393320000001,0.008039708
0.0008568290037001019,1.5820393320000001,0.008039708
0.0008578290037001019,1.5820393320000001,0.007973842000000002
0.0008588290037001019,1.5820393320000001,0.007776244000000002
0.000859829003700102,1.5820393320000001,0.007907976000000004
0.0008608290037001019,1.5820393320000001,0.008105574000000004
0.0008618290037001019,1.5820393320000001,0.008039708
0.0008628290037001019,1.5820393320000001,0.00784211
0.000863829003700102,1.5820393320000001,0.007710378000000004
0.0008648290037001019,1.5820393320000001,0.007710378000000004
0.0008658290037001019,1.5820393320000001,0.007710378000000004
0.0008668290037001019,1.5820393320000001,0.00784211
0.0008678290037001019,1.5820393320000001,0.008039708
0.000868829003700102,1.5820393320000001,0.008039708
0.0008698290037001019,1.5820393320000001,0.008171440000000002
0.0008708290037001019,1.5820393320000001,0.008105574000000004
0.0008718290037001019,1.5820393320000001,0.007973842000000002
0.000872829003700102,1.5820393320000001,0.007973842000000002
0.0008738290037001019,1.5820393320000001,0.007973842000000002
0.0008748290037001019,1.5820393320000001,0.008105574000000004
0.0008758290037001019,1.5820393320000001,0.007973842000000002
0.0008768290037001019,1.5820393320000001,0.007907976000000004
0.000877829003700102,1.5820393320000001,0.007973842000000002
0.0008788290037001019,1.5820393320000001,0.00784211
0.0008798290037001019,1.5820393320000001,0.00784211
0.0008808290037001019,1.5820393320000001,0.00784211
0.000881829003700102,1.5820393320000001,0.00784211
0.0008828290037001019,1.5820393320000001,0.00784211
0.0008838290037001019,1.5820393320000001,0.00784211
0.0008848290037001019,1.5820393320000001,0.008105574000000004
0.0008858290037001019,1.5820393320000001,0.008237306
0.000886829003700102,1.5820393320000001,0.008237306
0.0008878290037001019,1.5820393320000001,0.008369038000000002
0.0008888290037001019,1.5820393320000001,0.008434904
0.0008898290037001019,1.5820393320000001,0.008500770000000005
0.000890829003700102,1.5820393320000001,0.008369038000000002
0.0008918290037001019,1.5820393320000001,0.008500770000000005
0.0008928290037001019,1.5820393320000001,0.008500770000000005
0.0008938290037001019,1.5820393320000001,0.008171440000000002
0.0008948290037001019,1.5820393320000001,0.008303172000000004
0.000895829003700102,1.5820393320000001,0.008434904
0.0008968290037001019,1.5820393320000001,0.008369038000000002
0.0008978290037001019,1.5820393320000001,0.008369038000000002
0.0008988290037001019,1.5820393320000001,0.008171440000000002
0.000899829003700102,1.5820393320000001,0.00784211
0.0009008290037001019,1.5820393320000001,0.007710378000000004
0.0009018290037001019,1.5820393320000001,0.007907976000000004
0.0009028290037001019,1.5820393320000001,0.008105574000000004
0.000903829003700102,1.5820393320000001,0.008105574000000004
0.000904829003700102,1.5820393320000001,0.008039708
0.0009058290037001019,1.5820393320000001,0.008039708
0.0009068290037001019,1.5820393320000001,0.008303172000000004
0.0009078290037001019,1.5820393320000001,0.008369038000000002
0.000908829003700102,1.5820393320000001,0.008303172000000004
0.0009098290037001019,1.5820393320000001,0.008500770000000005
0.0009108290037001019,1.5820393320000001,0.008566636000000002
0.0009118290037001019,1.5820393320000001,0.008303172000000004
0.000912829003700102,1.5820393320000001,0.008171440000000002
0.0009138290037001019,1.5820393320000001,0.008237306
0.0009148290037001019,1.5820393320000001,0.008105574000000004
0.0009158290037001019,1.5820393320000001,0.00784211
0.0009168290037001019,1.5820393320000001,0.00784211
0.000917829003700102,1.5820393320000001,0.00784211
0.0009188290037001019,1.5820393320000001,0.007907976000000004
0.0009198290037001019,1.5820393320000001,0.008237306
0.0009208290037001019,1.5820393320000001,0.008369038000000002
0.000921829003700102,1.5820393320000001,0.008105574000000004
0.0009228290037001019,1.5820393320000001,0.007973842000000002
0.0009238290037001019,1.5820393320000001,0.007973842000000002
0.0009248290037001019,1.5820393320000001,0.008105574000000004
0.0009258290037001019,1.5820393320000001,0.008105574000000004
0.000926829003700102,1.5820393320000001,0.007973842000000002
0.0009278290037001019,1.5820393320000001,0.007907976000000004
0.0009288290037001019,1.5820393320000001,0.007776244000000002
0.0009298290037001019,1.5820393320000001,0.007710378000000004
0.000930829003700102,1.5820393320000001,0.00784211
0.0009318290037001019,1.5820393320000001,0.008171440000000002
0.0009328290037001019,1.5820393320000001,0.008171440000000002
0.0009338290037001019,1.5820393320000001,0.008171440000000002
0.0009348290037001019,1.5820393320000001,0.008303172000000004
0.000935829003700102,1.5820393320000001,0.008303172000000004
0.0009368290037001019,1.5820393320000001,0.008369038000000002
0.0009378290037001019,1.5820393320000001,0.008237306
0.0009388290037001019,1.5820393320000001,0.007973842000000002
0.000939829003700102,1.5820393320000001,0.007973842000000002
0.0009408290037001019,1.5820393320000001,0.007973842000000002
0.0009418290037001019,1.5820393320000001,0.007973842000000002
0.0009428290037001019,1.5820393320000001,0.007973842000000002
0.0009438290037001019,1.5820393320000001,0.007973842000000002
0.000944829003700102,1.5820393320000001,0.007973842000000002
0.0009458290037001019,1.5820393320000001,0.00784211
0.0009468290037001019,1.5820393320000001,0.007644511999999999
0.0009478290037001019,1.5820393320000001,0.007644511999999999
0.000948829003700102,1.5820393320000001,0.007776244000000002
0.0009498290037001019,1.5820393320000001,0.007710378000000004
0.0009508290037001019,1.5820393320000001,0.007710378000000004
0.0009518290037001019,1.5820393320000001,0.00784211
0.000952829003700102,1.5820393320000001,0.007644511999999999
0.0009538290037001019,1.5820393320000001,0.007710378000000004
0.0009548290037001019,1.5820393320000001,0.007973842000000002
0.0009558290037001019,1.5820393320000001,0.00784211
0.0009568290037001019,1.5820393320000001,0.00784211
0.000957829003700102,1.5820393320000001,0.00784211
0.0009588290037001019,1.5820393320000001,0.008039708
0.0009598290037001019,1.5820393320000001,0.008039708
0.0009608290037001019,1.5820393320000001,0.008039708
0.000961829003700102,1.5820393320000001,0.008303172000000004
0.0009628290037001019,1.5820393320000001,0.008171440000000002
0.0009638290037001019,1.5820393320000001,0.008171440000000002
0.0009648290037001019,1.5820393320000001,0.008303172000000004
0.0009658290037001019,1.5820393320000001,0.008171440000000002
0.000966829003700102,1.5820393320000001,0.007907976000000004
0.0009678290037001019,1.5820393320000001,0.007907976000000004
0.0009688290037001019,1.5820393320000001,0.007973842000000002
0.0009698290037001019,1.5820393320000001,0.008105574000000004
0.000970829003700102,1.5820393320000001,0.008171440000000002
0.0009718290037001019,1.5820393320000001,0.008039708
0.0009728290037001019,1.5820393320000001,0.008171440000000002
0.0009738290037001019,1.5820393320000001,0.008171440000000002
0.0009748290037001019,1.5820393320000001,0.007907976000000004
0.000975829003700102,1.5820393320000001,0.007644511999999999
0.0009768290037001019,1.5820393320000001,0.007776244000000002
0.000977829003700102,1.5820393320000001,0.007907976000000004
0.000978829003700102,1.5820393320000001,0.007907976000000004
0.0009798290037001018,1.5820393320000001,0.007907976000000004
0.000980829003700102,1.5820393320000001,0.007776244000000002
0.000981829003700102,1.5820393320000001,0.007973842000000002
0.0009828290037001018,1.5820393320000001,0.007973842000000002
0.000983829003700102,1.5820393320000001,0.007973842000000002
0.0009848290037001019,1.5820393320000001,0.007973842000000002
0.000985829003700102,1.5820393320000001,0.008039708
0.000986829003700102,1.5820393320000001,0.008303172000000004
0.0009878290037001018,1.5820393320000001,0.008171440000000002
0.000988829003700102,1.5820393320000001,0.00784211
0.0009898290037001019,1.5820393320000001,0.007710378000000004
0.000990829003700102,1.5820393320000001,0.007710378000000004
0.000991829003700102,1.5820393320000001,0.00784211
0.0009928290037001018,1.5820393320000001,0.007973842000000002
0.000993829003700102,1.5820393320000001,0.007973842000000002
0.0009948290037001019,1.5820393320000001,0.00784211
0.000995829003700102,1.5820393320000001,0.007644511999999999
0.000996829003700102,1.5820393320000001,0.007644511999999999
0.0009978290037001018,1.5820393320000001,0.00784211
0.000998829003700102,1.5820393320000001,0.007973842000000002
0.000999829003700102,1.5820393320000001,0.007776244000000002
0.0010008290037001018,1.5820393320000001,0.007578646000000001
0.001001829003700102,1.5820393320000001,0.007710378000000004
