Time (s),Channel 1 Voltage (V),Channel 2 Voltage (V)
-5.85418773603e-07,0.2529467189,0.008632502
4.14581226397e-07,1.0287471527,0.008566636000000002
1.414581226397e-06,1.5682733545,0.008500770000000005
2.414581226397e-06,1.5820393320000001,0.008500770000000005
3.414581226397e-06,1.5820393320000001,0.008434904
4.414581226397e-06,1.5820393320000001,0.008566636000000002
5.414581226397e-06,1.5820393320000001,0.008500770000000005
6.414581226397e-06,1.5820393320000001,0.008434904
7.414581226397e-06,1.5820393320000001,0.008303172000000004
8.414581226397e-06,1.5820393320000001,0.008171440000000002
9.414581226397e-06,1.5820393320000001,0.008303172000000004
1.0414581226397e-05,1.5820393320000001,0.008237306
1.1414581226397001e-05,1.5820393320000001,0.008303172000000004
1.2414581226396998e-05,1.5820393320000001,0.008369038000000002
1.3414581226396999e-05,1.5820393320000001,0.008171440000000002
1.4414581226397e-05,1.5820393320000001,0.008369038000000002
1.5414581226397e-05,1.5820393320000001,0.008566636000000002
1.6414581226397e-05,1.5820393320000001,0.008500770000000005
1.7414581226397e-05,1.5820393320000001,0.008500770000000005
1.8414581226397e-05,1.5820393320000001,0.008369038000000002
1.9414581226397e-05,1.5820393320000001,0.008434904
2.0414581226397e-05,1.5820393320000001,0.008566636000000002
2.1414581226397e-05,1.5820393320000001,0.008566636000000002
2.2414581226397e-05,1.5820393320000001,0.008369038000000002
2.3414581226397e-05,1.5820393320000001,0.008369038000000002
2.4414581226397e-05,1.5820393320000001,0.008500770000000005
2.5414581226397e-05,1.5820393320000001,0.008566636000000002
2.6414581226397e-05,1.5820393320000001,0.008500770000000005
2.7414581226397e-05,1.5820393320000001,0.008500770000000005
2.8414581226397e-05,1.5820393320000001,0.008698368000000005
2.9414581226396998e-05,1.5820393320000001,0.008698368000000005
3.0414581226397002e-05,1.5820393320000001,0.008632502
3.1414581226396996e-05,1.5820393320000001,0.008632502
3.241458122639699e-05,1.5820393320000001,0.008632502
3.3414581226397e-05,1.5820393320000001,0.008632502
3.4414581226396994e-05,1.5820393320000001,0.008632502
3.5414581226397e-05,1.5820393320000001,0.008632502
3.6414581226396996e-05,1.5820393320000001,0.008566636000000002
3.741458122639699e-05,1.5820393320000001,0.008632502
3.8414581226397e-05,1.5820393320000001,0.008500770000000005
3.9414581226396994e-05,1.5820393320000001,0.008434904
4.0414581226397e-05,1.5820393320000001,0.008566636000000002
4.1414581226396995e-05,1.5820393320000001,0.008566636000000002
4.241458122639699e-05,1.5820393320000001,0.008566636000000002
4.3414581226396996e-05,1.5820393320000001,0.008500770000000005
4.4414581226396994e-05,1.5820393320000001,0.008500770000000005
4.5414581226397e-05,1.5820393320000001,0.008369038000000002
4.6414581226396995e-05,1.5820393320000001,0.008369038000000002
4.7414581226397e-05,1.5820393320000001,0.008566636000000002
4.8414581226396996e-05,1.5820393320000001,0.008566636000000002
4.941458122639699e-05,1.5820393320000001,0.008698368000000005
5.0414581226397e-05,1.5820393320000001,0.0088301
5.1414581226396994e-05,1.5820393320000001,0.008632502
5.2414581226397e-05,1.5820393320000001,0.008764234000000003
5.3414581226396995e-05,1.5820393320000001,0.008895966000000005
5.441458122639699e-05,1.5820393320000001,0.008764234000000003
5.5414581226397e-05,1.5820393320000001,0.008764234000000003
5.6414581226396994e-05,1.5820393320000001,0.008961832000000003
5.7414581226397e-05,1.5820393320000001,0.008632502
5.8414581226396995e-05,1.5820393320000001,0.008698368000000005
5.941458122639699e-05,1.5820393320000001,0.009093564000000005
6.0414581226396996e-05,1.5820393320000001,0.009027698
6.1414581226397e-05,1.5820393320000001,0.008961832000000003
6.2414581226397e-05,1.5820393320000001,0.0088301
6.3414581226397e-05,1.5820393320000001,0.0088301
6.441458122639699e-05,1.5820393320000001,0.008698368000000005
6.541458122639699e-05,1.5820393320000001,0.008698368000000005
6.6414581226397e-05,1.5820393320000001,0.008895966000000005
6.7414581226397e-05,1.5820393320000001,0.0088301
6.8414581226397e-05,1.5820393320000001,0.0088301
6.941458122639699e-05,1.5820393320000001,0.008566636000000002
7.041458122639699e-05,1.5820393320000001,0.008369038000000002
7.1414581226397e-05,1.5820393320000001,0.008698368000000005
7.2414581226397e-05,1.5820393320000001,0.008632502
7.3414581226397e-05,1.5820393320000001,0.008566636000000002
7.441458122639699e-05,1.5820393320000001,0.008566636000000002
7.541458122639699e-05,1.5820393320000001,0.008566636000000002
7.6414581226397e-05,1.5820393320000001,0.008698368000000005
7.7414581226397e-05,1.5820393320000001,0.008698368000000005
7.8414581226397e-05,1.5820393320000001,0.008698368000000005
7.941458122639699e-05,1.5820393320000001,0.0088301
8.041458122639699e-05,1.5820393320000001,0.008764234000000003
8.1414581226397e-05,1.5820393320000001,0.008764234000000003
8.2414581226397e-05,1.5820393320000001,0.0088301
8.341458122639699e-05,1.5820393320000001,0.008961832000000003
8.441458122639699e-05,1.5820393320000001,0.009093564000000005
8.541458122639699e-05,1.5820393320000001,0.008895966000000005
8.6414581226397e-05,1.5820393320000001,0.008698368000000005
8.7414581226397e-05,1.5820393320000001,0.008698368000000005
8.841458122639699e-05,1.5820393320000001,0.008764234000000003
8.941458122639699e-05,1.5820393320000001,0.008632502
9.041458122639699e-05,1.5820393320000001,0.008500770000000005
9.1414581226397e-05,1.5820393320000001,0.0088301
9.2414581226397e-05,1.5820393320000001,0.008961832000000003
9.341458122639699e-05,1.5820393320000001,0.0088301
9.441458122639699e-05,1.5820393320000001,0.009027698
9.5414581226397e-05,1.5820393320000001,0.009159430000000003
9.6414581226397e-05,1.5820393320000001,0.008895966000000005
9.7414581226397e-05,1.5820393320000001,0.0088301
9.841458122639699e-05,1.5820393320000001,0.0088301
9.941458122639699e-05,1.5820393320000001,0.0088301
0.000100414581226397,1.5820393320000001,0.008961832000000003
0.000101414581226397,1.5820393320000001,0.0088301
0.000102414581226397,1.5820393320000001,0.008632502
0.00010341458122639699,1.5820393320000001,0.008566636000000002
0.00010441458122639699,1.5820393320000001,0.008764234000000003
0.000105414581226397,1.5820393320000001,0.008961832000000003
0.000106414581226397,1.5820393320000001,0.009027698
0.000107414581226397,1.5820393320000001,0.009093564000000005
0.00010841458122639699,1.5820393320000001,0.008895966000000005
0.00010941458122639699,1.5820393320000001,0.008895966000000005
0.000110414581226397,1.5820393320000001,0.009093564000000005
0.000111414581226397,1.5820393320000001,0.009159430000000003
0.00011241458122639699,1.5820393320000001,0.009159430000000003
0.00011341458122639699,1.5820393320000001,0.009027698
0.00011441458122639699,1.5820393320000001,0.008895966000000005
0.000115414581226397,1.5820393320000001,0.008895966000000005
0.000116414581226397,1.5820393320000001,0.008961832000000003
0.00011741458122639699,1.5820393320000001,0.009093564000000005
0.00011841458122639699,1.5820393320000001,0.009093564000000005
0.00011941458122639699,1.5820393320000001,0.008895966000000005
0.000120414581226397,1.5820393320000001,0.0088301
0.000121414581226397,1.5820393320000001,0.009027698
0.00012241458122639698,1.5820393320000001,0.0088301
0.000123414581226397,1.5820393320000001,0.008698368000000005
0.000124414581226397,1.5820393320000001,0.008961832000000003
0.000125414581226397,1.5820393320000001,0.009027698
0.000126414581226397,1.5820393320000001,0.009159430000000003
0.000127414581226397,1.5820393320000001,0.009159430000000003
0.000128414581226397,1.5820393320000001,0.0088301
0.00012941458122639699,1.5820393320000001,0.0088301
0.00013041458122639698,1.5820393320000001,0.009159430000000003
0.00013141458122639698,1.5820393320000001,0.009093564000000005
0.000132414581226397,1.5820393320000001,0.0088301
0.000133414581226397,1.5820393320000001,0.0088301
0.000134414581226397,1.5820393320000001,0.009027698
0.000135414581226397,1.5820393320000001,0.008895966000000005
0.000136414581226397,1.5820393320000001,0.0088301
0.000137414581226397,1.5820393320000001,0.008895966000000005
0.000138414581226397,1.5820393320000001,0.009027698
0.00013941458122639699,1.5820393320000001,0.009027698
0.00014041458122639698,1.5820393320000001,0.008961832000000003
0.00014141458122639698,1.5820393320000001,0.008961832000000003
0.000142414581226397,1.5820393320000001,0.008698368000000005
0.000143414581226397,1.5820393320000001,0.008764234000000003
0.000144414581226397,1.5820393320000001,0.0088301
0.000145414581226397,1.5820393320000001,0.008566636000000002
0.000146414581226397,1.5820393320000001,0.008764234000000003
0.000147414581226397,1.5820393320000001,0.008698368000000005
0.000148414581226397,1.5820393320000001,0.008500770000000005
0.00014941458122639698,1.5820393320000001,0.008566636000000002
0.00015041458122639698,1.5820393320000001,0.008566636000000002
0.00015141458122639698,1.5820393320000001,0.008566636000000002
0.000152414581226397,1.5820393320000001,0.008434904
0.000153414581226397,1.5820393320000001,0.008434904
0.000154414581226397,1.5820393320000001,0.008566636000000002
0.000155414581226397,1.5820393320000001,0.0088301
0.000156414581226397,1.5820393320000001,0.008895966000000005
0.000157414581226397,1.5820393320000001,0.008698368000000005
0.00015841458122639699,1.5820393320000001,0.008764234000000003
0.00015941458122639698,1.5820393320000001,0.008764234000000003
0.00016041458122639698,1.5820393320000001,0.008764234000000003
0.00016141458122639698,1.5820393320000001,0.008961832000000003
0.000162414581226397,1.5820393320000001,0.008895966000000005
0.000163414581226397,1.5820393320000001,0.008632502
0.000164414581226397,1.5820393320000001,0.008500770000000005
0.000165414581226397,1.5820393320000001,0.008566636000000002
0.000166414581226397,1.5820393320000001,0.008698368000000005
0.000167414581226397,1.5820393320000001,0.008632502
0.00016841458122639699,1.5820393320000001,0.008566636000000002
0.00016941458122639698,1.5820393320000001,0.008698368000000005
0.00017041458122639698,1.5820393320000001,0.008632502
0.00017141458122639698,1.5820393320000001,0.008566636000000002
0.000172414581226397,1.5820393320000001,0.008764234000000003
0.000173414581226397,1.5820393320000001,0.0088301
0.000174414581226397,1.5820393320000001,0.008698368000000005
0.000175414581226397,1.5820393320000001,0.008566636000000002
0.000176414581226397,1.5820393320000001,0.008632502
0.000177414581226397,1.5820393320000001,0.008698368000000005
0.00017841458122639698,1.5820393320000001,0.008566636000000002
0.00017941458122639698,1.5820393320000001,0.008698368000000005
0.00018041458122639698,1.5820393320000001,0.008895966000000005
0.00018141458122639698,1.5820393320000001,0.008895966000000005
0.000182414581226397,1.5820393320000001,0.008895966000000005
0.000183414581226397,1.5820393320000001,0.0088301
0.000184414581226397,1.5820393320000001,0.0088301
0.000185414581226397,1.5820393320000001,0.008764234000000003
0.000186414581226397,1.5820393320000001,0.008895966000000005
0.000187414581226397,1.5820393320000001,0.008764234000000003
0.00018841458122639698,1.5820393320000001,0.008566636000000002
0.00018941458122639698,1.5820393320000001,0.008632502
0.00019041458122639698,1.5820393320000001,0.008566636000000002
0.000191414581226397,1.5820393320000001,0.008566636000000002
0.000192414581226397,1.5820393320000001,0.008434904
0.000193414581226397,1.5820393320000001,0.008303172000000004
0.000194414581226397,1.5820393320000001,0.008500770000000005
0.000195414581226397,1.5820393320000001,0.008698368000000005
0.000196414581226397,1.5820393320000001,0.008764234000000003
0.00019741458122639699,1.5820393320000001,0.008764234000000003
0.00019841458122639698,1.5820393320000001,0.008566636000000002
0.00019941458122639698,1.5820393320000001,0.008434904
0.00020041458122639698,1.5820393320000001,0.008369038000000002
0.000201414581226397,1.5820393320000001,0.008237306
0.000202414581226397,1.5820393320000001,0.008237306
0.000203414581226397,1.5820393320000001,0.008369038000000002
0.000204414581226397,1.5820393320000001,0.008434904
0.000205414581226397,1.5820393320000001,0.008369038000000002
0.000206414581226397,1.5820393320000001,0.008434904
0.00020741458122639698,1.5820393320000001,0.008566636000000002
0.00020841458122639698,1.5820393320000001,0.008566636000000002
0.00020941458122639698,1.5820393320000001,0.008566636000000002
0.00021041458122639698,1.5820393320000001,0.008566636000000002
0.000211414581226397,1.5820393320000001,0.008698368000000005
0.000212414581226397,1.5820393320000001,0.008698368000000005
0.000213414581226397,1.5820393320000001,0.008566636000000002
0.000214414581226397,1.5820393320000001,0.008434904
0.000215414581226397,1.5820393320000001,0.008434904
0.000216414581226397,1.5820393320000001,0.008632502
0.00021741458122639698,1.5820393320000001,0.008434904
0.00021841458122639698,1.5820393320000001,0.008237306
0.00021941458122639698,1.5820393320000001,0.008303172000000004
0.00022041458122639698,1.5820393320000001,0.008500770000000005
0.000221414581226397,1.5820393320000001,0.008566636000000002
0.000222414581226397,1.5820393320000001,0.008303172000000004
0.000223414581226397,1.5820393320000001,0.008303172000000004
0.000224414581226397,1.5820393320000001,0.008698368000000005
0.000225414581226397,1.5820393320000001,0.008500770000000005
0.00022641458122639699,1.5820393320000001,0.008171440000000002
0.00022741458122639698,1.5820393320000001,0.008237306
0.00022841458122639698,1.5820393320000001,0.008369038000000002
0.00022941458122639698,1.5820393320000001,0.008369038000000002
0.00023041458122639697,1.5820393320000001,0.008303172000000004
0.000231414581226397,1.5820393320000001,0.008303172000000004
0.000232414581226397,1.5820393320000001,0.008369038000000002
0.000233414581226397,1.5820393320000001,0.008434904
0.000234414581226397,1.5820393320000001,0.008369038000000002
0.000235414581226397,1.5820393320000001,0.008237306
0.00023641458122639698,1.5820393320000001,0.008303172000000004
0.00023741458122639698,1.5820393320000001,0.008434904
0.00023841458122639698,1.5820393320000001,0.008434904
0.00023941458122639698,1.5820393320000001,0.008434904
0.00024041458122639697,1.5820393320000001,0.008303172000000004
0.000241414581226397,1.5820393320000001,0.008237306
0.000242414581226397,1.5820393320000001,0.008237306
0.000243414581226397,1.5820393320000001,0.008237306
0.000244414581226397,1.5820393320000001,0.008171440000000002
0.000245414581226397,1.5820393320000001,0.008039708
0.000246414581226397,1.5820393320000001,0.008237306
0.00024741458122639704,1.5820393320000001,0.008237306
0.000248414581226397,1.5820393320000001,0.008369038000000002
0.00024941458122639703,1.5820393320000001,0.008434904
0.000250414581226397,1.5820393320000001,0.008237306
0.000251414581226397,1.5820393320000001,0.008369038000000002
0.000252414581226397,1.5820393320000001,0.008369038000000002
0.000253414581226397,1.5820393320000001,0.008237306
0.000254414581226397,1.5820393320000001,0.008105574000000004
0.000255414581226397,1.5820393320000001,0.008039708
0.00025641458122639704,1.5820393320000001,0.008237306
0.000257414581226397,1.5820393320000001,0.008303172000000004
0.00025841458122639703,1.5820393320000001,0.008369038000000002
0.000259414581226397,1.5820393320000001,0.008303172000000004
0.000260414581226397,1.5820393320000001,0.008171440000000002
0.000261414581226397,1.5820393320000001,0.008171440000000002
0.000262414581226397,1.5820393320000001,0.007973842000000002
0.000263414581226397,1.5820393320000001,0.007710378000000004
0.000264414581226397,1.5820393320000001,0.00784211
0.00026541458122639704,1.5820393320000001,0.00784211
0.000266414581226397,1.5820393320000001,0.007644511999999999
0.00026741458122639703,1.5820393320000001,0.007578646000000001
0.000268414581226397,1.5820393320000001,0.007710378000000004
0.00026941458122639703,1.5820393320000001,0.007644511999999999
0.000270414581226397,1.5820393320000001,0.007644511999999999
0.000271414581226397,1.5820393320000001,0.00784211
0.000272414581226397,1.5820393320000001,0.007973842000000002
0.000273414581226397,1.5820393320000001,0.007973842000000002
0.000274414581226397,1.5820393320000001,0.007907976000000004
0.000275414581226397,1.5820393320000001,0.007973842000000002
0.00027641458122639704,1.5820393320000001,0.007973842000000002
0.000277414581226397,1.5820393320000001,0.007776244000000002
0.00027841458122639703,1.5820393320000001,0.007644511999999999
0.000279414581226397,1.5820393320000001,0.007578646000000001
0.000280414581226397,1.5820393320000001,0.007644511999999999
0.000281414581226397,1.5820393320000001,0.007578646000000001
0.000282414581226397,1.5820393320000001,0.007578646000000001
0.000283414581226397,1.5820393320000001,0.007776244000000002
0.000284414581226397,1.5820393320000001,0.007776244000000002
0.00028541458122639704,1.5820393320000001,0.007776244000000002
0.000286414581226397,1.5820393320000001,0.007776244000000002
0.00028741458122639703,1.5820393320000001,0.007907976000000004
0.000288414581226397,1.5820393320000001,0.007907976000000004
0.000289414581226397,1.5820393320000001,0.007710378000000004
0.000290414581226397,1.5820393320000001,0.007710378000000004
0.000291414581226397,1.5820393320000001,0.007907976000000004
0.000292414581226397,1.5820393320000001,0.00784211
0.000293414581226397,1.5820393320000001,0.007776244000000002
0.000294414581226397,1.5820393320000001,0.007776244000000002
0.000295414581226397,1.5820393320000001,0.007776244000000002
0.00029641458122639703,1.5820393320000001,0.007776244000000002
0.000297414581226397,1.5820393320000001,0.007710378000000004
0.00029841458122639703,1.5820393320000001,0.007710378000000004
0.000299414581226397,1.5820393320000001,0.007710378000000004
0.000300414581226397,1.5820393320000001,0.007776244000000002
0.000301414581226397,1.5820393320000001,0.007644511999999999
0.000302414581226397,1.5820393320000001,0.007315182000000003
0.000303414581226397,1.5820393320000001,0.007315182000000003
0.000304414581226397,1.5820393320000001,0.007381048000000001
0.00030541458122639704,1.5820393320000001,0.007446914000000006
0.000306414581226397,1.5820393320000001,0.007578646000000001
0.00030741458122639703,1.5820393320000001,0.007644511999999999
0.000308414581226397,1.5820393320000001,0.007644511999999999
0.000309414581226397,1.5820393320000001,0.007710378000000004
0.000310414581226397,1.5820393320000001,0.007907976000000004
0.000311414581226397,1.5820393320000001,0.00784211
0.000312414581226397,1.5820393320000001,0.007710378000000004
0.000313414581226397,1.5820393320000001,0.007710378000000004
0.000314414581226397,1.5820393320000001,0.007512780000000004
0.000315414581226397,1.5820393320000001,0.007381048000000001
0.00031641458122639703,1.5820393320000001,0.007446914000000006
0.000317414581226397,1.5820393320000001,0.007183450000000001
0.000318414581226397,1.5820393320000001,0.007051718000000005
0.000319414581226397,1.5820393320000001,0.007446914000000006
0.000320414581226397,1.5820393320000001,0.007644511999999999
0.000321414581226397,1.5820393320000001,0.007710378000000004
0.000322414581226397,1.5820393320000001,0.007446914000000006
0.000323414581226397,1.5820393320000001,0.007446914000000006
0.000324414581226397,1.5820393320000001,0.007446914000000006
0.00032541458122639703,1.5820393320000001,0.007381048000000001
0.000326414581226397,1.5820393320000001,0.007710378000000004
0.00032741458122639703,1.5820393320000001,0.007578646000000001
0.000328414581226397,1.5820393320000001,0.007512780000000004
0.000329414581226397,1.5820393320000001,0.007578646000000001
0.000330414581226397,1.5820393320000001,0.007512780000000004
0.000331414581226397,1.5820393320000001,0.007578646000000001
0.000332414581226397,1.5820393320000001,0.007446914000000006
0.000333414581226397,1.5820393320000001,0.007512780000000004
0.00033441458122639704,1.5820393320000001,0.007512780000000004
0.000335414581226397,1.5820393320000001,0.007381048000000001
0.00033641458122639703,1.5820393320000001,0.007249316000000006
0.000337414581226397,1.5820393320000001,0.007183450000000001
0.000338414581226397,1.5820393320000001,0.007315182000000003
0.000339414581226397,1.5820393320000001,0.007446914000000006
0.000340414581226397,1.5820393320000001,0.007644511999999999
0.000341414581226397,1.5820393320000001,0.007644511999999999
0.000342414581226397,1.5820393320000001,0.007512780000000004
0.000343414581226397,1.5820393320000001,0.007512780000000004
0.000344414581226397,1.5820393320000001,0.007578646000000001
0.00034541458122639703,1.5820393320000001,0.007512780000000004
0.000346414581226397,1.5820393320000001,0.007446914000000006
0.000347414581226397,1.5820393320000001,0.007446914000000006
0.000348414581226397,1.5820393320000001,0.007644511999999999
0.000349414581226397,1.5820393320000001,0.007644511999999999
0.000350414581226397,1.5820393320000001,0.007644511999999999
0.000351414581226397,1.5820393320000001,0.007710378000000004
0.000352414581226397,1.5820393320000001,0.007446914000000006
0.000353414581226397,1.5820393320000001,0.007512780000000004
0.00035441458122639703,1.5820393320000001,0.007710378000000004
0.000355414581226397,1.5820393320000001,0.007710378000000004
0.00035641458122639703,1.5820393320000001,0.007710378000000004
0.000357414581226397,1.5820393320000001,0.007578646000000001
0.000358414581226397,1.5820393320000001,0.007578646000000001
0.000359414581226397,1.5820393320000001,0.007776244000000002
0.000360414581226397,1.5820393320000001,0.007776244000000002
0.000361414581226397,1.5820393320000001,0.007776244000000002
0.000362414581226397,1.5820393320000001,0.007776244000000002
0.000363414581226397,1.5820393320000001,0.007512780000000004
0.000364414581226397,1.5820393320000001,0.007315182000000003
0.00036541458122639703,1.5820393320000001,0.007446914000000006
0.000366414581226397,1.5820393320000001,0.007446914000000006
0.000367414581226397,1.5820393320000001,0.007249316000000006
0.000368414581226397,1.5820393320000001,0.007381048000000001
0.000369414581226397,1.5820393320000001,0.007512780000000004
0.000370414581226397,1.5820393320000001,0.007381048000000001
0.000371414581226397,1.5820393320000001,0.007381048000000001
0.000372414581226397,1.5820393320000001,0.007446914000000006
0.000373414581226397,1.5820393320000001,0.007710378000000004
0.00037441458122639703,1.5820393320000001,0.007710378000000004
0.000375414581226397,1.5820393320000001,0.007446914000000006
0.000376414581226397,1.5820393320000001,0.007578646000000001
0.000377414581226397,1.5820393320000001,0.007512780000000004
0.000378414581226397,1.5820393320000001,0.007512780000000004
0.000379414581226397,1.5820393320000001,0.007710378000000004
0.000380414581226397,1.5820393320000001,0.007710378000000004
0.000381414581226397,1.5820393320000001,0.007710378000000004
0.000382414581226397,1.5820393320000001,0.007710378000000004
0.00038341458122639703,1.5820393320000001,0.007512780000000004
0.000384414581226397,1.5820393320000001,0.007512780000000004
0.00038541458122639703,1.5820393320000001,0.007710378000000004
0.000386414581226397,1.5820393320000001,0.007710378000000004
0.000387414581226397,1.5820393320000001,0.007710378000000004
0.000388414581226397,1.5820393320000001,0.007907976000000004
0.000389414581226397,1.5820393320000001,0.00784211
0.000390414581226397,1.5820393320000001,0.007710378000000004
0.000391414581226397,1.5820393320000001,0.00784211
0.000392414581226397,1.5820393320000001,0.00784211
0.000393414581226397,1.5820393320000001,0.007776244000000002
0.00039441458122639703,1.5820393320000001,0.007907976000000004
0.000395414581226397,1.5820393320000001,0.008039708
0.000396414581226397,1.5820393320000001,0.007776244000000002
0.000397414581226397,1.5820393320000001,0.007644511999999999
0.000398414581226397,1.5820393320000001,0.007776244000000002
0.000399414581226397,1.5820393320000001,0.007776244000000002
0.000400414581226397,1.5820393320000001,0.007776244000000002
0.000401414581226397,1.5820393320000001,0.007644511999999999
0.000402414581226397,1.5820393320000001,0.007578646000000001
0.00040341458122639703,1.5820393320000001,0.007710378000000004
0.000404414581226397,1.5820393320000001,0.007710378000000004
0.000405414581226397,1.5820393320000001,0.007776244000000002
0.000406414581226397,1.5820393320000001,0.007776244000000002
0.000407414581226397,1.5820393320000001,0.007710378000000004
0.000408414581226397,1.5820393320000001,0.00784211
0.000409414581226397,1.5820393320000001,0.007710378000000004
0.000410414581226397,1.5820393320000001,0.007578646000000001
0.000411414581226397,1.5820393320000001,0.007578646000000001
0.000412414581226397,1.5820393320000001,0.007644511999999999
0.000413414581226397,1.5820393320000001,0.007973842000000002
0.00041441458122639703,1.5820393320000001,0.00784211
0.000415414581226397,1.5820393320000001,0.007776244000000002
0.000416414581226397,1.5820393320000001,0.007907976000000004
0.000417414581226397,1.5820393320000001,0.007776244000000002
0.000418414581226397,1.5820393320000001,0.007907976000000004
0.000419414581226397,1.5820393320000001,0.00784211
0.000420414581226397,1.5820393320000001,0.008039708
0.000421414581226397,1.5820393320000001,0.008171440000000002
0.000422414581226397,1.5820393320000001,0.007973842000000002
0.00042341458122639703,1.5820393320000001,0.007973842000000002
0.000424414581226397,1.5820393320000001,0.008105574000000004
0.000425414581226397,1.5820393320000001,0.007973842000000002
0.000426414581226397,1.5820393320000001,0.007578646000000001
0.000427414581226397,1.5820393320000001,0.007512780000000004
0.000428414581226397,1.5820393320000001,0.007710378000000004
0.000429414581226397,1.5820393320000001,0.007776244000000002
0.000430414581226397,1.5820393320000001,0.007776244000000002
0.000431414581226397,1.5820393320000001,0.007644511999999999
0.000432414581226397,1.5820393320000001,0.007578646000000001
0.000433414581226397,1.5820393320000001,0.007710378000000004
0.00043441458122639703,1.5820393320000001,0.007578646000000001
0.000435414581226397,1.5820393320000001,0.007776244000000002
0.000436414581226397,1.5820393320000001,0.007907976000000004
0.000437414581226397,1.5820393320000001,0.007644511999999999
0.000438414581226397,1.5820393320000001,0.007578646000000001
0.000439414581226397,1.5820393320000001,0.007710378000000004
0.000440414581226397,1.5820393320000001,0.008105574000000004
0.000441414581226397,1.5820393320000001,0.008237306
0.000442414581226397,1.5820393320000001,0.007973842000000002
0.00044341458122639703,1.5820393320000001,0.008105574000000004
0.000444414581226397,1.5820393320000001,0.008039708
0.000445414581226397,1.5820393320000001,0.007907976000000004
0.000446414581226397,1.5820393320000001,0.007907976000000004
0.000447414581226397,1.5820393320000001,0.007907976000000004
0.000448414581226397,1.5820393320000001,0.007907976000000004
0.000449414581226397,1.5820393320000001,0.007776244000000002
0.000450414581226397,1.5820393320000001,0.007578646000000001
0.000451414581226397,1.5820393320000001,0.007578646000000001
0.00045241458122639703,1.5820393320000001,0.007776244000000002
0.000453414581226397,1.5820393320000001,0.007973842000000002
0.000454414581226397,1.5820393320000001,0.007907976000000004
0.000455414581226397,1.5820393320000001,0.007907976000000004
0.000456414581226397,1.5820393320000001,0.007907976000000004
0.000457414581226397,1.5820393320000001,0.00784211
0.000458414581226397,1.5820393320000001,0.008105574000000004
0.000459414581226397,1.5820393320000001,0.008171440000000002
0.000460414581226397,1.5820393320000001,0.008039708
0.000461414581226397,1.5820393320000001,0.00784211
0.000462414581226397,1.5820393320000001,0.007907976000000004
0.00046341458122639703,1.5820393320000001,0.008039708
0.000464414581226397,1.5820393320000001,0.007973842000000002
0.000465414581226397,1.5820393320000001,0.008105574000000004
0.000466414581226397,1.5820393320000001,0.008039708
0.000467414581226397,1.5820393320000001,0.008039708
0.000468414581226397,1.5820393320000001,0.008237306
0.000469414581226397,1.5820393320000001,0.008039708
0.000470414581226397,1.5820393320000001,0.008105574000000004
0.000471414581226397,1.5820393320000001,0.008039708
0.00047241458122639703,1.5820393320000001,0.00784211
0.000473414581226397,1.5820393320000001,0.007973842000000002
0.000474414581226397,1.5820393320000001,0.007973842000000002
0.000475414581226397,1.5820393320000001,0.008171440000000002
0.000476414581226397,1.5820393320000001,0.008171440000000002
0.000477414581226397,1.5820393320000001,0.007973842000000002
0.000478414581226397,1.5820393320000001,0.007973842000000002
0.000479414581226397,1.5820393320000001,0.00784211
0.000480414581226397,1.5820393320000001,0.007644511999999999
0.000481414581226397,1.5820393320000001,0.007776244000000002
0.000482414581226397,1.5820393320000001,0.008039708
0.000483414581226397,1.5820393320000001,0.007973842000000002
0.000484414581226397,1.5820393320000001,0.007776244000000002
0.000485414581226397,1.5820393320000001,0.007710378000000004
0.000486414581226397,1.5820393320000001,0.007644511999999999
0.000487414581226397,1.5820393320000001,0.007776244000000002
0.0004884145812263969,1.5820393320000001,0.00784211
0.000489414581226397,1.5820393320000001,0.007710378000000004
0.000490414581226397,1.5820393320000001,0.007644511999999999
0.0004914145812263969,1.5820393320000001,0.007512780000000004
0.0004924145812263969,1.5820393320000001,0.007578646000000001
0.0004934145812263969,1.5820393320000001,0.007710378000000004
0.000494414581226397,1.5820393320000001,0.007710378000000004
0.000495414581226397,1.5820393320000001,0.007776244000000002
0.0004964145812263969,1.5820393320000001,0.007710378000000004
0.0004974145812263969,1.5820393320000001,0.007644511999999999
0.000498414581226397,1.5820393320000001,0.007710378000000004
0.000499414581226397,1.5820393320000001,0.007776244000000002
0.0005004145812263969,1.5820393320000001,0.007644511999999999
0.0005014145812263969,1.5820393320000001,0.007446914000000006
0.0005024145812263969,1.5820393320000001,0.007578646000000001
0.000503414581226397,1.5820393320000001,0.007776244000000002
0.000504414581226397,1.5820393320000001,0.007710378000000004
0.0005054145812263969,1.5820393320000001,0.007710378000000004
0.0005064145812263969,1.5820393320000001,0.007710378000000004
0.000507414581226397,1.5820393320000001,0.007710378000000004
0.000508414581226397,1.5820393320000001,0.007644511999999999
0.0005094145812263969,1.5820393320000001,0.007644511999999999
0.0005104145812263969,1.5820393320000001,0.007776244000000002
0.000511414581226397,1.5820393320000001,0.007710378000000004
0.000512414581226397,1.5820393320000001,0.007644511999999999
0.000513414581226397,1.5820393320000001,0.00784211
0.0005144145812263969,1.5820393320000001,0.007973842000000002
0.0005154145812263969,1.5820393320000001,0.00784211
0.000516414581226397,1.5820393320000001,0.007644511999999999
0.000517414581226397,1.5820393320000001,0.007644511999999999
0.0005184145812263969,1.5820393320000001,0.007710378000000004
0.0005194145812263969,1.5820393320000001,0.007710378000000004
0.000520414581226397,1.5820393320000001,0.007776244000000002
0.000521414581226397,1.5820393320000001,0.007776244000000002
0.000522414581226397,1.5820393320000001,0.00784211
0.0005234145812263969,1.5820393320000001,0.007776244000000002
0.0005244145812263969,1.5820393320000001,0.00784211
0.000525414581226397,1.5820393320000001,0.007907976000000004
0.000526414581226397,1.5820393320000001,0.007644511999999999
0.0005274145812263969,1.5820393320000001,0.007644511999999999
0.0005284145812263969,1.5820393320000001,0.00784211
0.000529414581226397,1.5820393320000001,0.007907976000000004
0.000530414581226397,1.5820393320000001,0.007907976000000004
0.000531414581226397,1.5820393320000001,0.007776244000000002
0.0005324145812263969,1.5820393320000001,0.007973842000000002
0.0005334145812263969,1.5820393320000001,0.008039708
0.000534414581226397,1.5820393320000001,0.00784211
0.000535414581226397,1.5820393320000001,0.007776244000000002
0.0005364145812263969,1.5820393320000001,0.007907976000000004
0.0005374145812263969,1.5820393320000001,0.008105574000000004
0.000538414581226397,1.5820393320000001,0.008039708
0.000539414581226397,1.5820393320000001,0.00784211
0.0005404145812263969,1.5820393320000001,0.007907976000000004
0.0005414145812263969,1.5820393320000001,0.00784211
0.0005424145812263969,1.5820393320000001,0.00784211
0.000543414581226397,1.5820393320000001,0.008105574000000004
0.000544414581226397,1.5820393320000001,0.008303172000000004
0.0005454145812263969,1.5820393320000001,0.008171440000000002
0.0005464145812263969,1.5820393320000001,0.00784211
0.000547414581226397,1.5820393320000001,0.007973842000000002
0.000548414581226397,1.5820393320000001,0.008039708
0.0005494145812263969,1.5820393320000001,0.008039708
0.0005504145812263969,1.5820393320000001,0.008039708
0.0005514145812263969,1.5820393320000001,0.007644511999999999
0.000552414581226397,1.5820393320000001,0.007776244000000002
0.000553414581226397,1.5820393320000001,0.007907976000000004
0.0005544145812263969,1.5820393320000001,0.00784211
0.0005554145812263969,1.5820393320000001,0.007907976000000004
0.000556414581226397,1.5820393320000001,0.007907976000000004
0.000557414581226397,1.5820393320000001,0.008237306
0.0005584145812263969,1.5820393320000001,0.008303172000000004
0.0005594145812263969,1.5820393320000001,0.008105574000000004
0.0005604145812263969,1.5820393320000001,0.007973842000000002
0.000561414581226397,1.5820393320000001,0.007907976000000004
0.000562414581226397,1.5820393320000001,0.007644511999999999
0.0005634145812263969,1.5820393320000001,0.007644511999999999
0.0005644145812263969,1.5820393320000001,0.007776244000000002
0.000565414581226397,1.5820393320000001,0.007644511999999999
0.000566414581226397,1.5820393320000001,0.007644511999999999
0.0005674145812263969,1.5820393320000001,0.007710378000000004
0.0005684145812263969,1.5820393320000001,0.007710378000000004
0.000569414581226397,1.5820393320000001,0.007776244000000002
0.000570414581226397,1.5820393320000001,0.007710378000000004
0.000571414581226397,1.5820393320000001,0.007644511999999999
0.0005724145812263969,1.5820393320000001,0.007776244000000002
0.0005734145812263969,1.5820393320000001,0.007776244000000002
0.000574414581226397,1.5820393320000001,0.007710378000000004
0.000575414581226397,1.5820393320000001,0.007776244000000002
0.0005764145812263969,1.5820393320000001,0.007644511999999999
0.0005774145812263969,1.5820393320000001,0.007644511999999999
0.000578414581226397,1.5820393320000001,0.007776244000000002
0.000579414581226397,1.5820393320000001,0.007710378000000004
0.000580414581226397,1.5820393320000001,0.007710378000000004
0.0005814145812263969,1.5820393320000001,0.007578646000000001
0.0005824145812263969,1.5820393320000001,0.007776244000000002
0.000583414581226397,1.5820393320000001,0.007907976000000004
0.000584414581226397,1.5820393320000001,0.007907976000000004
0.0005854145812263969,1.5820393320000001,0.007907976000000004
0.0005864145812263969,1.5820393320000001,0.007644511999999999
0.000587414581226397,1.5820393320000001,0.007644511999999999
0.000588414581226397,1.5820393320000001,0.00784211
0.0005894145812263969,1.5820393320000001,0.00784211
0.0005904145812263969,1.5820393320000001,0.007710378000000004
0.0005914145812263969,1.5820393320000001,0.007907976000000004
0.000592414581226397,1.5820393320000001,0.008039708
0.000593414581226397,1.5820393320000001,0.007973842000000002
0.0005944145812263969,1.5820393320000001,0.00784211
0.0005954145812263969,1.5820393320000001,0.00784211
0.000596414581226397,1.5820393320000001,0.00784211
0.000597414581226397,1.5820393320000001,0.00784211
0.0005984145812263969,1.5820393320000001,0.00784211
0.0005994145812263969,1.5820393320000001,0.007776244000000002
0.0006004145812263969,1.5820393320000001,0.00784211
0.000601414581226397,1.5820393320000001,0.007776244000000002
0.000602414581226397,1.5820393320000001,0.00784211
0.0006034145812263969,1.5820393320000001,0.007776244000000002
0.0006044145812263969,1.5820393320000001,0.007710378000000004
0.000605414581226397,1.5820393320000001,0.007776244000000002
0.000606414581226397,1.5820393320000001,0.007644511999999999
0.0006074145812263969,1.5820393320000001,0.007710378000000004
0.0006084145812263969,1.5820393320000001,0.007776244000000002
0.0006094145812263969,1.5820393320000001,0.007973842000000002
0.000610414581226397,1.5820393320000001,0.008039708
0.000611414581226397,1.5820393320000001,0.007973842000000002
0.0006124145812263969,1.5820393320000001,0.008171440000000002
0.0006134145812263969,1.5820393320000001,0.008105574000000004
0.000614414581226397,1.5820393320000001,0.008105574000000004
0.000615414581226397,1.5820393320000001,0.008105574000000004
0.0006164145812263969,1.5820393320000001,0.007776244000000002
0.0006174145812263969,1.5820393320000001,0.007776244000000002
0.000618414581226397,1.5820393320000001,0.007776244000000002
0.000619414581226397,1.5820393320000001,0.007776244000000002
0.000620414581226397,1.5820393320000001,0.007776244000000002
0.0006214145812263969,1.5820393320000001,0.007710378000000004
0.0006224145812263969,1.5820393320000001,0.007710378000000004
0.000623414581226397,1.5820393320000001,0.007776244000000002
0.000624414581226397,1.5820393320000001,0.00784211
0.0006254145812263969,1.5820393320000001,0.007907976000000004
0.0006264145812263969,1.5820393320000001,0.007907976000000004
0.000627414581226397,1.5820393320000001,0.007776244000000002
0.000628414581226397,1.5820393320000001,0.007512780000000004
0.0006294145812263969,1.5820393320000001,0.007512780000000004
0.0006304145812263969,1.5820393320000001,0.007710378000000004
0.0006314145812263969,1.5820393320000001,0.007644511999999999
0.000632414581226397,1.5820393320000001,0.007578646000000001
0.000633414581226397,1.5820393320000001,0.007710378000000004
0.0006344145812263969,1.5820393320000001,0.007907976000000004
0.0006354145812263969,1.5820393320000001,0.008171440000000002
0.000636414581226397,1.5820393320000001,0.008039708
0.000637414581226397,1.5820393320000001,0.008039708
0.0006384145812263969,1.5820393320000001,0.007973842000000002
0.0006394145812263969,1.5820393320000001,0.007907976000000004
0.0006404145812263969,1.5820393320000001,0.00784211
0.000641414581226397,1.5820393320000001,0.007710378000000004
0.000642414581226397,1.5820393320000001,0.007776244000000002
0.0006434145812263969,1.5820393320000001,0.007776244000000002
0.0006444145812263969,1.5820393320000001,0.007776244000000002
0.000645414581226397,1.5820393320000001,0.007710378000000004
0.000646414581226397,1.5820393320000001,0.007710378000000004
0.0006474145812263969,1.5820393320000001,0.007710378000000004
0.0006484145812263969,1.5820393320000001,0.007710378000000004
0.0006494145812263969,1.5820393320000001,0.007710378000000004
0.000650414581226397,1.5820393320000001,0.00784211
0.000651414581226397,1.5820393320000001,0.007907976000000004
0.0006524145812263969,1.5820393320000001,0.007776244000000002
0.0006534145812263969,1.5820393320000001,0.007907976000000004
0.000654414581226397,1.5820393320000001,0.007973842000000002
0.000655414581226397,1.5820393320000001,0.007973842000000002
0.0006564145812263969,1.5820393320000001,0.007907976000000004
0.0006574145812263969,1.5820393320000001,0.007973842000000002
0.0006584145812263969,1.5820393320000001,0.007973842000000002
0.000659414581226397,1.5820393320000001,0.007710378000000004
0.000660414581226397,1.5820393320000001,0.007710378000000004
0.0006614145812263969,1.5820393320000001,0.007644511999999999
0.0006624145812263969,1.5820393320000001,0.007512780000000004
0.000663414581226397,1.5820393320000001,0.007446914000000006
0.000664414581226397,1.5820393320000001,0.007578646000000001
0.0006654145812263969,1.5820393320000001,0.007578646000000001
0.0006664145812263969,1.5820393320000001,0.007512780000000004
0.0006674145812263969,1.5820393320000001,0.007644511999999999
0.000668414581226397,1.5820393320000001,0.007578646000000001
0.000669414581226397,1.5820393320000001,0.007776244000000002
0.0006704145812263969,1.5820393320000001,0.007907976000000004
0.0006714145812263969,1.5820393320000001,0.008039708
0.000672414581226397,1.5820393320000001,0.008039708
0.000673414581226397,1.5820393320000001,0.007710378000000004
0.0006744145812263969,1.5820393320000001,0.00784211
0.0006754145812263969,1.5820393320000001,0.007907976000000004
0.000676414581226397,1.5820393320000001,0.007776244000000002
0.000677414581226397,1.5820393320000001,0.007907976000000004
0.0006784145812263969,1.5820393320000001,0.007907976000000004
0.0006794145812263969,1.5820393320000001,0.007907976000000004
0.0006804145812263969,1.5820393320000001,0.008105574000000004
0.000681414581226397,1.5820393320000001,0.008171440000000002
0.000682414581226397,1.5820393320000001,0.008105574000000004
0.0006834145812263969,1.5820393320000001,0.008039708
0.0006844145812263969,1.5820393320000001,0.008171440000000002
0.000685414581226397,1.5820393320000001,0.008434904
0.000686414581226397,1.5820393320000001,0.008303172000000004
0.0006874145812263969,1.5820393320000001,0.008237306
0.0006884145812263969,1.5820393320000001,0.008303172000000004
0.0006894145812263969,1.5820393320000001,0.008237306
0.000690414581226397,1.5820393320000001,0.008105574000000004
0.000691414581226397,1.5820393320000001,0.008039708
0.0006924145812263969,1.5820393320000001,0.007973842000000002
0.0006934145812263969,1.5820393320000001,0.00784211
0.000694414581226397,1.5820393320000001,0.00784211
0.000695414581226397,1.5820393320000001,0.007973842000000002
0.0006964145812263969,1.5820393320000001,0.008105574000000004
0.0006974145812263969,1.5820393320000001,0.008105574000000004
0.0006984145812263969,1.5820393320000001,0.008105574000000004
0.000699414581226397,1.5820393320000001,0.008237306
0.000700414581226397,1.5820393320000001,0.008105574000000004
0.0007014145812263969,1.5820393320000001,0.007973842000000002
0.0007024145812263969,1.5820393320000001,0.007973842000000002
0.000703414581226397,1.5820393320000001,0.008039708
0.000704414581226397,1.5820393320000001,0.008039708
0.0007054145812263969,1.5820393320000001,0.007907976000000004
0.0007064145812263969,1.5820393320000001,0.007973842000000002
0.0007074145812263969,1.5820393320000001,0.008105574000000004
0.000708414581226397,1.5820393320000001,0.007907976000000004
0.000709414581226397,1.5820393320000001,0.007907976000000004
0.0007104145812263969,1.5820393320000001,0.007907976000000004
0.0007114145812263969,1.5820393320000001,0.007907976000000004
0.000712414581226397,1.5820393320000001,0.007973842000000002
0.000713414581226397,1.5820393320000001,0.007907976000000004
0.0007144145812263969,1.5820393320000001,0.007776244000000002
0.0007154145812263969,1.5820393320000001,0.00784211
0.0007164145812263969,1.5820393320000001,0.007973842000000002
0.000717414581226397,1.5820393320000001,0.008171440000000002
0.000718414581226397,1.5820393320000001,0.008171440000000002
0.0007194145812263969,1.5820393320000001,0.007973842000000002
0.0007204145812263969,1.5820393320000001,0.008039708
0.000721414581226397,1.5820393320000001,0.008237306
0.000722414581226397,1.5820393320000001,0.008237306
0.0007234145812263969,1.5820393320000001,0.007973842000000002
0.0007244145812263969,1.5820393320000001,0.007973842000000002
0.0007254145812263969,1.5820393320000001,0.007973842000000002
0.000726414581226397,1.5820393320000001,0.007776244000000002
0.0007274145812263969,1.5820393320000001,0.008039708
0.0007284145812263969,1.5820393320000001,0.008171440000000002
0.0007294145812263969,1.5820393320000001,0.008171440000000002
0.000730414581226397,1.5820393320000001,0.008303172000000004
0.000731414581226397,1.5820393320000001,0.008237306
0.0007324145812263969,1.5820393320000001,0.008171440000000002
0.0007334145812263969,1.5820393320000001,0.008237306
0.000734414581226397,1.5820393320000001,0.008303172000000004
0.000735414581226397,1.5820393320000001,0.008039708
0.0007364145812263969,1.5820393320000001,0.007710378000000004
0.0007374145812263969,1.5820393320000001,0.007776244000000002
0.0007384145812263969,1.5820393320000001,0.008039708
0.000739414581226397,1.5820393320000001,0.008237306
0.000740414581226397,1.5820393320000001,0.008039708
0.0007414145812263969,1.5820393320000001,0.00784211
0.0007424145812263969,1.5820393320000001,0.007776244000000002
0.000743414581226397,1.5820393320000001,0.007644511999999999
0.000744414581226397,1.5820393320000001,0.007710378000000004
0.0007454145812263969,1.5820393320000001,0.007907976000000004
0.0007464145812263969,1.5820393320000001,0.007973842000000002
0.0007474145812263969,1.5820393320000001,0.008105574000000004
0.000748414581226397,1.5820393320000001,0.007973842000000002
0.000749414581226397,1.5820393320000001,0.007907976000000004
0.0007504145812263969,1.5820393320000001,0.007776244000000002
0.0007514145812263969,1.5820393320000001,0.007907976000000004
0.000752414581226397,1.5820393320000001,0.007907976000000004
0.000753414581226397,1.5820393320000001,0.007907976000000004
0.0007544145812263969,1.5820393320000001,0.008039708
0.0007554145812263969,1.5820393320000001,0.007973842000000002
0.0007564145812263969,1.5820393320000001,0.007973842000000002
0.000757414581226397,1.5820393320000001,0.007973842000000002
0.000758414581226397,1.5820393320000001,0.007907976000000004
0.0007594145812263969,1.5820393320000001,0.008039708
0.0007604145812263969,1.5820393320000001,0.007907976000000004
0.000761414581226397,1.5820393320000001,0.007907976000000004
0.000762414581226397,1.5820393320000001,0.00784211
0.0007634145812263969,1.5820393320000001,0.007776244000000002
0.0007644145812263969,1.5820393320000001,0.007776244000000002
0.0007654145812263969,1.5820393320000001,0.007776244000000002
0.000766414581226397,1.5820393320000001,0.007907976000000004
0.000767414581226397,1.5820393320000001,0.008039708
0.0007684145812263969,1.5820393320000001,0.00784211
0.0007694145812263969,1.5820393320000001,0.007710378000000004
0.000770414581226397,1.5820393320000001,0.007710378000000004
0.000771414581226397,1.5820393320000001,0.007578646000000001
0.0007724145812263969,1.5820393320000001,0.007446914000000006
0.0007734145812263969,1.5820393320000001,0.007512780000000004
0.0007744145812263969,1.5820393320000001,0.007710378000000004
0.000775414581226397,1.5820393320000001,0.007512780000000004
0.0007764145812263969,1.5820393320000001,0.007249316000000006
0.0007774145812263969,1.5820393320000001,0.007315182000000003
0.0007784145812263969,1.5820393320000001,0.007446914000000006
0.000779414581226397,1.5820393320000001,0.007644511999999999
0.000780414581226397,1.5820393320000001,0.007644511999999999
0.0007814145812263969,1.5820393320000001,0.007644511999999999
0.0007824145812263969,1.5820393320000001,0.007907976000000004
0.0007834145812263969,1.5820393320000001,0.007907976000000004
0.000784414581226397,1.5820393320000001,0.007710378000000004
0.0007854145812263969,1.5820393320000001,0.007644511999999999
0.0007864145812263969,1.5820393320000001,0.007776244000000002
0.0007874145812263969,1.5820393320000001,0.008039708
0.000788414581226397,1.5820393320000001,0.008171440000000002
0.000789414581226397,1.5820393320000001,0.008039708
0.0007904145812263969,1.5820393320000001,0.007973842000000002
0.0007914145812263969,1.5820393320000001,0.007907976000000004
0.000792414581226397,1.5820393320000001,0.007907976000000004
0.000793414581226397,1.5820393320000001,0.007973842000000002
0.0007944145812263969,1.5820393320000001,0.008039708
0.0007954145812263969,1.5820393320000001,0.007973842000000002
0.0007964145812263969,1.5820393320000001,0.00784211
0.000797414581226397,1.5820393320000001,0.007973842000000002
0.000798414581226397,1.5820393320000001,0.007907976000000004
0.0007994145812263969,1.5820393320000001,0.007907976000000004
0.0008004145812263969,1.5820393320000001,0.007973842000000002
0.000801414581226397,1.5820393320000001,0.007973842000000002
0.000802414581226397,1.5820393320000001,0.007973842000000002
0.0008034145812263969,1.5820393320000001,0.008105574000000004
0.0008044145812263969,1.5820393320000001,0.008237306
0.0008054145812263969,1.5820393320000001,0.007973842000000002
0.000806414581226397,1.5820393320000001,0.008171440000000002
0.000807414581226397,1.5820393320000001,0.008237306
0.0008084145812263969,1.5820393320000001,0.007973842000000002
0.0008094145812263969,1.5820393320000001,0.007973842000000002
0.000810414581226397,1.5820393320000001,0.007907976000000004
0.000811414581226397,1.5820393320000001,0.007907976000000004
0.0008124145812263969,1.5820393320000001,0.007907976000000004
0.0008134145812263969,1.5820393320000001,0.00784211
0.0008144145812263969,1.5820393320000001,0.007907976000000004
0.000815414581226397,1.5820393320000001,0.007907976000000004
0.0008164145812263969,1.5820393320000001,0.007907976000000004
0.0008174145812263969,1.5820393320000001,0.008105574000000004
0.0008184145812263969,1.5820393320000001,0.008105574000000004
0.000819414581226397,1.5820393320000001,0.007973842000000002
0.000820414581226397,1.5820393320000001,0.007907976000000004
0.0008214145812263969,1.5820393320000001,0.008171440000000002
0.0008224145812263969,1.5820393320000001,0.008039708
0.0008234145812263969,1.5820393320000001,0.007907976000000004
0.000824414581226397,1.5820393320000001,0.008171440000000002
0.0008254145812263969,1.5820393320000001,0.008105574000000004
0.0008264145812263969,1.5820393320000001,0.008171440000000002
0.0008274145812263969,1.5820393320000001,0.008039708
0.000828414581226397,1.5820393320000001,0.008237306
0.000829414581226397,1.5820393320000001,0.008237306
0.0008304145812263969,1.5820393320000001,0.00784211
0.0008314145812263969,1.5820393320000001,0.00784211
0.0008324145812263969,1.5820393320000001,0.007776244000000002
0.000833414581226397,1.5820393320000001,0.007710378000000004
0.0008344145812263969,1.5820393320000001,0.007907976000000004
0.0008354145812263969,1.5820393320000001,0.007776244000000002
0.0008364145812263969,1.5820393320000001,0.007710378000000004
0.000837414581226397,1.5820393320000001,0.007710378000000004
0.000838414581226397,1.5820393320000001,0.007644511999999999
0.0008394145812263969,1.5820393320000001,0.007644511999999999
0.0008404145812263969,1.5820393320000001,0.007710378000000004
0.0008414145812263969,1.5820393320000001,0.007710378000000004
0.000842414581226397,1.5820393320000001,0.007907976000000004
0.0008434145812263969,1.5820393320000001,0.007973842000000002
0.0008444145812263969,1.5820393320000001,0.008105574000000004
0.0008454145812263969,1.5820393320000001,0.008171440000000002
0.000846414581226397,1.5820393320000001,0.008171440000000002
0.000847414581226397,1.5820393320000001,0.008303172000000004
0.0008484145812263969,1.5820393320000001,0.008171440000000002
0.0008494145812263969,1.5820393320000001,0.008039708
0.000850414581226397,1.5820393320000001,0.008105574000000004
0.000851414581226397,1.5820393320000001,0.008171440000000002
0.0008524145812263969,1.5820393320000001,0.008105574000000004
0.0008534145812263969,1.5820393320000001,0.007776244000000002
0.0008544145812263969,1.5820393320000001,0.007776244000000002
0.000855414581226397,1.5820393320000001,0.007644511999999999
0.000856414581226397,1.5820393320000001,0.007578646000000001
0.0008574145812263969,1.5820393320000001,0.007578646000000001
0.0008584145812263969,1.5820393320000001,0.007315182000000003
0.000859414581226397,1.5820393320000001,0.007315182000000003
0.000860414581226397,1.5820393320000001,0.007644511999999999
0.0008614145812263969,1.5820393320000001,0.007776244000000002
0.0008624145812263969,1.5820393320000001,0.007644511999999999
0.0008634145812263969,1.5820393320000001,0.007644511999999999
0.000864414581226397,1.5820393320000001,0.00784211
0.0008654145812263969,1.5820393320000001,0.007776244000000002
0.0008664145812263969,1.5820393320000001,0.007644511999999999
0.0008674145812263969,1.5820393320000001,0.007776244000000002
0.000868414581226397,1.5820393320000001,0.00784211
0.000869414581226397,1.5820393320000001,0.007776244000000002
0.0008704145812263969,1.5820393320000001,0.007446914000000006
0.0008714145812263969,1.5820393320000001,0.007381048000000001
0.0008724145812263969,1.5820393320000001,0.007512780000000004
0.000873414581226397,1.5820393320000001,0.007381048000000001
0.0008744145812263969,1.5820393320000001,0.007446914000000006
0.0008754145812263969,1.5820393320000001,0.007578646000000001
0.0008764145812263969,1.5820393320000001,0.007644511999999999
0.000877414581226397,1.5820393320000001,0.007776244000000002
0.000878414581226397,1.5820393320000001,0.007710378000000004
0.0008794145812263969,1.5820393320000001,0.007776244000000002
0.0008804145812263969,1.5820393320000001,0.007710378000000004
0.0008814145812263969,1.5820393320000001,0.007776244000000002
0.000882414581226397,1.5820393320000001,0.007973842000000002
0.0008834145812263969,1.5820393320000001,0.007973842000000002
0.0008844145812263969,1.5820393320000001,0.008171440000000002
0.0008854145812263969,1.5820393320000001,0.008171440000000002
0.000886414581226397,1.5820393320000001,0.007973842000000002
0.000887414581226397,1.5820393320000001,0.008171440000000002
0.0008884145812263969,1.5820393320000001,0.008171440000000002
0.0008894145812263969,1.5820393320000001,0.008105574000000004
0.0008904145812263969,1.5820393320000001,0.007907976000000004
0.000891414581226397,1.5820393320000001,0.00784211
0.0008924145812263969,1.5820393320000001,0.007776244000000002
0.0008934145812263969,1.5820393320000001,0.007446914000000006
0.0008944145812263969,1.5820393320000001,0.007315182000000003
0.000895414581226397,1.5820393320000001,0.007446914000000006
0.000896414581226397,1.5820393320000001,0.007644511999999999
0.0008974145812263969,1.5820393320000001,0.007446914000000006
0.0008984145812263969,1.5820393320000001,0.007578646000000001
0.0008994145812263969,1.5820393320000001,0.007776244000000002
0.000900414581226397,1.5820393320000001,0.007710378000000004
0.0009014145812263969,1.5820393320000001,0.007776244000000002
0.0009024145812263969,1.5820393320000001,0.007776244000000002
0.0009034145812263969,1.5820393320000001,0.007710378000000004
0.000904414581226397,1.5820393320000001,0.007776244000000002
0.000905414581226397,1.5820393320000001,0.007644511999999999
0.0009064145812263969,1.5820393320000001,0.007644511999999999
0.0009074145812263969,1.5820393320000001,0.00784211
0.000908414581226397,1.5820393320000001,0.007907976000000004
0.000909414581226397,1.5820393320000001,0.007776244000000002
0.0009104145812263969,1.5820393320000001,0.007776244000000002
0.0009114145812263969,1.5820393320000001,0.007907976000000004
0.0009124145812263969,1.5820393320000001,0.00784211
0.000913414581226397,1.5820393320000001,0.007710378000000004
0.0009144145812263969,1.5820393320000001,0.007710378000000004
0.0009154145812263969,1.5820393320000001,0.007776244000000002
0.0009164145812263969,1.5820393320000001,0.007776244000000002
0.000917414581226397,1.5820393320000001,0.007776244000000002
0.000918414581226397,1.5820393320000001,0.00784211
0.0009194145812263969,1.5820393320000001,0.007973842000000002
0.0009204145812263969,1.5820393320000001,0.007907976000000004
0.0009214145812263969,1.5820393320000001,0.007710378000000004
0.000922414581226397,1.5820393320000001,0.007644511999999999
0.0009234145812263969,1.5820393320000001,0.007907976000000004
0.0009244145812263969,1.5820393320000001,0.007907976000000004
0.0009254145812263969,1.5820393320000001,0.007710378000000004
0.000926414581226397,1.5820393320000001,0.00784211
0.000927414581226397,1.5820393320000001,0.007710378000000004
0.0009284145812263969,1.5820393320000001,0.007578646000000001
0.0009294145812263969,1.5820393320000001,0.007710378000000004
0.0009304145812263969,1.5820393320000001,0.007446914000000006
0.000931414581226397,1.5820393320000001,0.007381048000000001
0.0009324145812263969,1.5820393320000001,0.007644511999999999
0.0009334145812263969,1.5820393320000001,0.007644511999999999
0.0009344145812263969,1.5820393320000001,0.007644511999999999
0.000935414581226397,1.5820393320000001,0.00784211
0.000936414581226397,1.5820393320000001,0.00784211
0.0009374145812263969,1.5820393320000001,0.007710378000000004
0.0009384145812263969,1.5820393320000001,0.007776244000000002
0.0009394145812263969,1.5820393320000001,0.007710378000000004
0.000940414581226397,1.5820393320000001,0.007644511999999999
0.0009414145812263969,1.5820393320000001,0.007710378000000004
0.0009424145812263969,1.5820393320000001,0.007512780000000004
0.0009434145812263969,1.5820393320000001,0.007512780000000004
0.000944414581226397,1.5820393320000001,0.007644511999999999
0.000945414581226397,1.5820393320000001,0.007512780000000004
0.0009464145812263969,1.5820393320000001,0.007644511999999999
0.0009474145812263969,1.5820393320000001,0.007578646000000001
0.0009484145812263969,1.5820393320000001,0.007644511999999999
0.000949414581226397,1.5820393320000001,0.007907976000000004
0.0009504145812263969,1.5820393320000001,0.00784211
0.0009514145812263969,1.5820393320000001,0.00784211
0.0009524145812263969,1.5820393320000001,0.007644511999999999
0.000953414581226397,1.5820393320000001,0.007644511999999999
0.0009544145812263969,1.5820393320000001,0.007644511999999999
0.0009554145812263969,1.5820393320000001,0.007578646000000001
0.0009564145812263969,1.5820393320000001,0.007446914000000006
0.000957414581226397,1.5820393320000001,0.007183450000000001
0.000958414581226397,1.5820393320000001,0.007315182000000003
0.0009594145812263969,1.5820393320000001,0.007578646000000001
0.0009604145812263969,1.5820393320000001,0.007644511999999999
0.0009614145812263969,1.5820393320000001,0.007644511999999999
0.000962414581226397,1.5820393320000001,0.007776244000000002
0.0009634145812263969,1.5820393320000001,0.00784211
0.0009644145812263969,1.5820393320000001,0.007644511999999999
0.0009654145812263969,1.5820393320000001,0.007644511999999999
0.000966414581226397,1.5820393320000001,0.007776244000000002
0.000967414581226397,1.5820393320000001,0.007710378000000004
0.0009684145812263969,1.5820393320000001,0.007776244000000002
0.0009694145812263969,1.5820393320000001,0.00784211
0.0009704145812263969,1.5820393320000001,0.007710378000000004
0.000971414581226397,1.5820393320000001,0.007644511999999999
0.0009724145812263969,1.5820393320000001,0.007644511999999999
0.0009734145812263969,1.5820393320000001,0.007512780000000004
0.0009744145812263969,1.5820393320000001,0.007578646000000001
0.000975414581226397,1.5820393320000001,0.007512780000000004
0.000976414581226397,1.5820393320000001,0.007381048000000001
0.0009774145812263969,1.5820393320000001,0.007381048000000001
0.000978414581226397,1.5820393320000001,0.007512780000000004
0.000979414581226397,1.5820393320000001,0.007446914000000006
0.0009804145812263969,1.5820393320000001,0.007315182000000003
0.000981414581226397,1.5820393320000001,0.007512780000000004
0.000982414581226397,1.5820393320000001,0.007710378000000004
0.0009834145812263968,1.5820393320000001,0.00784211
0.000984414581226397,1.5820393320000001,0.007710378000000004
0.0009854145812263969,1.5820393320000001,0.007644511999999999
0.000986414581226397,1.5820393320000001,0.007710378000000004
0.000987414581226397,1.5820393320000001,0.007710378000000004
0.0009884145812263968,1.5820393320000001,0.007776244000000002
0.000989414581226397,1.5820393320000001,0.007907976000000004
0.0009904145812263969,1.5820393320000001,0.007907976000000004
0.000991414581226397,1.5820393320000001,0.007776244000000002
0.000992414581226397,1.5820393320000001,0.007907976000000004
0.0009934145812263968,1.5820393320000001,0.008105574000000004
0.000994414581226397,1.5820393320000001,0.007907976000000004
0.000995414581226397,1.5820393320000001,0.007776244000000002
0.000996414581226397,1.5820393320000001,0.007973842000000002
0.000997414581226397,1.5820393320000001,0.007907976000000004
0.0009984145812263969,1.5820393320000001,0.007907976000000004
0.000999414581226397,1.5820393320000001,0.007973842000000002
0.001000414581226397,1.5820393320000001,0.007907976000000004
0.0010014145812263968,1.5820393320000001,0.00784211
0.001002414581226397,1.5820393320000001,0.007776244000000002
