Time (s),Channel 1 Voltage (V),Channel 2 Voltage (V)
-1.360269368603e-06,0.0044082524,0.008500770000000005
-3.60269368603e-07,0.41072985009999996,0.008434904
6.397306313969999e-07,1.1989446927,0.008500770000000005
1.639730631397e-06,1.5820393320000001,0.008566636000000002
2.639730631397e-06,1.5820393320000001,0.008566636000000002
3.6397306313969996e-06,1.5820393320000001,0.008500770000000005
4.639730631397e-06,1.5820393320000001,0.008434904
5.639730631397e-06,1.5820393320000001,0.008303172000000004
6.639730631396999e-06,1.5820393320000001,0.008369038000000002
7.639730631397e-06,1.5820393320000001,0.008500770000000005
8.639730631396999e-06,1.5820393320000001,0.008566636000000002
9.639730631397e-06,1.5820393320000001,0.008566636000000002
1.0639730631397e-05,1.5820393320000001,0.008434904
1.1639730631396999e-05,1.5820393320000001,0.008369038000000002
1.2639730631397e-05,1.5820393320000001,0.008303172000000004
1.3639730631396998e-05,1.5820393320000001,0.008105574000000004
1.4639730631396999e-05,1.5820393320000001,0.007973842000000002
1.5639730631397e-05,1.5820393320000001,0.008039708
1.6639730631397002e-05,1.5820393320000001,0.008237306
1.7639730631397e-05,1.5820393320000001,0.008237306
1.8639730631397e-05,1.5820393320000001,0.007973842000000002
1.9639730631397e-05,1.5820393320000001,0.008105574000000004
2.0639730631397e-05,1.5820393320000001,0.008171440000000002
2.1639730631397e-05,1.5820393320000001,0.008171440000000002
2.2639730631397002e-05,1.5820393320000001,0.008369038000000002
2.3639730631397e-05,1.5820393320000001,0.008369038000000002
2.4639730631397e-05,1.5820393320000001,0.008434904
2.5639730631397e-05,1.5820393320000001,0.008566636000000002
2.6639730631397e-05,1.5820393320000001,0.008632502
2.7639730631397e-05,1.5820393320000001,0.008566636000000002
2.8639730631397e-05,1.5820393320000001,0.008632502
2.9639730631397003e-05,1.5820393320000001,0.008632502
3.0639730631397e-05,1.5820393320000001,0.008500770000000005
3.1639730631397e-05,1.5820393320000001,0.008566636000000002
3.2639730631397e-05,1.5820393320000001,0.008566636000000002
3.3639730631397e-05,1.5820393320000001,0.008566636000000002
3.4639730631397e-05,1.5820393320000001,0.008500770000000005
3.5639730631397e-05,1.5820393320000001,0.008500770000000005
3.6639730631396997e-05,1.5820393320000001,0.008434904
3.7639730631397e-05,1.5820393320000001,0.008434904
3.8639730631397e-05,1.5820393320000001,0.008566636000000002
3.9639730631397e-05,1.5820393320000001,0.008764234000000003
4.0639730631397e-05,1.5820393320000001,0.008895966000000005
4.1639730631396996e-05,1.5820393320000001,0.0088301
4.2639730631397e-05,1.5820393320000001,0.008632502
4.3639730631397e-05,1.5820393320000001,0.008698368000000005
4.4639730631397e-05,1.5820393320000001,0.0088301
4.5639730631397e-05,1.5820393320000001,0.008434904
4.6639730631397e-05,1.5820393320000001,0.008500770000000005
4.7639730631397e-05,1.5820393320000001,0.008764234000000003
4.8639730631397e-05,1.5820393320000001,0.008698368000000005
4.9639730631397e-05,1.5820393320000001,0.008698368000000005
5.0639730631397e-05,1.5820393320000001,0.008632502
5.1639730631397e-05,1.5820393320000001,0.008632502
5.2639730631397e-05,1.5820393320000001,0.008698368000000005
5.3639730631396996e-05,1.5820393320000001,0.008632502
5.4639730631397e-05,1.5820393320000001,0.008566636000000002
5.5639730631397e-05,1.5820393320000001,0.008500770000000005
5.6639730631397e-05,1.5820393320000001,0.008566636000000002
5.7639730631397e-05,1.5820393320000001,0.008698368000000005
5.8639730631396996e-05,1.5820393320000001,0.008698368000000005
5.9639730631397e-05,1.5820393320000001,0.008632502
6.0639730631397004e-05,1.5820393320000001,0.008698368000000005
6.1639730631397e-05,1.5820393320000001,0.008895966000000005
6.2639730631397e-05,1.5820393320000001,0.0088301
6.3639730631397e-05,1.5820393320000001,0.0088301
6.463973063139699e-05,1.5820393320000001,0.009093564000000005
6.5639730631397e-05,1.5820393320000001,0.009027698
6.6639730631397e-05,1.5820393320000001,0.0088301
6.7639730631397e-05,1.5820393320000001,0.008764234000000003
6.8639730631397e-05,1.5820393320000001,0.008895966000000005
6.963973063139699e-05,1.5820393320000001,0.008895966000000005
7.0639730631397e-05,1.5820393320000001,0.008566636000000002
7.1639730631397e-05,1.5820393320000001,0.008632502
7.2639730631397e-05,1.5820393320000001,0.0088301
7.3639730631397e-05,1.5820393320000001,0.0088301
7.463973063139699e-05,1.5820393320000001,0.009027698
7.5639730631397e-05,1.5820393320000001,0.009027698
7.6639730631397e-05,1.5820393320000001,0.009027698
7.7639730631397e-05,1.5820393320000001,0.009027698
7.8639730631397e-05,1.5820393320000001,0.008895966000000005
7.963973063139699e-05,1.5820393320000001,0.008961832000000003
8.0639730631397e-05,1.5820393320000001,0.008961832000000003
8.1639730631397e-05,1.5820393320000001,0.009093564000000005
8.2639730631397e-05,1.5820393320000001,0.009159430000000003
8.3639730631397e-05,1.5820393320000001,0.0088301
8.463973063139699e-05,1.5820393320000001,0.008632502
8.5639730631397e-05,1.5820393320000001,0.008698368000000005
8.6639730631397e-05,1.5820393320000001,0.008698368000000005
8.7639730631397e-05,1.5820393320000001,0.008698368000000005
8.8639730631397e-05,1.5820393320000001,0.008895966000000005
8.963973063139699e-05,1.5820393320000001,0.009159430000000003
9.0639730631397e-05,1.5820393320000001,0.009093564000000005
9.1639730631397e-05,1.5820393320000001,0.009093564000000005
9.2639730631397e-05,1.5820393320000001,0.009159430000000003
9.363973063139699e-05,1.5820393320000001,0.009291162000000006
9.4639730631397e-05,1.5820393320000001,0.009225296000000001
9.5639730631397e-05,1.5820393320000001,0.009159430000000003
9.6639730631397e-05,1.5820393320000001,0.009357028000000003
9.7639730631397e-05,1.5820393320000001,0.009357028000000003
9.863973063139699e-05,1.5820393320000001,0.009225296000000001
9.9639730631397e-05,1.5820393320000001,0.009159430000000003
0.000100639730631397,1.5820393320000001,0.009159430000000003
0.000101639730631397,1.5820393320000001,0.009159430000000003
0.000102639730631397,1.5820393320000001,0.009093564000000005
0.00010363973063139699,1.5820393320000001,0.009159430000000003
0.000104639730631397,1.5820393320000001,0.009291162000000006
0.000105639730631397,1.5820393320000001,0.009357028000000003
0.000106639730631397,1.5820393320000001,0.009488760000000006
0.000107639730631397,1.5820393320000001,0.009291162000000006
0.00010863973063139699,1.5820393320000001,0.008961832000000003
0.000109639730631397,1.5820393320000001,0.009159430000000003
0.000110639730631397,1.5820393320000001,0.009225296000000001
0.000111639730631397,1.5820393320000001,0.009027698
0.000112639730631397,1.5820393320000001,0.009027698
0.00011363973063139699,1.5820393320000001,0.0088301
0.000114639730631397,1.5820393320000001,0.008764234000000003
0.000115639730631397,1.5820393320000001,0.008764234000000003
0.000116639730631397,1.5820393320000001,0.008698368000000005
0.000117639730631397,1.5820393320000001,0.0088301
0.00011863973063139699,1.5820393320000001,0.008895966000000005
0.000119639730631397,1.5820393320000001,0.009027698
0.000120639730631397,1.5820393320000001,0.009093564000000005
0.00012163973063139698,1.5820393320000001,0.009225296000000001
0.000122639730631397,1.5820393320000001,0.009225296000000001
0.000123639730631397,1.5820393320000001,0.008895966000000005
0.000124639730631397,1.5820393320000001,0.008764234000000003
0.000125639730631397,1.5820393320000001,0.008698368000000005
0.000126639730631397,1.5820393320000001,0.008698368000000005
0.000127639730631397,1.5820393320000001,0.008698368000000005
0.000128639730631397,1.5820393320000001,0.008764234000000003
0.000129639730631397,1.5820393320000001,0.008895966000000005
0.00013063973063139698,1.5820393320000001,0.008895966000000005
0.000131639730631397,1.5820393320000001,0.009093564000000005
0.000132639730631397,1.5820393320000001,0.009159430000000003
0.000133639730631397,1.5820393320000001,0.008961832000000003
0.000134639730631397,1.5820393320000001,0.009027698
0.000135639730631397,1.5820393320000001,0.009093564000000005
0.000136639730631397,1.5820393320000001,0.009027698
0.000137639730631397,1.5820393320000001,0.008895966000000005
0.000138639730631397,1.5820393320000001,0.009027698
0.00013963973063139699,1.5820393320000001,0.009093564000000005
0.00014063973063139698,1.5820393320000001,0.008895966000000005
0.000141639730631397,1.5820393320000001,0.0088301
0.000142639730631397,1.5820393320000001,0.009027698
0.000143639730631397,1.5820393320000001,0.009291162000000006
0.000144639730631397,1.5820393320000001,0.009225296000000001
0.000145639730631397,1.5820393320000001,0.009093564000000005
0.000146639730631397,1.5820393320000001,0.009093564000000005
0.000147639730631397,1.5820393320000001,0.009027698
0.000148639730631397,1.5820393320000001,0.008895966000000005
0.00014963973063139699,1.5820393320000001,0.008961832000000003
0.00015063973063139698,1.5820393320000001,0.009027698
0.000151639730631397,1.5820393320000001,0.0088301
0.000152639730631397,1.5820393320000001,0.008698368000000005
0.000153639730631397,1.5820393320000001,0.008566636000000002
0.000154639730631397,1.5820393320000001,0.008566636000000002
0.000155639730631397,1.5820393320000001,0.008764234000000003
0.000156639730631397,1.5820393320000001,0.008895966000000005
0.000157639730631397,1.5820393320000001,0.0088301
0.000158639730631397,1.5820393320000001,0.008698368000000005
0.00015963973063139698,1.5820393320000001,0.008566636000000002
0.00016063973063139698,1.5820393320000001,0.008500770000000005
0.000161639730631397,1.5820393320000001,0.008764234000000003
0.000162639730631397,1.5820393320000001,0.0088301
0.000163639730631397,1.5820393320000001,0.008632502
0.000164639730631397,1.5820393320000001,0.008764234000000003
0.000165639730631397,1.5820393320000001,0.008895966000000005
0.000166639730631397,1.5820393320000001,0.009027698
0.000167639730631397,1.5820393320000001,0.009159430000000003
0.00016863973063139699,1.5820393320000001,0.009093564000000005
0.00016963973063139698,1.5820393320000001,0.009027698
0.00017063973063139698,1.5820393320000001,0.008895966000000005
0.000171639730631397,1.5820393320000001,0.008961832000000003
0.000172639730631397,1.5820393320000001,0.008961832000000003
0.000173639730631397,1.5820393320000001,0.008895966000000005
0.000174639730631397,1.5820393320000001,0.008961832000000003
0.000175639730631397,1.5820393320000001,0.008698368000000005
0.000176639730631397,1.5820393320000001,0.0088301
0.000177639730631397,1.5820393320000001,0.0088301
0.00017863973063139699,1.5820393320000001,0.0088301
0.00017963973063139698,1.5820393320000001,0.009093564000000005
0.00018063973063139698,1.5820393320000001,0.008961832000000003
0.000181639730631397,1.5820393320000001,0.008895966000000005
0.000182639730631397,1.5820393320000001,0.008895966000000005
0.000183639730631397,1.5820393320000001,0.008764234000000003
0.000184639730631397,1.5820393320000001,0.008764234000000003
0.000185639730631397,1.5820393320000001,0.008895966000000005
0.000186639730631397,1.5820393320000001,0.008895966000000005
0.000187639730631397,1.5820393320000001,0.0088301
0.00018863973063139698,1.5820393320000001,0.0088301
0.00018963973063139698,1.5820393320000001,0.0088301
0.000190639730631397,1.5820393320000001,0.0088301
0.000191639730631397,1.5820393320000001,0.009093564000000005
0.000192639730631397,1.5820393320000001,0.009159430000000003
0.000193639730631397,1.5820393320000001,0.008698368000000005
0.000194639730631397,1.5820393320000001,0.008566636000000002
0.000195639730631397,1.5820393320000001,0.008764234000000003
0.000196639730631397,1.5820393320000001,0.008895966000000005
0.000197639730631397,1.5820393320000001,0.008895966000000005
0.00019863973063139698,1.5820393320000001,0.008895966000000005
0.00019963973063139698,1.5820393320000001,0.008895966000000005
0.000200639730631397,1.5820393320000001,0.008895966000000005
0.000201639730631397,1.5820393320000001,0.009027698
0.000202639730631397,1.5820393320000001,0.008961832000000003
0.000203639730631397,1.5820393320000001,0.0088301
0.000204639730631397,1.5820393320000001,0.008895966000000005
0.000205639730631397,1.5820393320000001,0.0088301
0.000206639730631397,1.5820393320000001,0.008566636000000002
0.00020763973063139699,1.5820393320000001,0.008369038000000002
0.00020863973063139698,1.5820393320000001,0.008303172000000004
0.00020963973063139698,1.5820393320000001,0.008500770000000005
0.000210639730631397,1.5820393320000001,0.008566636000000002
0.000211639730631397,1.5820393320000001,0.008434904
0.000212639730631397,1.5820393320000001,0.008500770000000005
0.000213639730631397,1.5820393320000001,0.008500770000000005
0.000214639730631397,1.5820393320000001,0.008500770000000005
0.000215639730631397,1.5820393320000001,0.008500770000000005
0.000216639730631397,1.5820393320000001,0.008698368000000005
0.00021763973063139698,1.5820393320000001,0.008698368000000005
0.00021863973063139698,1.5820393320000001,0.008632502
0.00021963973063139698,1.5820393320000001,0.008632502
0.000220639730631397,1.5820393320000001,0.008566636000000002
0.000221639730631397,1.5820393320000001,0.008566636000000002
0.000222639730631397,1.5820393320000001,0.008566636000000002
0.000223639730631397,1.5820393320000001,0.008566636000000002
0.000224639730631397,1.5820393320000001,0.008566636000000002
0.000225639730631397,1.5820393320000001,0.008500770000000005
0.000226639730631397,1.5820393320000001,0.008500770000000005
0.00022763973063139698,1.5820393320000001,0.008369038000000002
0.00022863973063139698,1.5820393320000001,0.008434904
0.00022963973063139698,1.5820393320000001,0.008632502
0.000230639730631397,1.5820393320000001,0.008764234000000003
0.000231639730631397,1.5820393320000001,0.008764234000000003
0.000232639730631397,1.5820393320000001,0.008764234000000003
0.000233639730631397,1.5820393320000001,0.008764234000000003
0.000234639730631397,1.5820393320000001,0.008566636000000002
0.000235639730631397,1.5820393320000001,0.008434904
0.00023663973063139699,1.5820393320000001,0.008632502
0.00023763973063139698,1.5820393320000001,0.008698368000000005
0.00023863973063139698,1.5820393320000001,0.008434904
0.00023963973063139698,1.5820393320000001,0.008434904
0.000240639730631397,1.5820393320000001,0.008500770000000005
0.000241639730631397,1.5820393320000001,0.008500770000000005
0.000242639730631397,1.5820393320000001,0.008369038000000002
0.000243639730631397,1.5820393320000001,0.008303172000000004
0.00024463973063139696,1.5820393320000001,0.008369038000000002
0.000245639730631397,1.5820393320000001,0.008237306
0.000246639730631397,1.5820393320000001,0.008171440000000002
0.000247639730631397,1.5820393320000001,0.008039708
0.000248639730631397,1.5820393320000001,0.007907976000000004
0.000249639730631397,1.5820393320000001,0.007973842000000002
0.000250639730631397,1.5820393320000001,0.008039708
0.00025163973063139697,1.5820393320000001,0.008171440000000002
0.000252639730631397,1.5820393320000001,0.008237306
0.00025363973063139697,1.5820393320000001,0.008303172000000004
0.000254639730631397,1.5820393320000001,0.008171440000000002
0.000255639730631397,1.5820393320000001,0.007973842000000002
0.000256639730631397,1.5820393320000001,0.008039708
0.000257639730631397,1.5820393320000001,0.008237306
0.000258639730631397,1.5820393320000001,0.008303172000000004
0.000259639730631397,1.5820393320000001,0.008171440000000002
0.000260639730631397,1.5820393320000001,0.008171440000000002
0.000261639730631397,1.5820393320000001,0.008303172000000004
0.00026263973063139697,1.5820393320000001,0.008303172000000004
0.000263639730631397,1.5820393320000001,0.008237306
0.000264639730631397,1.5820393320000001,0.007973842000000002
0.000265639730631397,1.5820393320000001,0.007907976000000004
0.000266639730631397,1.5820393320000001,0.007973842000000002
0.000267639730631397,1.5820393320000001,0.00784211
0.000268639730631397,1.5820393320000001,0.007973842000000002
0.000269639730631397,1.5820393320000001,0.007973842000000002
0.000270639730631397,1.5820393320000001,0.007776244000000002
0.00027163973063139697,1.5820393320000001,0.007907976000000004
0.000272639730631397,1.5820393320000001,0.007776244000000002
0.00027363973063139696,1.5820393320000001,0.00784211
0.000274639730631397,1.5820393320000001,0.008039708
0.000275639730631397,1.5820393320000001,0.007776244000000002
0.000276639730631397,1.5820393320000001,0.007578646000000001
0.000277639730631397,1.5820393320000001,0.007644511999999999
0.000278639730631397,1.5820393320000001,0.007776244000000002
0.000279639730631397,1.5820393320000001,0.007776244000000002
0.00028063973063139697,1.5820393320000001,0.007710378000000004
0.000281639730631397,1.5820393320000001,0.00784211
0.00028263973063139697,1.5820393320000001,0.007973842000000002
0.000283639730631397,1.5820393320000001,0.007973842000000002
0.000284639730631397,1.5820393320000001,0.007907976000000004
0.000285639730631397,1.5820393320000001,0.00784211
0.000286639730631397,1.5820393320000001,0.008039708
0.000287639730631397,1.5820393320000001,0.008303172000000004
0.000288639730631397,1.5820393320000001,0.008171440000000002
0.000289639730631397,1.5820393320000001,0.007907976000000004
0.000290639730631397,1.5820393320000001,0.008039708
0.00029163973063139697,1.5820393320000001,0.008303172000000004
0.000292639730631397,1.5820393320000001,0.008171440000000002
0.00029363973063139696,1.5820393320000001,0.008237306
0.000294639730631397,1.5820393320000001,0.008171440000000002
0.000295639730631397,1.5820393320000001,0.00784211
0.000296639730631397,1.5820393320000001,0.007907976000000004
0.000297639730631397,1.5820393320000001,0.007907976000000004
0.000298639730631397,1.5820393320000001,0.007973842000000002
0.000299639730631397,1.5820393320000001,0.008105574000000004
0.00030063973063139697,1.5820393320000001,0.007907976000000004
0.000301639730631397,1.5820393320000001,0.00784211
0.00030263973063139696,1.5820393320000001,0.00784211
0.000303639730631397,1.5820393320000001,0.007776244000000002
0.000304639730631397,1.5820393320000001,0.007776244000000002
0.000305639730631397,1.5820393320000001,0.007776244000000002
0.000306639730631397,1.5820393320000001,0.007907976000000004
0.000307639730631397,1.5820393320000001,0.007973842000000002
0.000308639730631397,1.5820393320000001,0.008105574000000004
0.00030963973063139697,1.5820393320000001,0.007973842000000002
0.000310639730631397,1.5820393320000001,0.007907976000000004
0.00031163973063139697,1.5820393320000001,0.008171440000000002
0.000312639730631397,1.5820393320000001,0.007973842000000002
0.00031363973063139696,1.5820393320000001,0.007644511999999999
0.000314639730631397,1.5820393320000001,0.00784211
0.000315639730631397,1.5820393320000001,0.008039708
0.000316639730631397,1.5820393320000001,0.008171440000000002
0.000317639730631397,1.5820393320000001,0.007973842000000002
0.000318639730631397,1.5820393320000001,0.00784211
0.000319639730631397,1.5820393320000001,0.00784211
0.00032063973063139697,1.5820393320000001,0.007710378000000004
0.000321639730631397,1.5820393320000001,0.007776244000000002
0.00032263973063139696,1.5820393320000001,0.007776244000000002
0.000323639730631397,1.5820393320000001,0.008039708
0.000324639730631397,1.5820393320000001,0.008039708
0.000325639730631397,1.5820393320000001,0.007907976000000004
0.000326639730631397,1.5820393320000001,0.008039708
0.000327639730631397,1.5820393320000001,0.007973842000000002
0.000328639730631397,1.5820393320000001,0.007973842000000002
0.00032963973063139697,1.5820393320000001,0.007973842000000002
0.000330639730631397,1.5820393320000001,0.008105574000000004
0.00033163973063139696,1.5820393320000001,0.008105574000000004
0.000332639730631397,1.5820393320000001,0.007973842000000002
0.000333639730631397,1.5820393320000001,0.008039708
0.000334639730631397,1.5820393320000001,0.007973842000000002
0.000335639730631397,1.5820393320000001,0.007907976000000004
0.000336639730631397,1.5820393320000001,0.008039708
0.000337639730631397,1.5820393320000001,0.007973842000000002
0.00033863973063139697,1.5820393320000001,0.007710378000000004
0.000339639730631397,1.5820393320000001,0.007644511999999999
0.00034063973063139697,1.5820393320000001,0.007644511999999999
0.000341639730631397,1.5820393320000001,0.007710378000000004
0.00034263973063139696,1.5820393320000001,0.007776244000000002
0.000343639730631397,1.5820393320000001,0.00784211
0.000344639730631397,1.5820393320000001,0.007776244000000002
0.000345639730631397,1.5820393320000001,0.007710378000000004
0.000346639730631397,1.5820393320000001,0.007710378000000004
0.000347639730631397,1.5820393320000001,0.007776244000000002
0.000348639730631397,1.5820393320000001,0.007776244000000002
0.00034963973063139697,1.5820393320000001,0.007776244000000002
0.000350639730631397,1.5820393320000001,0.007776244000000002
0.00035163973063139696,1.5820393320000001,0.007907976000000004
0.000352639730631397,1.5820393320000001,0.007644511999999999
0.000353639730631397,1.5820393320000001,0.007644511999999999
0.000354639730631397,1.5820393320000001,0.00784211
0.000355639730631397,1.5820393320000001,0.007776244000000002
0.000356639730631397,1.5820393320000001,0.007907976000000004
0.000357639730631397,1.5820393320000001,0.007776244000000002
0.00035863973063139697,1.5820393320000001,0.007776244000000002
0.000359639730631397,1.5820393320000001,0.00784211
0.00036063973063139696,1.5820393320000001,0.007644511999999999
0.000361639730631397,1.5820393320000001,0.007644511999999999
0.00036263973063139696,1.5820393320000001,0.007644511999999999
0.000363639730631397,1.5820393320000001,0.007776244000000002
0.000364639730631397,1.5820393320000001,0.007644511999999999
0.000365639730631397,1.5820393320000001,0.007578646000000001
0.000366639730631397,1.5820393320000001,0.00784211
0.00036763973063139697,1.5820393320000001,0.007776244000000002
0.000368639730631397,1.5820393320000001,0.007776244000000002
0.00036963973063139697,1.5820393320000001,0.00784211
0.000370639730631397,1.5820393320000001,0.007776244000000002
0.00037163973063139696,1.5820393320000001,0.007776244000000002
0.000372639730631397,1.5820393320000001,0.00784211
0.000373639730631397,1.5820393320000001,0.007907976000000004
0.000374639730631397,1.5820393320000001,0.007907976000000004
0.000375639730631397,1.5820393320000001,0.007907976000000004
0.000376639730631397,1.5820393320000001,0.007973842000000002
0.000377639730631397,1.5820393320000001,0.007907976000000004
0.00037863973063139697,1.5820393320000001,0.007907976000000004
0.000379639730631397,1.5820393320000001,0.007907976000000004
0.00038063973063139696,1.5820393320000001,0.007776244000000002
0.000381639730631397,1.5820393320000001,0.007776244000000002
0.000382639730631397,1.5820393320000001,0.007776244000000002
0.000383639730631397,1.5820393320000001,0.00784211
0.000384639730631397,1.5820393320000001,0.00784211
0.000385639730631397,1.5820393320000001,0.007710378000000004
0.000386639730631397,1.5820393320000001,0.00784211
0.00038763973063139697,1.5820393320000001,0.007973842000000002
0.000388639730631397,1.5820393320000001,0.007973842000000002
0.00038963973063139696,1.5820393320000001,0.007973842000000002
0.000390639730631397,1.5820393320000001,0.008105574000000004
0.00039163973063139696,1.5820393320000001,0.008039708
0.000392639730631397,1.5820393320000001,0.007907976000000004
0.000393639730631397,1.5820393320000001,0.008039708
0.000394639730631397,1.5820393320000001,0.007973842000000002
0.000395639730631397,1.5820393320000001,0.008105574000000004
0.00039663973063139697,1.5820393320000001,0.008171440000000002
0.000397639730631397,1.5820393320000001,0.008171440000000002
0.00039863973063139697,1.5820393320000001,0.008237306
0.000399639730631397,1.5820393320000001,0.007973842000000002
0.00040063973063139696,1.5820393320000001,0.008039708
0.000401639730631397,1.5820393320000001,0.008039708
0.000402639730631397,1.5820393320000001,0.007907976000000004
0.000403639730631397,1.5820393320000001,0.008105574000000004
0.000404639730631397,1.5820393320000001,0.008039708
0.000405639730631397,1.5820393320000001,0.008105574000000004
0.000406639730631397,1.5820393320000001,0.008105574000000004
0.00040763973063139697,1.5820393320000001,0.007710378000000004
0.000408639730631397,1.5820393320000001,0.007907976000000004
0.00040963973063139696,1.5820393320000001,0.008171440000000002
0.000410639730631397,1.5820393320000001,0.008105574000000004
0.00041163973063139696,1.5820393320000001,0.007973842000000002
0.000412639730631397,1.5820393320000001,0.007776244000000002
0.000413639730631397,1.5820393320000001,0.007907976000000004
0.000414639730631397,1.5820393320000001,0.007907976000000004
0.000415639730631397,1.5820393320000001,0.00784211
0.00041663973063139697,1.5820393320000001,0.00784211
0.000417639730631397,1.5820393320000001,0.007776244000000002
0.00041863973063139696,1.5820393320000001,0.007907976000000004
0.000419639730631397,1.5820393320000001,0.007973842000000002
0.00042063973063139696,1.5820393320000001,0.008039708
0.000421639730631397,1.5820393320000001,0.007973842000000002
0.000422639730631397,1.5820393320000001,0.007907976000000004
0.000423639730631397,1.5820393320000001,0.007973842000000002
0.000424639730631397,1.5820393320000001,0.007973842000000002
0.00042563973063139697,1.5820393320000001,0.007973842000000002
0.000426639730631397,1.5820393320000001,0.00784211
0.00042763973063139697,1.5820393320000001,0.007776244000000002
0.000428639730631397,1.5820393320000001,0.007973842000000002
0.00042963973063139696,1.5820393320000001,0.008039708
0.000430639730631397,1.5820393320000001,0.008237306
0.00043163973063139696,1.5820393320000001,0.008237306
0.000432639730631397,1.5820393320000001,0.00784211
0.000433639730631397,1.5820393320000001,0.00784211
0.000434639730631397,1.5820393320000001,0.008039708
0.000435639730631397,1.5820393320000001,0.008105574000000004
0.00043663973063139697,1.5820393320000001,0.008039708
0.000437639730631397,1.5820393320000001,0.007907976000000004
0.00043863973063139696,1.5820393320000001,0.008039708
0.000439639730631397,1.5820393320000001,0.008039708
0.00044063973063139696,1.5820393320000001,0.007776244000000002
0.000441639730631397,1.5820393320000001,0.007907976000000004
0.000442639730631397,1.5820393320000001,0.008171440000000002
0.000443639730631397,1.5820393320000001,0.008434904
0.000444639730631397,1.5820393320000001,0.008237306
0.00044563973063139697,1.5820393320000001,0.007973842000000002
0.000446639730631397,1.5820393320000001,0.008105574000000004
0.00044763973063139696,1.5820393320000001,0.008237306
0.000448639730631397,1.5820393320000001,0.008039708
0.00044963973063139696,1.5820393320000001,0.00784211
0.000450639730631397,1.5820393320000001,0.007973842000000002
0.000451639730631397,1.5820393320000001,0.007907976000000004
0.000452639730631397,1.5820393320000001,0.007710378000000004
0.000453639730631397,1.5820393320000001,0.007776244000000002
0.00045463973063139697,1.5820393320000001,0.00784211
0.000455639730631397,1.5820393320000001,0.007776244000000002
0.00045663973063139697,1.5820393320000001,0.007710378000000004
0.000457639730631397,1.5820393320000001,0.00784211
0.00045863973063139696,1.5820393320000001,0.008039708
0.000459639730631397,1.5820393320000001,0.007973842000000002
0.00046063973063139696,1.5820393320000001,0.007973842000000002
0.000461639730631397,1.5820393320000001,0.007973842000000002
0.000462639730631397,1.5820393320000001,0.007907976000000004
0.000463639730631397,1.5820393320000001,0.007907976000000004
0.000464639730631397,1.5820393320000001,0.007907976000000004
0.00046563973063139697,1.5820393320000001,0.008105574000000004
0.000466639730631397,1.5820393320000001,0.008105574000000004
0.00046763973063139696,1.5820393320000001,0.008039708
0.000468639730631397,1.5820393320000001,0.007973842000000002
0.00046963973063139696,1.5820393320000001,0.007907976000000004
0.000470639730631397,1.5820393320000001,0.007973842000000002
0.000471639730631397,1.5820393320000001,0.007907976000000004
0.000472639730631397,1.5820393320000001,0.007776244000000002
0.000473639730631397,1.5820393320000001,0.007907976000000004
0.00047463973063139697,1.5820393320000001,0.007973842000000002
0.000475639730631397,1.5820393320000001,0.00784211
0.00047663973063139696,1.5820393320000001,0.007907976000000004
0.000477639730631397,1.5820393320000001,0.007973842000000002
0.00047863973063139696,1.5820393320000001,0.007973842000000002
0.000479639730631397,1.5820393320000001,0.007776244000000002
0.00048063973063139695,1.5820393320000001,0.007644511999999999
0.000481639730631397,1.5820393320000001,0.00784211
0.000482639730631397,1.5820393320000001,0.007710378000000004
0.00048363973063139697,1.5820393320000001,0.007710378000000004
0.000484639730631397,1.5820393320000001,0.007776244000000002
0.00048563973063139697,1.5820393320000001,0.007710378000000004
0.000486639730631397,1.5820393320000001,0.007644511999999999
0.00048763973063139696,1.5820393320000001,0.007710378000000004
0.000488639730631397,1.5820393320000001,0.00784211
0.000489639730631397,1.5820393320000001,0.00784211
0.0004906397306313969,1.5820393320000001,0.008039708
0.000491639730631397,1.5820393320000001,0.008039708
0.000492639730631397,1.5820393320000001,0.007907976000000004
0.000493639730631397,1.5820393320000001,0.008105574000000004
0.000494639730631397,1.5820393320000001,0.008171440000000002
0.0004956397306313969,1.5820393320000001,0.008105574000000004
0.000496639730631397,1.5820393320000001,0.007907976000000004
0.000497639730631397,1.5820393320000001,0.008105574000000004
0.000498639730631397,1.5820393320000001,0.008434904
0.0004996397306313969,1.5820393320000001,0.008237306
0.000500639730631397,1.5820393320000001,0.00784211
0.000501639730631397,1.5820393320000001,0.007776244000000002
0.000502639730631397,1.5820393320000001,0.007907976000000004
0.000503639730631397,1.5820393320000001,0.00784211
0.0005046397306313969,1.5820393320000001,0.007710378000000004
0.000505639730631397,1.5820393320000001,0.007776244000000002
0.000506639730631397,1.5820393320000001,0.00784211
0.000507639730631397,1.5820393320000001,0.007907976000000004
0.0005086397306313969,1.5820393320000001,0.00784211
0.000509639730631397,1.5820393320000001,0.007644511999999999
0.000510639730631397,1.5820393320000001,0.007710378000000004
0.000511639730631397,1.5820393320000001,0.007907976000000004
0.000512639730631397,1.5820393320000001,0.007907976000000004
0.0005136397306313969,1.5820393320000001,0.007907976000000004
0.000514639730631397,1.5820393320000001,0.007973842000000002
0.000515639730631397,1.5820393320000001,0.007973842000000002
0.000516639730631397,1.5820393320000001,0.007776244000000002
0.0005176397306313969,1.5820393320000001,0.007644511999999999
0.000518639730631397,1.5820393320000001,0.00784211
0.000519639730631397,1.5820393320000001,0.007907976000000004
0.000520639730631397,1.5820393320000001,0.008105574000000004
0.000521639730631397,1.5820393320000001,0.008237306
0.0005226397306313969,1.5820393320000001,0.008303172000000004
0.000523639730631397,1.5820393320000001,0.008105574000000004
0.000524639730631397,1.5820393320000001,0.00784211
0.000525639730631397,1.5820393320000001,0.007644511999999999
0.0005266397306313969,1.5820393320000001,0.007710378000000004
0.000527639730631397,1.5820393320000001,0.007973842000000002
0.000528639730631397,1.5820393320000001,0.008105574000000004
0.000529639730631397,1.5820393320000001,0.007907976000000004
0.000530639730631397,1.5820393320000001,0.007907976000000004
0.000531639730631397,1.5820393320000001,0.007907976000000004
0.000532639730631397,1.5820393320000001,0.00784211
0.000533639730631397,1.5820393320000001,0.007776244000000002
0.000534639730631397,1.5820393320000001,0.007776244000000002
0.0005356397306313969,1.5820393320000001,0.007907976000000004
0.000536639730631397,1.5820393320000001,0.00784211
0.000537639730631397,1.5820393320000001,0.007776244000000002
0.000538639730631397,1.5820393320000001,0.007973842000000002
0.0005396397306313969,1.5820393320000001,0.008039708
0.000540639730631397,1.5820393320000001,0.007776244000000002
0.000541639730631397,1.5820393320000001,0.007644511999999999
0.000542639730631397,1.5820393320000001,0.00784211
0.000543639730631397,1.5820393320000001,0.00784211
0.0005446397306313969,1.5820393320000001,0.007644511999999999
0.000545639730631397,1.5820393320000001,0.007710378000000004
0.000546639730631397,1.5820393320000001,0.007973842000000002
0.000547639730631397,1.5820393320000001,0.008237306
0.0005486397306313969,1.5820393320000001,0.007973842000000002
0.000549639730631397,1.5820393320000001,0.007710378000000004
0.000550639730631397,1.5820393320000001,0.007973842000000002
0.000551639730631397,1.5820393320000001,0.008039708
0.000552639730631397,1.5820393320000001,0.007973842000000002
0.0005536397306313969,1.5820393320000001,0.008105574000000004
0.000554639730631397,1.5820393320000001,0.008105574000000004
0.000555639730631397,1.5820393320000001,0.008105574000000004
0.000556639730631397,1.5820393320000001,0.008039708
0.0005576397306313969,1.5820393320000001,0.008039708
0.000558639730631397,1.5820393320000001,0.008237306
0.000559639730631397,1.5820393320000001,0.008105574000000004
0.000560639730631397,1.5820393320000001,0.008039708
0.000561639730631397,1.5820393320000001,0.008105574000000004
0.0005626397306313969,1.5820393320000001,0.008237306
0.000563639730631397,1.5820393320000001,0.008303172000000004
0.000564639730631397,1.5820393320000001,0.008171440000000002
0.000565639730631397,1.5820393320000001,0.008105574000000004
0.0005666397306313969,1.5820393320000001,0.008171440000000002
0.000567639730631397,1.5820393320000001,0.008237306
0.000568639730631397,1.5820393320000001,0.008039708
0.000569639730631397,1.5820393320000001,0.007776244000000002
0.000570639730631397,1.5820393320000001,0.008039708
0.0005716397306313969,1.5820393320000001,0.008434904
0.000572639730631397,1.5820393320000001,0.008369038000000002
0.000573639730631397,1.5820393320000001,0.008237306
0.000574639730631397,1.5820393320000001,0.008303172000000004
0.0005756397306313969,1.5820393320000001,0.008369038000000002
0.000576639730631397,1.5820393320000001,0.008434904
0.000577639730631397,1.5820393320000001,0.008303172000000004
0.000578639730631397,1.5820393320000001,0.008171440000000002
0.000579639730631397,1.5820393320000001,0.008105574000000004
0.0005806397306313969,1.5820393320000001,0.008369038000000002
0.000581639730631397,1.5820393320000001,0.008303172000000004
0.000582639730631397,1.5820393320000001,0.008369038000000002
0.000583639730631397,1.5820393320000001,0.0088301
0.0005846397306313969,1.5820393320000001,0.008698368000000005
0.000585639730631397,1.5820393320000001,0.008632502
0.000586639730631397,1.5820393320000001,0.008500770000000005
0.000587639730631397,1.5820393320000001,0.008303172000000004
0.0005886397306313969,1.5820393320000001,0.008698368000000005
0.000589639730631397,1.5820393320000001,0.0088301
0.000590639730631397,1.5820393320000001,0.008434904
0.000591639730631397,1.5820393320000001,0.008632502
0.000592639730631397,1.5820393320000001,0.0088301
0.0005936397306313969,1.5820393320000001,0.008698368000000005
0.000594639730631397,1.5820393320000001,0.008434904
0.000595639730631397,1.5820393320000001,0.008500770000000005
0.000596639730631397,1.5820393320000001,0.008500770000000005
0.0005976397306313969,1.5820393320000001,0.008434904
0.000598639730631397,1.5820393320000001,0.008698368000000005
0.000599639730631397,1.5820393320000001,0.0088301
0.000600639730631397,1.5820393320000001,0.008698368000000005
0.000601639730631397,1.5820393320000001,0.008764234000000003
0.0006026397306313969,1.5820393320000001,0.008895966000000005
0.000603639730631397,1.5820393320000001,0.0088301
0.000604639730631397,1.5820393320000001,0.0088301
0.000605639730631397,1.5820393320000001,0.008632502
0.0006066397306313969,1.5820393320000001,0.008434904
0.000607639730631397,1.5820393320000001,0.008500770000000005
0.000608639730631397,1.5820393320000001,0.008500770000000005
0.000609639730631397,1.5820393320000001,0.008566636000000002
0.000610639730631397,1.5820393320000001,0.008632502
0.0006116397306313969,1.5820393320000001,0.008632502
0.000612639730631397,1.5820393320000001,0.008764234000000003
0.000613639730631397,1.5820393320000001,0.008895966000000005
0.000614639730631397,1.5820393320000001,0.008895966000000005
0.0006156397306313969,1.5820393320000001,0.0088301
0.000616639730631397,1.5820393320000001,0.008764234000000003
0.000617639730631397,1.5820393320000001,0.008764234000000003
0.000618639730631397,1.5820393320000001,0.008632502
0.000619639730631397,1.5820393320000001,0.008632502
0.0006206397306313969,1.5820393320000001,0.008632502
0.000621639730631397,1.5820393320000001,0.008434904
0.000622639730631397,1.5820393320000001,0.008698368000000005
0.000623639730631397,1.5820393320000001,0.008895966000000005
0.0006246397306313969,1.5820393320000001,0.008764234000000003
0.000625639730631397,1.5820393320000001,0.008698368000000005
0.000626639730631397,1.5820393320000001,0.008632502
0.000627639730631397,1.5820393320000001,0.008764234000000003
0.0006286397306313969,1.5820393320000001,0.008698368000000005
0.0006296397306313969,1.5820393320000001,0.008566636000000002
0.000630639730631397,1.5820393320000001,0.008500770000000005
0.000631639730631397,1.5820393320000001,0.008698368000000005
0.000632639730631397,1.5820393320000001,0.008895966000000005
0.0006336397306313969,1.5820393320000001,0.008566636000000002
0.000634639730631397,1.5820393320000001,0.008500770000000005
0.000635639730631397,1.5820393320000001,0.008764234000000003
0.000636639730631397,1.5820393320000001,0.008895966000000005
0.0006376397306313969,1.5820393320000001,0.008632502
0.0006386397306313969,1.5820393320000001,0.008237306
0.000639639730631397,1.5820393320000001,0.008237306
0.000640639730631397,1.5820393320000001,0.008237306
0.000641639730631397,1.5820393320000001,0.008237306
0.0006426397306313969,1.5820393320000001,0.008303172000000004
0.000643639730631397,1.5820393320000001,0.008303172000000004
0.000644639730631397,1.5820393320000001,0.008566636000000002
0.000645639730631397,1.5820393320000001,0.008566636000000002
0.0006466397306313969,1.5820393320000001,0.008434904
0.000647639730631397,1.5820393320000001,0.008764234000000003
0.000648639730631397,1.5820393320000001,0.008764234000000003
0.000649639730631397,1.5820393320000001,0.008632502
0.000650639730631397,1.5820393320000001,0.008632502
0.0006516397306313969,1.5820393320000001,0.008764234000000003
0.000652639730631397,1.5820393320000001,0.0088301
0.000653639730631397,1.5820393320000001,0.008632502
0.000654639730631397,1.5820393320000001,0.008632502
0.0006556397306313969,1.5820393320000001,0.008632502
0.000656639730631397,1.5820393320000001,0.008764234000000003
0.000657639730631397,1.5820393320000001,0.008764234000000003
0.000658639730631397,1.5820393320000001,0.008303172000000004
0.000659639730631397,1.5820393320000001,0.008303172000000004
0.0006606397306313969,1.5820393320000001,0.008566636000000002
0.000661639730631397,1.5820393320000001,0.008566636000000002
0.000662639730631397,1.5820393320000001,0.008500770000000005
0.000663639730631397,1.5820393320000001,0.008500770000000005
0.0006646397306313969,1.5820393320000001,0.008632502
0.000665639730631397,1.5820393320000001,0.008698368000000005
0.000666639730631397,1.5820393320000001,0.008566636000000002
0.000667639730631397,1.5820393320000001,0.008566636000000002
0.000668639730631397,1.5820393320000001,0.008566636000000002
0.0006696397306313969,1.5820393320000001,0.008566636000000002
0.000670639730631397,1.5820393320000001,0.008698368000000005
0.000671639730631397,1.5820393320000001,0.008566636000000002
0.000672639730631397,1.5820393320000001,0.008434904
0.0006736397306313969,1.5820393320000001,0.008303172000000004
0.000674639730631397,1.5820393320000001,0.008171440000000002
0.000675639730631397,1.5820393320000001,0.008369038000000002
0.000676639730631397,1.5820393320000001,0.008434904
0.0006776397306313969,1.5820393320000001,0.008434904
0.0006786397306313969,1.5820393320000001,0.008434904
0.000679639730631397,1.5820393320000001,0.008369038000000002
0.000680639730631397,1.5820393320000001,0.008369038000000002
0.000681639730631397,1.5820393320000001,0.008434904
0.0006826397306313969,1.5820393320000001,0.008434904
0.000683639730631397,1.5820393320000001,0.008171440000000002
0.000684639730631397,1.5820393320000001,0.008171440000000002
0.000685639730631397,1.5820393320000001,0.008369038000000002
0.0006866397306313969,1.5820393320000001,0.008434904
0.0006876397306313969,1.5820393320000001,0.008632502
0.000688639730631397,1.5820393320000001,0.008632502
0.000689639730631397,1.5820393320000001,0.008500770000000005
0.000690639730631397,1.5820393320000001,0.008303172000000004
0.0006916397306313969,1.5820393320000001,0.008369038000000002
0.000692639730631397,1.5820393320000001,0.008632502
0.000693639730631397,1.5820393320000001,0.008698368000000005
0.000694639730631397,1.5820393320000001,0.008566636000000002
0.0006956397306313969,1.5820393320000001,0.008500770000000005
0.0006966397306313969,1.5820393320000001,0.008698368000000005
0.000697639730631397,1.5820393320000001,0.008961832000000003
0.000698639730631397,1.5820393320000001,0.008895966000000005
0.000699639730631397,1.5820393320000001,0.008764234000000003
0.0007006397306313969,1.5820393320000001,0.008566636000000002
0.000701639730631397,1.5820393320000001,0.008500770000000005
0.000702639730631397,1.5820393320000001,0.008632502
0.000703639730631397,1.5820393320000001,0.008434904
0.0007046397306313969,1.5820393320000001,0.008237306
0.000705639730631397,1.5820393320000001,0.008303172000000004
0.000706639730631397,1.5820393320000001,0.008237306
0.000707639730631397,1.5820393320000001,0.008237306
0.000708639730631397,1.5820393320000001,0.008303172000000004
0.0007096397306313969,1.5820393320000001,0.008303172000000004
0.000710639730631397,1.5820393320000001,0.008237306
0.000711639730631397,1.5820393320000001,0.008303172000000004
0.000712639730631397,1.5820393320000001,0.008434904
0.0007136397306313969,1.5820393320000001,0.008171440000000002
0.000714639730631397,1.5820393320000001,0.008171440000000002
0.000715639730631397,1.5820393320000001,0.008171440000000002
0.000716639730631397,1.5820393320000001,0.008105574000000004
0.000717639730631397,1.5820393320000001,0.008105574000000004
0.0007186397306313969,1.5820393320000001,0.008171440000000002
0.000719639730631397,1.5820393320000001,0.008303172000000004
0.000720639730631397,1.5820393320000001,0.008434904
0.000721639730631397,1.5820393320000001,0.008434904
0.0007226397306313969,1.5820393320000001,0.008434904
0.000723639730631397,1.5820393320000001,0.008303172000000004
0.000724639730631397,1.5820393320000001,0.008237306
0.000725639730631397,1.5820393320000001,0.008171440000000002
0.0007266397306313969,1.5820393320000001,0.007973842000000002
0.0007276397306313969,1.5820393320000001,0.008105574000000004
0.000728639730631397,1.5820393320000001,0.008039708
0.000729639730631397,1.5820393320000001,0.008039708
0.000730639730631397,1.5820393320000001,0.008105574000000004
0.0007316397306313969,1.5820393320000001,0.007973842000000002
0.000732639730631397,1.5820393320000001,0.008171440000000002
0.000733639730631397,1.5820393320000001,0.008171440000000002
0.000734639730631397,1.5820393320000001,0.007973842000000002
0.0007356397306313969,1.5820393320000001,0.007973842000000002
0.0007366397306313969,1.5820393320000001,0.00784211
0.000737639730631397,1.5820393320000001,0.008039708
0.000738639730631397,1.5820393320000001,0.008105574000000004
0.000739639730631397,1.5820393320000001,0.007973842000000002
0.0007406397306313969,1.5820393320000001,0.008039708
0.000741639730631397,1.5820393320000001,0.007973842000000002
0.000742639730631397,1.5820393320000001,0.007973842000000002
0.000743639730631397,1.5820393320000001,0.007907976000000004
0.0007446397306313969,1.5820393320000001,0.00784211
0.0007456397306313969,1.5820393320000001,0.007907976000000004
0.000746639730631397,1.5820393320000001,0.00784211
0.000747639730631397,1.5820393320000001,0.007776244000000002
0.000748639730631397,1.5820393320000001,0.007644511999999999
0.0007496397306313969,1.5820393320000001,0.007776244000000002
0.000750639730631397,1.5820393320000001,0.007776244000000002
0.000751639730631397,1.5820393320000001,0.007776244000000002
0.000752639730631397,1.5820393320000001,0.007907976000000004
0.0007536397306313969,1.5820393320000001,0.007907976000000004
0.000754639730631397,1.5820393320000001,0.008039708
0.000755639730631397,1.5820393320000001,0.007907976000000004
0.000756639730631397,1.5820393320000001,0.007710378000000004
0.000757639730631397,1.5820393320000001,0.00784211
0.0007586397306313969,1.5820393320000001,0.008039708
0.000759639730631397,1.5820393320000001,0.008105574000000004
0.000760639730631397,1.5820393320000001,0.007907976000000004
0.000761639730631397,1.5820393320000001,0.00784211
0.0007626397306313969,1.5820393320000001,0.00784211
0.000763639730631397,1.5820393320000001,0.007644511999999999
0.000764639730631397,1.5820393320000001,0.007644511999999999
0.000765639730631397,1.5820393320000001,0.007578646000000001
0.000766639730631397,1.5820393320000001,0.007710378000000004
0.0007676397306313969,1.5820393320000001,0.007973842000000002
0.000768639730631397,1.5820393320000001,0.007776244000000002
0.000769639730631397,1.5820393320000001,0.007776244000000002
0.000770639730631397,1.5820393320000001,0.008105574000000004
0.0007716397306313969,1.5820393320000001,0.008039708
0.000772639730631397,1.5820393320000001,0.007776244000000002
0.000773639730631397,1.5820393320000001,0.00784211
0.000774639730631397,1.5820393320000001,0.007776244000000002
0.0007756397306313969,1.5820393320000001,0.007710378000000004
0.0007766397306313969,1.5820393320000001,0.007776244000000002
0.000777639730631397,1.5820393320000001,0.00784211
0.000778639730631397,1.5820393320000001,0.00784211
0.000779639730631397,1.5820393320000001,0.007907976000000004
0.0007806397306313969,1.5820393320000001,0.007973842000000002
0.000781639730631397,1.5820393320000001,0.007973842000000002
0.000782639730631397,1.5820393320000001,0.008039708
0.000783639730631397,1.5820393320000001,0.007907976000000004
0.0007846397306313969,1.5820393320000001,0.007907976000000004
0.0007856397306313969,1.5820393320000001,0.00784211
0.000786639730631397,1.5820393320000001,0.007644511999999999
0.000787639730631397,1.5820393320000001,0.007710378000000004
0.000788639730631397,1.5820393320000001,0.007512780000000004
0.0007896397306313969,1.5820393320000001,0.007512780000000004
0.000790639730631397,1.5820393320000001,0.007644511999999999
0.000791639730631397,1.5820393320000001,0.007644511999999999
0.000792639730631397,1.5820393320000001,0.00784211
0.0007936397306313969,1.5820393320000001,0.007644511999999999
0.0007946397306313969,1.5820393320000001,0.007907976000000004
0.000795639730631397,1.5820393320000001,0.008039708
0.000796639730631397,1.5820393320000001,0.007710378000000004
0.000797639730631397,1.5820393320000001,0.007710378000000004
0.0007986397306313969,1.5820393320000001,0.007710378000000004
0.000799639730631397,1.5820393320000001,0.007776244000000002
0.000800639730631397,1.5820393320000001,0.007710378000000004
0.000801639730631397,1.5820393320000001,0.007710378000000004
0.0008026397306313969,1.5820393320000001,0.007578646000000001
0.0008036397306313969,1.5820393320000001,0.007315182000000003
0.000804639730631397,1.5820393320000001,0.007446914000000006
0.000805639730631397,1.5820393320000001,0.007578646000000001
0.000806639730631397,1.5820393320000001,0.007512780000000004
0.0008076397306313969,1.5820393320000001,0.007512780000000004
0.000808639730631397,1.5820393320000001,0.007446914000000006
0.000809639730631397,1.5820393320000001,0.007381048000000001
0.000810639730631397,1.5820393320000001,0.007446914000000006
0.0008116397306313969,1.5820393320000001,0.007710378000000004
0.000812639730631397,1.5820393320000001,0.007776244000000002
0.000813639730631397,1.5820393320000001,0.007776244000000002
0.000814639730631397,1.5820393320000001,0.007776244000000002
0.0008156397306313969,1.5820393320000001,0.007644511999999999
0.0008166397306313969,1.5820393320000001,0.007644511999999999
0.000817639730631397,1.5820393320000001,0.007644511999999999
0.000818639730631397,1.5820393320000001,0.007512780000000004
0.000819639730631397,1.5820393320000001,0.007512780000000004
0.0008206397306313969,1.5820393320000001,0.007446914000000006
0.000821639730631397,1.5820393320000001,0.007512780000000004
0.000822639730631397,1.5820393320000001,0.007644511999999999
0.000823639730631397,1.5820393320000001,0.007644511999999999
0.0008246397306313969,1.5820393320000001,0.007644511999999999
0.0008256397306313969,1.5820393320000001,0.007512780000000004
0.000826639730631397,1.5820393320000001,0.007578646000000001
0.000827639730631397,1.5820393320000001,0.00784211
0.000828639730631397,1.5820393320000001,0.007710378000000004
0.0008296397306313969,1.5820393320000001,0.007710378000000004
0.000830639730631397,1.5820393320000001,0.007710378000000004
0.000831639730631397,1.5820393320000001,0.007644511999999999
0.000832639730631397,1.5820393320000001,0.007710378000000004
0.0008336397306313969,1.5820393320000001,0.007644511999999999
0.0008346397306313969,1.5820393320000001,0.007644511999999999
0.000835639730631397,1.5820393320000001,0.007644511999999999
0.000836639730631397,1.5820393320000001,0.007776244000000002
0.000837639730631397,1.5820393320000001,0.007776244000000002
0.0008386397306313969,1.5820393320000001,0.007578646000000001
0.000839639730631397,1.5820393320000001,0.007512780000000004
0.000840639730631397,1.5820393320000001,0.007315182000000003
0.000841639730631397,1.5820393320000001,0.007446914000000006
0.0008426397306313969,1.5820393320000001,0.00784211
0.0008436397306313969,1.5820393320000001,0.00784211
0.000844639730631397,1.5820393320000001,0.007710378000000004
0.000845639730631397,1.5820393320000001,0.007512780000000004
0.000846639730631397,1.5820393320000001,0.007644511999999999
0.0008476397306313969,1.5820393320000001,0.00784211
0.000848639730631397,1.5820393320000001,0.007644511999999999
0.000849639730631397,1.5820393320000001,0.007644511999999999
0.000850639730631397,1.5820393320000001,0.007776244000000002
0.0008516397306313969,1.5820393320000001,0.007907976000000004
0.0008526397306313969,1.5820393320000001,0.007710378000000004
0.000853639730631397,1.5820393320000001,0.007512780000000004
0.000854639730631397,1.5820393320000001,0.007710378000000004
0.000855639730631397,1.5820393320000001,0.007776244000000002
0.0008566397306313969,1.5820393320000001,0.007776244000000002
0.000857639730631397,1.5820393320000001,0.007644511999999999
0.000858639730631397,1.5820393320000001,0.007644511999999999
0.000859639730631397,1.5820393320000001,0.007776244000000002
0.0008606397306313969,1.5820393320000001,0.007644511999999999
0.0008616397306313969,1.5820393320000001,0.007512780000000004
0.000862639730631397,1.5820393320000001,0.007644511999999999
0.000863639730631397,1.5820393320000001,0.007710378000000004
0.0008646397306313969,1.5820393320000001,0.007578646000000001
0.0008656397306313969,1.5820393320000001,0.007644511999999999
0.000866639730631397,1.5820393320000001,0.007644511999999999
0.000867639730631397,1.5820393320000001,0.007710378000000004
0.000868639730631397,1.5820393320000001,0.007710378000000004
0.0008696397306313969,1.5820393320000001,0.007578646000000001
0.000870639730631397,1.5820393320000001,0.007578646000000001
0.000871639730631397,1.5820393320000001,0.007710378000000004
0.000872639730631397,1.5820393320000001,0.007512780000000004
0.0008736397306313969,1.5820393320000001,0.007249316000000006
0.0008746397306313969,1.5820393320000001,0.007381048000000001
0.000875639730631397,1.5820393320000001,0.007315182000000003
0.000876639730631397,1.5820393320000001,0.007446914000000006
0.000877639730631397,1.5820393320000001,0.007710378000000004
0.0008786397306313969,1.5820393320000001,0.007710378000000004
0.000879639730631397,1.5820393320000001,0.007644511999999999
0.000880639730631397,1.5820393320000001,0.007249316000000006
0.000881639730631397,1.5820393320000001,0.007249316000000006
0.0008826397306313969,1.5820393320000001,0.007512780000000004
0.0008836397306313969,1.5820393320000001,0.007644511999999999
0.000884639730631397,1.5820393320000001,0.007644511999999999
0.000885639730631397,1.5820393320000001,0.007446914000000006
0.000886639730631397,1.5820393320000001,0.007578646000000001
0.0008876397306313969,1.5820393320000001,0.007578646000000001
0.000888639730631397,1.5820393320000001,0.007446914000000006
0.000889639730631397,1.5820393320000001,0.007644511999999999
0.000890639730631397,1.5820393320000001,0.007512780000000004
0.0008916397306313969,1.5820393320000001,0.007578646000000001
0.0008926397306313969,1.5820393320000001,0.007710378000000004
0.000893639730631397,1.5820393320000001,0.007644511999999999
0.000894639730631397,1.5820393320000001,0.007578646000000001
0.000895639730631397,1.5820393320000001,0.007644511999999999
0.0008966397306313969,1.5820393320000001,0.007644511999999999
0.000897639730631397,1.5820393320000001,0.007644511999999999
0.000898639730631397,1.5820393320000001,0.007644511999999999
0.000899639730631397,1.5820393320000001,0.007578646000000001
0.0009006397306313969,1.5820393320000001,0.007578646000000001
0.0009016397306313969,1.5820393320000001,0.007578646000000001
0.000902639730631397,1.5820393320000001,0.007578646000000001
0.000903639730631397,1.5820393320000001,0.007578646000000001
0.000904639730631397,1.5820393320000001,0.007644511999999999
0.0009056397306313969,1.5820393320000001,0.007446914000000006
0.000906639730631397,1.5820393320000001,0.007512780000000004
0.000907639730631397,1.5820393320000001,0.007907976000000004
0.000908639730631397,1.5820393320000001,0.007907976000000004
0.0009096397306313969,1.5820393320000001,0.007710378000000004
0.0009106397306313969,1.5820393320000001,0.007578646000000001
0.000911639730631397,1.5820393320000001,0.007644511999999999
0.000912639730631397,1.5820393320000001,0.00784211
0.0009136397306313969,1.5820393320000001,0.007907976000000004
0.0009146397306313969,1.5820393320000001,0.007776244000000002
0.000915639730631397,1.5820393320000001,0.007644511999999999
0.000916639730631397,1.5820393320000001,0.007710378000000004
0.000917639730631397,1.5820393320000001,0.007776244000000002
0.0009186397306313969,1.5820393320000001,0.007512780000000004
0.0009196397306313969,1.5820393320000001,0.007644511999999999
0.000920639730631397,1.5820393320000001,0.007907976000000004
0.000921639730631397,1.5820393320000001,0.007907976000000004
0.0009226397306313969,1.5820393320000001,0.007644511999999999
0.0009236397306313969,1.5820393320000001,0.007578646000000001
0.000924639730631397,1.5820393320000001,0.007776244000000002
0.000925639730631397,1.5820393320000001,0.007644511999999999
0.000926639730631397,1.5820393320000001,0.007644511999999999
0.0009276397306313969,1.5820393320000001,0.007907976000000004
0.000928639730631397,1.5820393320000001,0.007973842000000002
0.000929639730631397,1.5820393320000001,0.007907976000000004
0.000930639730631397,1.5820393320000001,0.007644511999999999
0.0009316397306313969,1.5820393320000001,0.007710378000000004
0.0009326397306313969,1.5820393320000001,0.007907976000000004
0.000933639730631397,1.5820393320000001,0.007776244000000002
0.000934639730631397,1.5820393320000001,0.007644511999999999
0.000935639730631397,1.5820393320000001,0.007644511999999999
0.0009366397306313969,1.5820393320000001,0.00784211
0.000937639730631397,1.5820393320000001,0.00784211
0.000938639730631397,1.5820393320000001,0.007776244000000002
0.000939639730631397,1.5820393320000001,0.00784211
0.0009406397306313969,1.5820393320000001,0.007776244000000002
0.0009416397306313969,1.5820393320000001,0.00784211
0.000942639730631397,1.5820393320000001,0.007776244000000002
0.000943639730631397,1.5820393320000001,0.007644511999999999
0.000944639730631397,1.5820393320000001,0.007907976000000004
0.0009456397306313969,1.5820393320000001,0.008105574000000004
0.000946639730631397,1.5820393320000001,0.008105574000000004
0.000947639730631397,1.5820393320000001,0.007907976000000004
0.000948639730631397,1.5820393320000001,0.007973842000000002
0.0009496397306313969,1.5820393320000001,0.008039708
0.0009506397306313969,1.5820393320000001,0.007710378000000004
0.000951639730631397,1.5820393320000001,0.007710378000000004
0.000952639730631397,1.5820393320000001,0.00784211
0.0009536397306313969,1.5820393320000001,0.00784211
0.0009546397306313969,1.5820393320000001,0.00784211
0.000955639730631397,1.5820393320000001,0.007710378000000004
0.000956639730631397,1.5820393320000001,0.00784211
0.000957639730631397,1.5820393320000001,0.007907976000000004
0.0009586397306313969,1.5820393320000001,0.007907976000000004
0.0009596397306313969,1.5820393320000001,0.007973842000000002
0.000960639730631397,1.5820393320000001,0.008105574000000004
0.000961639730631397,1.5820393320000001,0.008039708
0.0009626397306313969,1.5820393320000001,0.007907976000000004
0.0009636397306313969,1.5820393320000001,0.007907976000000004
0.000964639730631397,1.5820393320000001,0.007907976000000004
0.000965639730631397,1.5820393320000001,0.007907976000000004
0.000966639730631397,1.5820393320000001,0.007973842000000002
0.0009676397306313969,1.5820393320000001,0.007973842000000002
0.0009686397306313969,1.5820393320000001,0.007973842000000002
0.000969639730631397,1.5820393320000001,0.007776244000000002
0.000970639730631397,1.5820393320000001,0.007644511999999999
0.0009716397306313969,1.5820393320000001,0.007907976000000004
0.0009726397306313969,1.5820393320000001,0.008039708
0.000973639730631397,1.5820393320000001,0.00784211
0.000974639730631397,1.5820393320000001,0.007644511999999999
0.000975639730631397,1.5820393320000001,0.007776244000000002
0.0009766397306313968,1.5820393320000001,0.008105574000000004
0.000977639730631397,1.5820393320000001,0.007973842000000002
0.0009786397306313969,1.5820393320000001,0.00784211
0.0009796397306313968,1.5820393320000001,0.007776244000000002
0.000980639730631397,1.5820393320000001,0.007776244000000002
0.0009816397306313968,1.5820393320000001,0.00784211
0.0009826397306313967,1.5820393320000001,0.007644511999999999
0.0009836397306313969,1.5820393320000001,0.007710378000000004
0.0009846397306313968,1.5820393320000001,0.00784211
0.000985639730631397,1.5820393320000001,0.007776244000000002
0.0009866397306313968,1.5820393320000001,0.007973842000000002
0.0009876397306313968,1.5820393320000001,0.008171440000000002
0.0009886397306313969,1.5820393320000001,0.008237306
0.0009896397306313968,1.5820393320000001,0.008237306
0.000990639730631397,1.5820393320000001,0.007907976000000004
0.0009916397306313969,1.5820393320000001,0.007776244000000002
0.0009926397306313968,1.5820393320000001,0.007644511999999999
0.000993639730631397,1.5820393320000001,0.007644511999999999
0.0009946397306313968,1.5820393320000001,0.007776244000000002
0.000995639730631397,1.5820393320000001,0.007710378000000004
0.0009966397306313969,1.5820393320000001,0.007710378000000004
0.0009976397306313968,1.5820393320000001,0.007776244000000002
0.000998639730631397,1.5820393320000001,0.007644511999999999
0.0009996397306313968,1.5820393320000001,0.007512780000000004
0.0010006397306313967,1.5820393320000001,0.007644511999999999
0.0010016397306313969,1.5820393320000001,0.00784211
