Time (s),Channel 1 Voltage (V),Channel 2 Voltage (V)
-6.75804967286e-07,0.1909747911,0.008171440000000002
3.2419503271399995e-07,0.9451000676,0.008237306
1.3241950327139998e-06,1.5474491849,0.008171440000000002
2.324195032714e-06,1.5820393320000001,0.008171440000000002
3.3241950327139997e-06,1.5820393320000001,0.007973842000000002
4.3241950327139994e-06,1.5820393320000001,0.007907976000000004
5.324195032714e-06,1.5820393320000001,0.008171440000000002
6.324195032714e-06,1.5820393320000001,0.008171440000000002
7.3241950327139995e-06,1.5820393320000001,0.008039708
8.324195032714e-06,1.5820393320000001,0.008171440000000002
9.324195032713999e-06,1.5820393320000001,0.008171440000000002
1.0324195032714e-05,1.5820393320000001,0.007973842000000002
1.1324195032714e-05,1.5820393320000001,0.008039708
1.2324195032713999e-05,1.5820393320000001,0.008303172000000004
1.3324195032714e-05,1.5820393320000001,0.008434904
1.4324195032713999e-05,1.5820393320000001,0.008500770000000005
1.5324195032714e-05,1.5820393320000001,0.008698368000000005
1.6324195032714e-05,1.5820393320000001,0.0088301
1.7324195032714e-05,1.5820393320000001,0.008764234000000003
1.8324195032713998e-05,1.5820393320000001,0.008500770000000005
1.9324195032713998e-05,1.5820393320000001,0.008369038000000002
2.0324195032714e-05,1.5820393320000001,0.008303172000000004
2.1324195032714e-05,1.5820393320000001,0.008434904
2.2324195032714e-05,1.5820393320000001,0.008303172000000004
2.3324195032714e-05,1.5820393320000001,0.007973842000000002
2.4324195032713998e-05,1.5820393320000001,0.008171440000000002
2.5324195032713998e-05,1.5820393320000001,0.008303172000000004
2.6324195032714e-05,1.5820393320000001,0.008434904
2.7324195032714e-05,1.5820393320000001,0.008500770000000005
2.8324195032714e-05,1.5820393320000001,0.008500770000000005
2.9324195032713997e-05,1.5820393320000001,0.008632502
3.0324195032714e-05,1.5820393320000001,0.008500770000000005
3.1324195032714e-05,1.5820393320000001,0.008303172000000004
3.2324195032713996e-05,1.5820393320000001,0.008369038000000002
3.3324195032714e-05,1.5820393320000001,0.008434904
3.4324195032714e-05,1.5820393320000001,0.008566636000000002
3.5324195032714e-05,1.5820393320000001,0.008369038000000002
3.6324195032714e-05,1.5820393320000001,0.008369038000000002
3.7324195032713995e-05,1.5820393320000001,0.008434904
3.8324195032714e-05,1.5820393320000001,0.008171440000000002
3.9324195032713996e-05,1.5820393320000001,0.007973842000000002
4.0324195032714e-05,1.5820393320000001,0.008039708
4.1324195032714e-05,1.5820393320000001,0.008237306
4.2324195032713995e-05,1.5820393320000001,0.008171440000000002
4.3324195032714e-05,1.5820393320000001,0.008039708
4.4324195032713996e-05,1.5820393320000001,0.008237306
4.5324195032714e-05,1.5820393320000001,0.008434904
4.6324195032714e-05,1.5820393320000001,0.008434904
4.7324195032714e-05,1.5820393320000001,0.008500770000000005
4.8324195032714e-05,1.5820393320000001,0.008303172000000004
4.9324195032713996e-05,1.5820393320000001,0.008369038000000002
5.0324195032714e-05,1.5820393320000001,0.008171440000000002
5.1324195032714e-05,1.5820393320000001,0.007973842000000002
5.2324195032714e-05,1.5820393320000001,0.008237306
5.3324195032714e-05,1.5820393320000001,0.008303172000000004
5.4324195032713995e-05,1.5820393320000001,0.008303172000000004
5.5324195032714e-05,1.5820393320000001,0.008303172000000004
5.6324195032713996e-05,1.5820393320000001,0.008500770000000005
5.7324195032714e-05,1.5820393320000001,0.008698368000000005
5.8324195032714e-05,1.5820393320000001,0.008632502
5.9324195032713995e-05,1.5820393320000001,0.008632502
6.0324195032714e-05,1.5820393320000001,0.008632502
6.1324195032714e-05,1.5820393320000001,0.008500770000000005
6.2324195032714e-05,1.5820393320000001,0.008434904
6.3324195032714e-05,1.5820393320000001,0.008303172000000004
6.4324195032714e-05,1.5820393320000001,0.008237306
6.532419503271399e-05,1.5820393320000001,0.008434904
6.6324195032714e-05,1.5820393320000001,0.008434904
6.7324195032714e-05,1.5820393320000001,0.008434904
6.8324195032714e-05,1.5820393320000001,0.008303172000000004
6.9324195032714e-05,1.5820393320000001,0.008105574000000004
7.032419503271399e-05,1.5820393320000001,0.008237306
7.1324195032714e-05,1.5820393320000001,0.008500770000000005
7.2324195032714e-05,1.5820393320000001,0.008500770000000005
7.3324195032714e-05,1.5820393320000001,0.008369038000000002
7.4324195032714e-05,1.5820393320000001,0.008369038000000002
7.532419503271399e-05,1.5820393320000001,0.008303172000000004
7.6324195032714e-05,1.5820393320000001,0.008171440000000002
7.7324195032714e-05,1.5820393320000001,0.008369038000000002
7.8324195032714e-05,1.5820393320000001,0.008434904
7.932419503271399e-05,1.5820393320000001,0.008434904
8.032419503271399e-05,1.5820393320000001,0.008434904
8.1324195032714e-05,1.5820393320000001,0.008434904
8.2324195032714e-05,1.5820393320000001,0.008237306
8.3324195032714e-05,1.5820393320000001,0.008237306
8.432419503271399e-05,1.5820393320000001,0.008369038000000002
8.532419503271399e-05,1.5820393320000001,0.008369038000000002
8.6324195032714e-05,1.5820393320000001,0.008500770000000005
8.7324195032714e-05,1.5820393320000001,0.008500770000000005
8.8324195032714e-05,1.5820393320000001,0.008500770000000005
8.932419503271399e-05,1.5820393320000001,0.008566636000000002
9.032419503271399e-05,1.5820393320000001,0.008303172000000004
9.1324195032714e-05,1.5820393320000001,0.008171440000000002
9.2324195032714e-05,1.5820393320000001,0.008434904
9.3324195032714e-05,1.5820393320000001,0.008434904
9.432419503271399e-05,1.5820393320000001,0.008434904
9.5324195032714e-05,1.5820393320000001,0.008434904
9.6324195032714e-05,1.5820393320000001,0.008434904
9.7324195032714e-05,1.5820393320000001,0.008566636000000002
9.8324195032714e-05,1.5820393320000001,0.008566636000000002
9.932419503271399e-05,1.5820393320000001,0.008566636000000002
0.000100324195032714,1.5820393320000001,0.008566636000000002
0.000101324195032714,1.5820393320000001,0.008566636000000002
0.000102324195032714,1.5820393320000001,0.008632502
0.000103324195032714,1.5820393320000001,0.008764234000000003
0.00010432419503271399,1.5820393320000001,0.008698368000000005
0.000105324195032714,1.5820393320000001,0.008566636000000002
0.000106324195032714,1.5820393320000001,0.008500770000000005
0.000107324195032714,1.5820393320000001,0.008566636000000002
0.00010832419503271399,1.5820393320000001,0.008566636000000002
0.00010932419503271399,1.5820393320000001,0.008566636000000002
0.000110324195032714,1.5820393320000001,0.008566636000000002
0.000111324195032714,1.5820393320000001,0.008566636000000002
0.000112324195032714,1.5820393320000001,0.008764234000000003
0.00011332419503271399,1.5820393320000001,0.008961832000000003
0.00011432419503271399,1.5820393320000001,0.008961832000000003
0.000115324195032714,1.5820393320000001,0.008764234000000003
0.000116324195032714,1.5820393320000001,0.008764234000000003
0.000117324195032714,1.5820393320000001,0.009027698
0.00011832419503271399,1.5820393320000001,0.009027698
0.00011932419503271399,1.5820393320000001,0.008895966000000005
0.000120324195032714,1.5820393320000001,0.008764234000000003
0.000121324195032714,1.5820393320000001,0.008961832000000003
0.00012232419503271398,1.5820393320000001,0.009225296000000001
0.000123324195032714,1.5820393320000001,0.008961832000000003
0.000124324195032714,1.5820393320000001,0.0088301
0.000125324195032714,1.5820393320000001,0.008895966000000005
0.000126324195032714,1.5820393320000001,0.009027698
0.000127324195032714,1.5820393320000001,0.009027698
0.000128324195032714,1.5820393320000001,0.008764234000000003
0.000129324195032714,1.5820393320000001,0.008566636000000002
0.00013032419503271399,1.5820393320000001,0.008500770000000005
0.00013132419503271398,1.5820393320000001,0.008303172000000004
0.000132324195032714,1.5820393320000001,0.008434904
0.000133324195032714,1.5820393320000001,0.0088301
0.000134324195032714,1.5820393320000001,0.009159430000000003
0.000135324195032714,1.5820393320000001,0.009027698
0.000136324195032714,1.5820393320000001,0.008895966000000005
0.000137324195032714,1.5820393320000001,0.008961832000000003
0.000138324195032714,1.5820393320000001,0.009027698
0.000139324195032714,1.5820393320000001,0.008961832000000003
0.00014032419503271398,1.5820393320000001,0.008632502
0.00014132419503271398,1.5820393320000001,0.008632502
0.000142324195032714,1.5820393320000001,0.009027698
0.000143324195032714,1.5820393320000001,0.009093564000000005
0.000144324195032714,1.5820393320000001,0.009093564000000005
0.000145324195032714,1.5820393320000001,0.008961832000000003
0.000146324195032714,1.5820393320000001,0.0088301
0.000147324195032714,1.5820393320000001,0.008764234000000003
0.000148324195032714,1.5820393320000001,0.008698368000000005
0.000149324195032714,1.5820393320000001,0.008895966000000005
0.00015032419503271398,1.5820393320000001,0.009027698
0.00015132419503271398,1.5820393320000001,0.008895966000000005
0.000152324195032714,1.5820393320000001,0.008764234000000003
0.000153324195032714,1.5820393320000001,0.008566636000000002
0.000154324195032714,1.5820393320000001,0.008698368000000005
0.000155324195032714,1.5820393320000001,0.008566636000000002
0.000156324195032714,1.5820393320000001,0.008434904
0.000157324195032714,1.5820393320000001,0.008632502
0.000158324195032714,1.5820393320000001,0.008632502
0.00015932419503271399,1.5820393320000001,0.008500770000000005
0.00016032419503271398,1.5820393320000001,0.008500770000000005
0.00016132419503271398,1.5820393320000001,0.008500770000000005
0.000162324195032714,1.5820393320000001,0.008632502
0.000163324195032714,1.5820393320000001,0.008632502
0.000164324195032714,1.5820393320000001,0.008434904
0.000165324195032714,1.5820393320000001,0.008434904
0.000166324195032714,1.5820393320000001,0.008698368000000005
0.000167324195032714,1.5820393320000001,0.008895966000000005
0.000168324195032714,1.5820393320000001,0.0088301
0.00016932419503271398,1.5820393320000001,0.0088301
0.00017032419503271398,1.5820393320000001,0.008698368000000005
0.00017132419503271398,1.5820393320000001,0.008632502
0.000172324195032714,1.5820393320000001,0.008764234000000003
0.000173324195032714,1.5820393320000001,0.008764234000000003
0.000174324195032714,1.5820393320000001,0.008895966000000005
0.000175324195032714,1.5820393320000001,0.009027698
0.000176324195032714,1.5820393320000001,0.008961832000000003
0.000177324195032714,1.5820393320000001,0.0088301
0.000178324195032714,1.5820393320000001,0.008632502
0.00017932419503271398,1.5820393320000001,0.008500770000000005
0.00018032419503271398,1.5820393320000001,0.008500770000000005
0.00018132419503271398,1.5820393320000001,0.008698368000000005
0.000182324195032714,1.5820393320000001,0.008698368000000005
0.000183324195032714,1.5820393320000001,0.008566636000000002
0.000184324195032714,1.5820393320000001,0.008764234000000003
0.000185324195032714,1.5820393320000001,0.008698368000000005
0.000186324195032714,1.5820393320000001,0.008566636000000002
0.000187324195032714,1.5820393320000001,0.008698368000000005
0.00018832419503271399,1.5820393320000001,0.008566636000000002
0.00018932419503271398,1.5820393320000001,0.008434904
0.00019032419503271398,1.5820393320000001,0.008500770000000005
0.000191324195032714,1.5820393320000001,0.008500770000000005
0.000192324195032714,1.5820393320000001,0.008500770000000005
0.000193324195032714,1.5820393320000001,0.008500770000000005
0.000194324195032714,1.5820393320000001,0.008434904
0.000195324195032714,1.5820393320000001,0.008434904
0.000196324195032714,1.5820393320000001,0.008566636000000002
0.000197324195032714,1.5820393320000001,0.008632502
0.00019832419503271399,1.5820393320000001,0.008566636000000002
0.00019932419503271398,1.5820393320000001,0.008500770000000005
0.00020032419503271398,1.5820393320000001,0.008434904
0.000201324195032714,1.5820393320000001,0.008500770000000005
0.000202324195032714,1.5820393320000001,0.008566636000000002
0.000203324195032714,1.5820393320000001,0.008566636000000002
0.000204324195032714,1.5820393320000001,0.008566636000000002
0.000205324195032714,1.5820393320000001,0.008434904
0.000206324195032714,1.5820393320000001,0.008303172000000004
0.000207324195032714,1.5820393320000001,0.008434904
0.00020832419503271398,1.5820393320000001,0.008434904
0.00020932419503271398,1.5820393320000001,0.008303172000000004
0.00021032419503271398,1.5820393320000001,0.008303172000000004
0.000211324195032714,1.5820393320000001,0.008434904
0.000212324195032714,1.5820393320000001,0.008566636000000002
0.000213324195032714,1.5820393320000001,0.008566636000000002
0.000214324195032714,1.5820393320000001,0.008500770000000005
0.000215324195032714,1.5820393320000001,0.008434904
0.000216324195032714,1.5820393320000001,0.008369038000000002
0.00021732419503271399,1.5820393320000001,0.008105574000000004
0.00021832419503271398,1.5820393320000001,0.008171440000000002
0.00021932419503271398,1.5820393320000001,0.008303172000000004
0.00022032419503271398,1.5820393320000001,0.008303172000000004
0.000221324195032714,1.5820393320000001,0.008369038000000002
0.000222324195032714,1.5820393320000001,0.008434904
0.000223324195032714,1.5820393320000001,0.008369038000000002
0.000224324195032714,1.5820393320000001,0.008171440000000002
0.000225324195032714,1.5820393320000001,0.007973842000000002
0.000226324195032714,1.5820393320000001,0.008105574000000004
0.00022732419503271399,1.5820393320000001,0.008237306
0.00022832419503271398,1.5820393320000001,0.008237306
0.00022932419503271398,1.5820393320000001,0.008303172000000004
0.00023032419503271398,1.5820393320000001,0.008303172000000004
0.000231324195032714,1.5820393320000001,0.008434904
0.000232324195032714,1.5820393320000001,0.008171440000000002
0.000233324195032714,1.5820393320000001,0.007907976000000004
0.000234324195032714,1.5820393320000001,0.008105574000000004
0.000235324195032714,1.5820393320000001,0.008039708
0.000236324195032714,1.5820393320000001,0.008039708
0.00023732419503271398,1.5820393320000001,0.007973842000000002
0.00023832419503271398,1.5820393320000001,0.007907976000000004
0.00023932419503271398,1.5820393320000001,0.007973842000000002
0.00024032419503271398,1.5820393320000001,0.007907976000000004
0.000241324195032714,1.5820393320000001,0.00784211
0.000242324195032714,1.5820393320000001,0.007907976000000004
0.000243324195032714,1.5820393320000001,0.007973842000000002
0.000244324195032714,1.5820393320000001,0.007973842000000002
0.000245324195032714,1.5820393320000001,0.008039708
0.000246324195032714,1.5820393320000001,0.008171440000000002
0.00024732419503271404,1.5820393320000001,0.008303172000000004
0.000248324195032714,1.5820393320000001,0.008237306
0.00024932419503271403,1.5820393320000001,0.007973842000000002
0.000250324195032714,1.5820393320000001,0.007907976000000004
0.000251324195032714,1.5820393320000001,0.007907976000000004
0.000252324195032714,1.5820393320000001,0.008171440000000002
0.000253324195032714,1.5820393320000001,0.008039708
0.000254324195032714,1.5820393320000001,0.00784211
0.000255324195032714,1.5820393320000001,0.00784211
0.00025632419503271404,1.5820393320000001,0.00784211
0.000257324195032714,1.5820393320000001,0.008105574000000004
0.00025832419503271403,1.5820393320000001,0.008105574000000004
0.000259324195032714,1.5820393320000001,0.008039708
0.00026032419503271403,1.5820393320000001,0.007907976000000004
0.000261324195032714,1.5820393320000001,0.007907976000000004
0.000262324195032714,1.5820393320000001,0.007907976000000004
0.000263324195032714,1.5820393320000001,0.00784211
0.000264324195032714,1.5820393320000001,0.007776244000000002
0.00026532419503271404,1.5820393320000001,0.007776244000000002
0.000266324195032714,1.5820393320000001,0.007776244000000002
0.00026732419503271404,1.5820393320000001,0.007776244000000002
0.000268324195032714,1.5820393320000001,0.007578646000000001
0.00026932419503271403,1.5820393320000001,0.007512780000000004
0.000270324195032714,1.5820393320000001,0.007776244000000002
0.000271324195032714,1.5820393320000001,0.008039708
0.000272324195032714,1.5820393320000001,0.007973842000000002
0.000273324195032714,1.5820393320000001,0.007710378000000004
0.000274324195032714,1.5820393320000001,0.007644511999999999
0.000275324195032714,1.5820393320000001,0.007644511999999999
0.00027632419503271404,1.5820393320000001,0.007710378000000004
0.000277324195032714,1.5820393320000001,0.007578646000000001
0.00027832419503271403,1.5820393320000001,0.007710378000000004
0.000279324195032714,1.5820393320000001,0.007776244000000002
0.000280324195032714,1.5820393320000001,0.007710378000000004
0.000281324195032714,1.5820393320000001,0.007907976000000004
0.000282324195032714,1.5820393320000001,0.007776244000000002
0.000283324195032714,1.5820393320000001,0.007644511999999999
0.000284324195032714,1.5820393320000001,0.007710378000000004
0.00028532419503271404,1.5820393320000001,0.007644511999999999
0.000286324195032714,1.5820393320000001,0.007710378000000004
0.00028732419503271403,1.5820393320000001,0.007512780000000004
0.000288324195032714,1.5820393320000001,0.007512780000000004
0.00028932419503271403,1.5820393320000001,0.007710378000000004
0.000290324195032714,1.5820393320000001,0.007644511999999999
0.000291324195032714,1.5820393320000001,0.00784211
0.000292324195032714,1.5820393320000001,0.007776244000000002
0.000293324195032714,1.5820393320000001,0.007578646000000001
0.000294324195032714,1.5820393320000001,0.007644511999999999
0.000295324195032714,1.5820393320000001,0.007776244000000002
0.00029632419503271404,1.5820393320000001,0.007973842000000002
0.000297324195032714,1.5820393320000001,0.007907976000000004
0.00029832419503271403,1.5820393320000001,0.007710378000000004
0.000299324195032714,1.5820393320000001,0.007710378000000004
0.000300324195032714,1.5820393320000001,0.007776244000000002
0.000301324195032714,1.5820393320000001,0.007710378000000004
0.000302324195032714,1.5820393320000001,0.007512780000000004
0.000303324195032714,1.5820393320000001,0.007578646000000001
0.000304324195032714,1.5820393320000001,0.007644511999999999
0.00030532419503271404,1.5820393320000001,0.007644511999999999
0.000306324195032714,1.5820393320000001,0.007710378000000004
0.00030732419503271403,1.5820393320000001,0.007512780000000004
0.000308324195032714,1.5820393320000001,0.007512780000000004
0.000309324195032714,1.5820393320000001,0.007578646000000001
0.000310324195032714,1.5820393320000001,0.007315182000000003
0.000311324195032714,1.5820393320000001,0.007381048000000001
0.000312324195032714,1.5820393320000001,0.007578646000000001
0.000313324195032714,1.5820393320000001,0.007446914000000006
0.000314324195032714,1.5820393320000001,0.007315182000000003
0.000315324195032714,1.5820393320000001,0.007249316000000006
0.00031632419503271403,1.5820393320000001,0.007381048000000001
0.000317324195032714,1.5820393320000001,0.007446914000000006
0.00031832419503271403,1.5820393320000001,0.007446914000000006
0.000319324195032714,1.5820393320000001,0.007512780000000004
0.000320324195032714,1.5820393320000001,0.007578646000000001
0.000321324195032714,1.5820393320000001,0.007710378000000004
0.000322324195032714,1.5820393320000001,0.007446914000000006
0.000323324195032714,1.5820393320000001,0.007381048000000001
0.000324324195032714,1.5820393320000001,0.007446914000000006
0.00032532419503271404,1.5820393320000001,0.007446914000000006
0.000326324195032714,1.5820393320000001,0.007512780000000004
0.00032732419503271403,1.5820393320000001,0.007446914000000006
0.000328324195032714,1.5820393320000001,0.007512780000000004
0.000329324195032714,1.5820393320000001,0.007512780000000004
0.000330324195032714,1.5820393320000001,0.007381048000000001
0.000331324195032714,1.5820393320000001,0.007381048000000001
0.000332324195032714,1.5820393320000001,0.007446914000000006
0.000333324195032714,1.5820393320000001,0.007512780000000004
0.00033432419503271404,1.5820393320000001,0.007578646000000001
0.000335324195032714,1.5820393320000001,0.007315182000000003
0.00033632419503271403,1.5820393320000001,0.007249316000000006
0.000337324195032714,1.5820393320000001,0.007249316000000006
0.00033832419503271403,1.5820393320000001,0.007249316000000006
0.000339324195032714,1.5820393320000001,0.007446914000000006
0.000340324195032714,1.5820393320000001,0.007512780000000004
0.000341324195032714,1.5820393320000001,0.007578646000000001
0.000342324195032714,1.5820393320000001,0.007512780000000004
0.000343324195032714,1.5820393320000001,0.007381048000000001
0.000344324195032714,1.5820393320000001,0.007644511999999999
0.00034532419503271403,1.5820393320000001,0.00784211
0.000346324195032714,1.5820393320000001,0.00784211
0.00034732419503271403,1.5820393320000001,0.007776244000000002
0.000348324195032714,1.5820393320000001,0.007907976000000004
0.000349324195032714,1.5820393320000001,0.008039708
0.000350324195032714,1.5820393320000001,0.007776244000000002
0.000351324195032714,1.5820393320000001,0.007907976000000004
0.000352324195032714,1.5820393320000001,0.00784211
0.000353324195032714,1.5820393320000001,0.008039708
0.00035432419503271404,1.5820393320000001,0.008105574000000004
0.000355324195032714,1.5820393320000001,0.00784211
0.00035632419503271403,1.5820393320000001,0.007644511999999999
0.000357324195032714,1.5820393320000001,0.007578646000000001
0.000358324195032714,1.5820393320000001,0.007776244000000002
0.000359324195032714,1.5820393320000001,0.007710378000000004
0.000360324195032714,1.5820393320000001,0.007644511999999999
0.000361324195032714,1.5820393320000001,0.007710378000000004
0.000362324195032714,1.5820393320000001,0.007446914000000006
0.000363324195032714,1.5820393320000001,0.007315182000000003
0.000364324195032714,1.5820393320000001,0.007446914000000006
0.00036532419503271403,1.5820393320000001,0.007644511999999999
0.000366324195032714,1.5820393320000001,0.007644511999999999
0.00036732419503271403,1.5820393320000001,0.007381048000000001
0.000368324195032714,1.5820393320000001,0.007512780000000004
0.000369324195032714,1.5820393320000001,0.007446914000000006
0.000370324195032714,1.5820393320000001,0.007315182000000003
0.000371324195032714,1.5820393320000001,0.007381048000000001
0.000372324195032714,1.5820393320000001,0.007249316000000006
0.000373324195032714,1.5820393320000001,0.007446914000000006
0.00037432419503271403,1.5820393320000001,0.007644511999999999
0.000375324195032714,1.5820393320000001,0.007315182000000003
0.00037632419503271403,1.5820393320000001,0.007381048000000001
0.000377324195032714,1.5820393320000001,0.007644511999999999
0.000378324195032714,1.5820393320000001,0.007512780000000004
0.000379324195032714,1.5820393320000001,0.007446914000000006
0.000380324195032714,1.5820393320000001,0.007512780000000004
0.000381324195032714,1.5820393320000001,0.007578646000000001
0.000382324195032714,1.5820393320000001,0.007381048000000001
0.00038332419503271404,1.5820393320000001,0.007446914000000006
0.000384324195032714,1.5820393320000001,0.007644511999999999
0.00038532419503271403,1.5820393320000001,0.007644511999999999
0.000386324195032714,1.5820393320000001,0.007710378000000004
0.000387324195032714,1.5820393320000001,0.007578646000000001
0.000388324195032714,1.5820393320000001,0.007644511999999999
0.000389324195032714,1.5820393320000001,0.007644511999999999
0.000390324195032714,1.5820393320000001,0.007578646000000001
0.000391324195032714,1.5820393320000001,0.007578646000000001
0.000392324195032714,1.5820393320000001,0.007578646000000001
0.000393324195032714,1.5820393320000001,0.00784211
0.00039432419503271403,1.5820393320000001,0.007973842000000002
0.000395324195032714,1.5820393320000001,0.007907976000000004
0.00039632419503271403,1.5820393320000001,0.007973842000000002
0.000397324195032714,1.5820393320000001,0.007973842000000002
0.000398324195032714,1.5820393320000001,0.007973842000000002
0.000399324195032714,1.5820393320000001,0.00784211
0.000400324195032714,1.5820393320000001,0.00784211
0.000401324195032714,1.5820393320000001,0.00784211
0.000402324195032714,1.5820393320000001,0.007710378000000004
0.00040332419503271403,1.5820393320000001,0.007710378000000004
0.000404324195032714,1.5820393320000001,0.007644511999999999
0.00040532419503271403,1.5820393320000001,0.007644511999999999
0.000406324195032714,1.5820393320000001,0.007644511999999999
0.000407324195032714,1.5820393320000001,0.007578646000000001
0.000408324195032714,1.5820393320000001,0.007578646000000001
0.000409324195032714,1.5820393320000001,0.007446914000000006
0.000410324195032714,1.5820393320000001,0.007446914000000006
0.000411324195032714,1.5820393320000001,0.007578646000000001
0.000412324195032714,1.5820393320000001,0.007315182000000003
0.000413324195032714,1.5820393320000001,0.007315182000000003
0.00041432419503271403,1.5820393320000001,0.007578646000000001
0.000415324195032714,1.5820393320000001,0.007578646000000001
0.000416324195032714,1.5820393320000001,0.007644511999999999
0.000417324195032714,1.5820393320000001,0.007710378000000004
0.000418324195032714,1.5820393320000001,0.007710378000000004
0.000419324195032714,1.5820393320000001,0.007512780000000004
0.000420324195032714,1.5820393320000001,0.007446914000000006
0.000421324195032714,1.5820393320000001,0.007512780000000004
0.000422324195032714,1.5820393320000001,0.007446914000000006
0.00042332419503271403,1.5820393320000001,0.007644511999999999
0.000424324195032714,1.5820393320000001,0.007776244000000002
0.00042532419503271403,1.5820393320000001,0.007446914000000006
0.000426324195032714,1.5820393320000001,0.007446914000000006
0.000427324195032714,1.5820393320000001,0.007578646000000001
0.000428324195032714,1.5820393320000001,0.007644511999999999
0.000429324195032714,1.5820393320000001,0.00784211
0.000430324195032714,1.5820393320000001,0.00784211
0.000431324195032714,1.5820393320000001,0.007644511999999999
0.000432324195032714,1.5820393320000001,0.007512780000000004
0.000433324195032714,1.5820393320000001,0.007644511999999999
0.00043432419503271403,1.5820393320000001,0.007710378000000004
0.000435324195032714,1.5820393320000001,0.007446914000000006
0.000436324195032714,1.5820393320000001,0.007446914000000006
0.000437324195032714,1.5820393320000001,0.007578646000000001
0.000438324195032714,1.5820393320000001,0.007578646000000001
0.000439324195032714,1.5820393320000001,0.007446914000000006
0.000440324195032714,1.5820393320000001,0.007578646000000001
0.000441324195032714,1.5820393320000001,0.007776244000000002
0.000442324195032714,1.5820393320000001,0.007512780000000004
0.00044332419503271403,1.5820393320000001,0.007446914000000006
0.000444324195032714,1.5820393320000001,0.007512780000000004
0.000445324195032714,1.5820393320000001,0.007578646000000001
0.000446324195032714,1.5820393320000001,0.007644511999999999
0.000447324195032714,1.5820393320000001,0.007381048000000001
0.000448324195032714,1.5820393320000001,0.007512780000000004
0.000449324195032714,1.5820393320000001,0.007776244000000002
0.000450324195032714,1.5820393320000001,0.007644511999999999
0.000451324195032714,1.5820393320000001,0.007644511999999999
0.00045232419503271403,1.5820393320000001,0.007776244000000002
0.000453324195032714,1.5820393320000001,0.007907976000000004
0.00045432419503271403,1.5820393320000001,0.00784211
0.000455324195032714,1.5820393320000001,0.007710378000000004
0.000456324195032714,1.5820393320000001,0.007644511999999999
0.000457324195032714,1.5820393320000001,0.007578646000000001
0.000458324195032714,1.5820393320000001,0.007644511999999999
0.000459324195032714,1.5820393320000001,0.007315182000000003
0.000460324195032714,1.5820393320000001,0.007249316000000006
0.000461324195032714,1.5820393320000001,0.007644511999999999
0.000462324195032714,1.5820393320000001,0.007446914000000006
0.00046332419503271403,1.5820393320000001,0.007381048000000001
0.000464324195032714,1.5820393320000001,0.007381048000000001
0.000465324195032714,1.5820393320000001,0.007315182000000003
0.000466324195032714,1.5820393320000001,0.007315182000000003
0.000467324195032714,1.5820393320000001,0.007446914000000006
0.000468324195032714,1.5820393320000001,0.007710378000000004
0.000469324195032714,1.5820393320000001,0.007644511999999999
0.000470324195032714,1.5820393320000001,0.007776244000000002
0.000471324195032714,1.5820393320000001,0.007776244000000002
0.00047232419503271403,1.5820393320000001,0.007644511999999999
0.000473324195032714,1.5820393320000001,0.007973842000000002
0.000474324195032714,1.5820393320000001,0.007907976000000004
0.000475324195032714,1.5820393320000001,0.007578646000000001
0.000476324195032714,1.5820393320000001,0.007644511999999999
0.000477324195032714,1.5820393320000001,0.00784211
0.000478324195032714,1.5820393320000001,0.007973842000000002
0.000479324195032714,1.5820393320000001,0.007907976000000004
0.000480324195032714,1.5820393320000001,0.007776244000000002
0.000481324195032714,1.5820393320000001,0.007710378000000004
0.000482324195032714,1.5820393320000001,0.00784211
0.00048332419503271403,1.5820393320000001,0.00784211
0.000484324195032714,1.5820393320000001,0.007710378000000004
0.000485324195032714,1.5820393320000001,0.007710378000000004
0.000486324195032714,1.5820393320000001,0.007644511999999999
0.000487324195032714,1.5820393320000001,0.007578646000000001
0.000488324195032714,1.5820393320000001,0.007644511999999999
0.000489324195032714,1.5820393320000001,0.007710378000000004
0.000490324195032714,1.5820393320000001,0.007710378000000004
0.000491324195032714,1.5820393320000001,0.007578646000000001
0.000492324195032714,1.5820393320000001,0.007315182000000003
0.000493324195032714,1.5820393320000001,0.007381048000000001
0.000494324195032714,1.5820393320000001,0.007446914000000006
0.000495324195032714,1.5820393320000001,0.007381048000000001
0.000496324195032714,1.5820393320000001,0.007249316000000006
0.000497324195032714,1.5820393320000001,0.007183450000000001
0.000498324195032714,1.5820393320000001,0.007381048000000001
0.000499324195032714,1.5820393320000001,0.007446914000000006
0.000500324195032714,1.5820393320000001,0.007446914000000006
0.000501324195032714,1.5820393320000001,0.007578646000000001
0.000502324195032714,1.5820393320000001,0.007644511999999999
0.000503324195032714,1.5820393320000001,0.007512780000000004
0.000504324195032714,1.5820393320000001,0.007249316000000006
0.000505324195032714,1.5820393320000001,0.007315182000000003
0.000506324195032714,1.5820393320000001,0.007578646000000001
0.000507324195032714,1.5820393320000001,0.007710378000000004
0.000508324195032714,1.5820393320000001,0.007710378000000004
0.000509324195032714,1.5820393320000001,0.007644511999999999
0.000510324195032714,1.5820393320000001,0.007710378000000004
0.000511324195032714,1.5820393320000001,0.007644511999999999
0.000512324195032714,1.5820393320000001,0.007578646000000001
0.000513324195032714,1.5820393320000001,0.007710378000000004
0.000514324195032714,1.5820393320000001,0.007776244000000002
0.000515324195032714,1.5820393320000001,0.007644511999999999
0.000516324195032714,1.5820393320000001,0.007644511999999999
0.000517324195032714,1.5820393320000001,0.007776244000000002
0.000518324195032714,1.5820393320000001,0.007907976000000004
0.000519324195032714,1.5820393320000001,0.00784211
0.000520324195032714,1.5820393320000001,0.007776244000000002
0.000521324195032714,1.5820393320000001,0.007776244000000002
0.0005223241950327141,1.5820393320000001,0.007907976000000004
0.000523324195032714,1.5820393320000001,0.008039708
0.000524324195032714,1.5820393320000001,0.007973842000000002
0.000525324195032714,1.5820393320000001,0.007907976000000004
0.000526324195032714,1.5820393320000001,0.00784211
0.000527324195032714,1.5820393320000001,0.007512780000000004
0.000528324195032714,1.5820393320000001,0.007512780000000004
0.000529324195032714,1.5820393320000001,0.007512780000000004
0.000530324195032714,1.5820393320000001,0.007446914000000006
0.0005313241950327141,1.5820393320000001,0.007644511999999999
0.000532324195032714,1.5820393320000001,0.007446914000000006
0.000533324195032714,1.5820393320000001,0.007512780000000004
0.000534324195032714,1.5820393320000001,0.007907976000000004
0.000535324195032714,1.5820393320000001,0.007973842000000002
0.000536324195032714,1.5820393320000001,0.007776244000000002
0.000537324195032714,1.5820393320000001,0.007710378000000004
0.000538324195032714,1.5820393320000001,0.007907976000000004
0.000539324195032714,1.5820393320000001,0.007907976000000004
0.000540324195032714,1.5820393320000001,0.007776244000000002
0.000541324195032714,1.5820393320000001,0.007710378000000004
0.000542324195032714,1.5820393320000001,0.007776244000000002
0.000543324195032714,1.5820393320000001,0.007776244000000002
0.000544324195032714,1.5820393320000001,0.007512780000000004
0.000545324195032714,1.5820393320000001,0.007446914000000006
0.000546324195032714,1.5820393320000001,0.007644511999999999
0.000547324195032714,1.5820393320000001,0.007644511999999999
0.000548324195032714,1.5820393320000001,0.007710378000000004
0.000549324195032714,1.5820393320000001,0.007644511999999999
0.000550324195032714,1.5820393320000001,0.007710378000000004
0.000551324195032714,1.5820393320000001,0.007644511999999999
0.000552324195032714,1.5820393320000001,0.007381048000000001
0.000553324195032714,1.5820393320000001,0.007315182000000003
0.000554324195032714,1.5820393320000001,0.007381048000000001
0.000555324195032714,1.5820393320000001,0.007183450000000001
0.000556324195032714,1.5820393320000001,0.007117584000000003
0.000557324195032714,1.5820393320000001,0.007381048000000001
0.000558324195032714,1.5820393320000001,0.007578646000000001
0.000559324195032714,1.5820393320000001,0.007512780000000004
0.000560324195032714,1.5820393320000001,0.007446914000000006
0.000561324195032714,1.5820393320000001,0.007644511999999999
0.000562324195032714,1.5820393320000001,0.007776244000000002
0.000563324195032714,1.5820393320000001,0.007710378000000004
0.000564324195032714,1.5820393320000001,0.007710378000000004
0.000565324195032714,1.5820393320000001,0.007776244000000002
0.000566324195032714,1.5820393320000001,0.007710378000000004
0.000567324195032714,1.5820393320000001,0.007644511999999999
0.000568324195032714,1.5820393320000001,0.007710378000000004
0.000569324195032714,1.5820393320000001,0.007578646000000001
0.000570324195032714,1.5820393320000001,0.007446914000000006
0.000571324195032714,1.5820393320000001,0.007644511999999999
0.000572324195032714,1.5820393320000001,0.007644511999999999
0.000573324195032714,1.5820393320000001,0.007578646000000001
0.000574324195032714,1.5820393320000001,0.007512780000000004
0.000575324195032714,1.5820393320000001,0.007446914000000006
0.000576324195032714,1.5820393320000001,0.007644511999999999
0.000577324195032714,1.5820393320000001,0.007446914000000006
0.000578324195032714,1.5820393320000001,0.007381048000000001
0.000579324195032714,1.5820393320000001,0.007512780000000004
0.0005803241950327141,1.5820393320000001,0.007644511999999999
0.000581324195032714,1.5820393320000001,0.007578646000000001
0.000582324195032714,1.5820393320000001,0.007446914000000006
0.000583324195032714,1.5820393320000001,0.007644511999999999
0.000584324195032714,1.5820393320000001,0.007710378000000004
0.000585324195032714,1.5820393320000001,0.007512780000000004
0.000586324195032714,1.5820393320000001,0.007446914000000006
0.000587324195032714,1.5820393320000001,0.007512780000000004
0.000588324195032714,1.5820393320000001,0.007644511999999999
0.000589324195032714,1.5820393320000001,0.007644511999999999
0.000590324195032714,1.5820393320000001,0.007644511999999999
0.000591324195032714,1.5820393320000001,0.007446914000000006
0.000592324195032714,1.5820393320000001,0.007249316000000006
0.000593324195032714,1.5820393320000001,0.007446914000000006
0.000594324195032714,1.5820393320000001,0.007512780000000004
0.000595324195032714,1.5820393320000001,0.007512780000000004
0.000596324195032714,1.5820393320000001,0.007446914000000006
0.000597324195032714,1.5820393320000001,0.007512780000000004
0.000598324195032714,1.5820393320000001,0.007710378000000004
0.000599324195032714,1.5820393320000001,0.007710378000000004
0.000600324195032714,1.5820393320000001,0.007776244000000002
0.000601324195032714,1.5820393320000001,0.007907976000000004
0.000602324195032714,1.5820393320000001,0.008105574000000004
0.000603324195032714,1.5820393320000001,0.008105574000000004
0.000604324195032714,1.5820393320000001,0.008039708
0.000605324195032714,1.5820393320000001,0.008039708
0.000606324195032714,1.5820393320000001,0.007973842000000002
0.000607324195032714,1.5820393320000001,0.008171440000000002
0.000608324195032714,1.5820393320000001,0.008237306
0.000609324195032714,1.5820393320000001,0.008039708
0.000610324195032714,1.5820393320000001,0.007973842000000002
0.000611324195032714,1.5820393320000001,0.007973842000000002
0.000612324195032714,1.5820393320000001,0.007907976000000004
0.000613324195032714,1.5820393320000001,0.008039708
0.000614324195032714,1.5820393320000001,0.008303172000000004
0.000615324195032714,1.5820393320000001,0.008171440000000002
0.000616324195032714,1.5820393320000001,0.007776244000000002
0.000617324195032714,1.5820393320000001,0.00784211
0.000618324195032714,1.5820393320000001,0.007973842000000002
0.000619324195032714,1.5820393320000001,0.007776244000000002
0.000620324195032714,1.5820393320000001,0.007710378000000004
0.000621324195032714,1.5820393320000001,0.007578646000000001
0.000622324195032714,1.5820393320000001,0.007644511999999999
0.000623324195032714,1.5820393320000001,0.007776244000000002
0.000624324195032714,1.5820393320000001,0.007381048000000001
0.000625324195032714,1.5820393320000001,0.007183450000000001
0.000626324195032714,1.5820393320000001,0.007446914000000006
0.000627324195032714,1.5820393320000001,0.007512780000000004
0.000628324195032714,1.5820393320000001,0.007381048000000001
0.0006293241950327139,1.5820393320000001,0.007446914000000006
0.000630324195032714,1.5820393320000001,0.007578646000000001
0.000631324195032714,1.5820393320000001,0.007512780000000004
0.000632324195032714,1.5820393320000001,0.007512780000000004
0.000633324195032714,1.5820393320000001,0.007512780000000004
0.000634324195032714,1.5820393320000001,0.007446914000000006
0.000635324195032714,1.5820393320000001,0.007315182000000003
0.000636324195032714,1.5820393320000001,0.007183450000000001
0.000637324195032714,1.5820393320000001,0.007249316000000006
0.000638324195032714,1.5820393320000001,0.007315182000000003
0.000639324195032714,1.5820393320000001,0.007381048000000001
0.000640324195032714,1.5820393320000001,0.007644511999999999
0.000641324195032714,1.5820393320000001,0.007644511999999999
0.000642324195032714,1.5820393320000001,0.007644511999999999
0.000643324195032714,1.5820393320000001,0.007710378000000004
0.000644324195032714,1.5820393320000001,0.007578646000000001
0.000645324195032714,1.5820393320000001,0.007512780000000004
0.000646324195032714,1.5820393320000001,0.007644511999999999
0.000647324195032714,1.5820393320000001,0.007578646000000001
0.000648324195032714,1.5820393320000001,0.007446914000000006
0.000649324195032714,1.5820393320000001,0.007578646000000001
0.000650324195032714,1.5820393320000001,0.007776244000000002
0.000651324195032714,1.5820393320000001,0.007644511999999999
0.000652324195032714,1.5820393320000001,0.007512780000000004
0.000653324195032714,1.5820393320000001,0.007578646000000001
0.000654324195032714,1.5820393320000001,0.007644511999999999
0.000655324195032714,1.5820393320000001,0.007710378000000004
0.000656324195032714,1.5820393320000001,0.007578646000000001
0.000657324195032714,1.5820393320000001,0.007512780000000004
0.000658324195032714,1.5820393320000001,0.007644511999999999
0.000659324195032714,1.5820393320000001,0.007776244000000002
0.000660324195032714,1.5820393320000001,0.00784211
0.000661324195032714,1.5820393320000001,0.00784211
0.000662324195032714,1.5820393320000001,0.00784211
0.000663324195032714,1.5820393320000001,0.007578646000000001
0.000664324195032714,1.5820393320000001,0.007446914000000006
0.000665324195032714,1.5820393320000001,0.007710378000000004
0.000666324195032714,1.5820393320000001,0.007907976000000004
0.000667324195032714,1.5820393320000001,0.007776244000000002
0.000668324195032714,1.5820393320000001,0.007710378000000004
0.000669324195032714,1.5820393320000001,0.007578646000000001
0.000670324195032714,1.5820393320000001,0.007644511999999999
0.000671324195032714,1.5820393320000001,0.007710378000000004
0.000672324195032714,1.5820393320000001,0.007446914000000006
0.000673324195032714,1.5820393320000001,0.007578646000000001
0.000674324195032714,1.5820393320000001,0.007644511999999999
0.000675324195032714,1.5820393320000001,0.007776244000000002
0.000676324195032714,1.5820393320000001,0.00784211
0.000677324195032714,1.5820393320000001,0.007776244000000002
0.0006783241950327139,1.5820393320000001,0.007907976000000004
0.000679324195032714,1.5820393320000001,0.007907976000000004
0.000680324195032714,1.5820393320000001,0.007776244000000002
0.000681324195032714,1.5820393320000001,0.007710378000000004
0.000682324195032714,1.5820393320000001,0.00784211
0.000683324195032714,1.5820393320000001,0.007973842000000002
0.000684324195032714,1.5820393320000001,0.00784211
0.000685324195032714,1.5820393320000001,0.007776244000000002
0.000686324195032714,1.5820393320000001,0.007710378000000004
0.0006873241950327139,1.5820393320000001,0.007578646000000001
0.000688324195032714,1.5820393320000001,0.007381048000000001
0.000689324195032714,1.5820393320000001,0.007315182000000003
0.000690324195032714,1.5820393320000001,0.007578646000000001
0.000691324195032714,1.5820393320000001,0.007644511999999999
0.000692324195032714,1.5820393320000001,0.007578646000000001
0.000693324195032714,1.5820393320000001,0.007710378000000004
0.000694324195032714,1.5820393320000001,0.007644511999999999
0.000695324195032714,1.5820393320000001,0.007512780000000004
0.000696324195032714,1.5820393320000001,0.007512780000000004
0.000697324195032714,1.5820393320000001,0.007512780000000004
0.000698324195032714,1.5820393320000001,0.007381048000000001
0.000699324195032714,1.5820393320000001,0.007315182000000003
0.000700324195032714,1.5820393320000001,0.007578646000000001
0.000701324195032714,1.5820393320000001,0.007644511999999999
0.000702324195032714,1.5820393320000001,0.007512780000000004
0.000703324195032714,1.5820393320000001,0.007578646000000001
0.000704324195032714,1.5820393320000001,0.007512780000000004
0.000705324195032714,1.5820393320000001,0.007578646000000001
0.000706324195032714,1.5820393320000001,0.007512780000000004
0.000707324195032714,1.5820393320000001,0.007381048000000001
0.000708324195032714,1.5820393320000001,0.007644511999999999
0.000709324195032714,1.5820393320000001,0.007446914000000006
0.000710324195032714,1.5820393320000001,0.007446914000000006
0.000711324195032714,1.5820393320000001,0.007644511999999999
0.000712324195032714,1.5820393320000001,0.007710378000000004
0.000713324195032714,1.5820393320000001,0.007710378000000004
0.000714324195032714,1.5820393320000001,0.007644511999999999
0.000715324195032714,1.5820393320000001,0.007776244000000002
0.000716324195032714,1.5820393320000001,0.007776244000000002
0.000717324195032714,1.5820393320000001,0.007776244000000002
0.000718324195032714,1.5820393320000001,0.007644511999999999
0.000719324195032714,1.5820393320000001,0.007512780000000004
0.000720324195032714,1.5820393320000001,0.007578646000000001
0.000721324195032714,1.5820393320000001,0.007710378000000004
0.000722324195032714,1.5820393320000001,0.00784211
0.000723324195032714,1.5820393320000001,0.007644511999999999
0.000724324195032714,1.5820393320000001,0.007578646000000001
0.000725324195032714,1.5820393320000001,0.007710378000000004
0.000726324195032714,1.5820393320000001,0.007446914000000006
0.0007273241950327139,1.5820393320000001,0.007578646000000001
0.000728324195032714,1.5820393320000001,0.007907976000000004
0.000729324195032714,1.5820393320000001,0.00784211
0.000730324195032714,1.5820393320000001,0.007776244000000002
0.000731324195032714,1.5820393320000001,0.00784211
0.000732324195032714,1.5820393320000001,0.007710378000000004
0.000733324195032714,1.5820393320000001,0.007578646000000001
0.000734324195032714,1.5820393320000001,0.007776244000000002
0.000735324195032714,1.5820393320000001,0.007644511999999999
0.0007363241950327139,1.5820393320000001,0.007315182000000003
0.000737324195032714,1.5820393320000001,0.007381048000000001
0.000738324195032714,1.5820393320000001,0.007644511999999999
0.000739324195032714,1.5820393320000001,0.007710378000000004
0.000740324195032714,1.5820393320000001,0.007578646000000001
0.000741324195032714,1.5820393320000001,0.007315182000000003
0.000742324195032714,1.5820393320000001,0.007446914000000006
0.000743324195032714,1.5820393320000001,0.007710378000000004
0.000744324195032714,1.5820393320000001,0.007446914000000006
0.0007453241950327139,1.5820393320000001,0.007446914000000006
0.000746324195032714,1.5820393320000001,0.007578646000000001
0.000747324195032714,1.5820393320000001,0.007578646000000001
0.000748324195032714,1.5820393320000001,0.007512780000000004
0.000749324195032714,1.5820393320000001,0.007446914000000006
0.000750324195032714,1.5820393320000001,0.007512780000000004
0.000751324195032714,1.5820393320000001,0.007381048000000001
0.000752324195032714,1.5820393320000001,0.007446914000000006
0.000753324195032714,1.5820393320000001,0.007446914000000006
0.000754324195032714,1.5820393320000001,0.007446914000000006
0.000755324195032714,1.5820393320000001,0.007776244000000002
0.000756324195032714,1.5820393320000001,0.007776244000000002
0.000757324195032714,1.5820393320000001,0.007644511999999999
0.000758324195032714,1.5820393320000001,0.007512780000000004
0.000759324195032714,1.5820393320000001,0.007381048000000001
0.000760324195032714,1.5820393320000001,0.007578646000000001
0.000761324195032714,1.5820393320000001,0.007776244000000002
0.000762324195032714,1.5820393320000001,0.007776244000000002
0.000763324195032714,1.5820393320000001,0.007973842000000002
0.000764324195032714,1.5820393320000001,0.007973842000000002
0.000765324195032714,1.5820393320000001,0.007907976000000004
0.000766324195032714,1.5820393320000001,0.00784211
0.000767324195032714,1.5820393320000001,0.007907976000000004
0.000768324195032714,1.5820393320000001,0.007973842000000002
0.000769324195032714,1.5820393320000001,0.008039708
0.000770324195032714,1.5820393320000001,0.008105574000000004
0.000771324195032714,1.5820393320000001,0.007907976000000004
0.000772324195032714,1.5820393320000001,0.007907976000000004
0.000773324195032714,1.5820393320000001,0.007973842000000002
0.000774324195032714,1.5820393320000001,0.007907976000000004
0.000775324195032714,1.5820393320000001,0.008039708
0.0007763241950327139,1.5820393320000001,0.008303172000000004
0.000777324195032714,1.5820393320000001,0.008303172000000004
0.000778324195032714,1.5820393320000001,0.008303172000000004
0.000779324195032714,1.5820393320000001,0.008237306
0.000780324195032714,1.5820393320000001,0.007973842000000002
0.000781324195032714,1.5820393320000001,0.00784211
0.000782324195032714,1.5820393320000001,0.008105574000000004
0.000783324195032714,1.5820393320000001,0.008171440000000002
0.000784324195032714,1.5820393320000001,0.008039708
0.0007853241950327139,1.5820393320000001,0.007776244000000002
0.000786324195032714,1.5820393320000001,0.007644511999999999
0.000787324195032714,1.5820393320000001,0.007776244000000002
0.000788324195032714,1.5820393320000001,0.007907976000000004
0.000789324195032714,1.5820393320000001,0.007973842000000002
0.000790324195032714,1.5820393320000001,0.007973842000000002
0.000791324195032714,1.5820393320000001,0.008039708
0.000792324195032714,1.5820393320000001,0.008105574000000004
0.000793324195032714,1.5820393320000001,0.008039708
0.0007943241950327139,1.5820393320000001,0.007973842000000002
0.000795324195032714,1.5820393320000001,0.007973842000000002
0.000796324195032714,1.5820393320000001,0.007973842000000002
0.000797324195032714,1.5820393320000001,0.007973842000000002
0.000798324195032714,1.5820393320000001,0.007973842000000002
0.000799324195032714,1.5820393320000001,0.008171440000000002
0.000800324195032714,1.5820393320000001,0.008500770000000005
0.000801324195032714,1.5820393320000001,0.008434904
0.000802324195032714,1.5820393320000001,0.008171440000000002
0.0008033241950327139,1.5820393320000001,0.008171440000000002
0.000804324195032714,1.5820393320000001,0.008369038000000002
0.000805324195032714,1.5820393320000001,0.008237306
0.000806324195032714,1.5820393320000001,0.008105574000000004
0.000807324195032714,1.5820393320000001,0.008105574000000004
0.000808324195032714,1.5820393320000001,0.007907976000000004
0.000809324195032714,1.5820393320000001,0.007907976000000004
0.000810324195032714,1.5820393320000001,0.007907976000000004
0.000811324195032714,1.5820393320000001,0.007907976000000004
0.000812324195032714,1.5820393320000001,0.008039708
0.000813324195032714,1.5820393320000001,0.007776244000000002
0.000814324195032714,1.5820393320000001,0.007776244000000002
0.000815324195032714,1.5820393320000001,0.00784211
0.0008163241950327139,1.5820393320000001,0.007776244000000002
0.000817324195032714,1.5820393320000001,0.007907976000000004
0.000818324195032714,1.5820393320000001,0.007907976000000004
0.000819324195032714,1.5820393320000001,0.007907976000000004
0.000820324195032714,1.5820393320000001,0.007973842000000002
0.000821324195032714,1.5820393320000001,0.00784211
0.000822324195032714,1.5820393320000001,0.00784211
0.000823324195032714,1.5820393320000001,0.007907976000000004
0.000824324195032714,1.5820393320000001,0.007973842000000002
0.0008253241950327139,1.5820393320000001,0.008171440000000002
0.000826324195032714,1.5820393320000001,0.008237306
0.000827324195032714,1.5820393320000001,0.008369038000000002
0.000828324195032714,1.5820393320000001,0.008434904
0.000829324195032714,1.5820393320000001,0.008500770000000005
0.000830324195032714,1.5820393320000001,0.008500770000000005
0.000831324195032714,1.5820393320000001,0.008500770000000005
0.000832324195032714,1.5820393320000001,0.008500770000000005
0.000833324195032714,1.5820393320000001,0.008369038000000002
0.0008343241950327139,1.5820393320000001,0.008237306
0.000835324195032714,1.5820393320000001,0.008500770000000005
0.000836324195032714,1.5820393320000001,0.008566636000000002
0.000837324195032714,1.5820393320000001,0.008303172000000004
0.000838324195032714,1.5820393320000001,0.008171440000000002
0.000839324195032714,1.5820393320000001,0.008237306
0.000840324195032714,1.5820393320000001,0.008303172000000004
0.000841324195032714,1.5820393320000001,0.008303172000000004
0.000842324195032714,1.5820393320000001,0.008369038000000002
0.0008433241950327139,1.5820393320000001,0.008434904
0.000844324195032714,1.5820393320000001,0.008434904
0.000845324195032714,1.5820393320000001,0.008369038000000002
0.000846324195032714,1.5820393320000001,0.008237306
0.000847324195032714,1.5820393320000001,0.008369038000000002
0.000848324195032714,1.5820393320000001,0.008500770000000005
0.000849324195032714,1.5820393320000001,0.008500770000000005
0.000850324195032714,1.5820393320000001,0.008566636000000002
0.000851324195032714,1.5820393320000001,0.008500770000000005
0.0008523241950327139,1.5820393320000001,0.008698368000000005
0.000853324195032714,1.5820393320000001,0.008632502
0.000854324195032714,1.5820393320000001,0.008434904
0.000855324195032714,1.5820393320000001,0.008500770000000005
0.000856324195032714,1.5820393320000001,0.008500770000000005
0.000857324195032714,1.5820393320000001,0.008566636000000002
0.000858324195032714,1.5820393320000001,0.008566636000000002
0.000859324195032714,1.5820393320000001,0.008500770000000005
0.000860324195032714,1.5820393320000001,0.008369038000000002
0.000861324195032714,1.5820393320000001,0.008434904
0.000862324195032714,1.5820393320000001,0.008764234000000003
0.000863324195032714,1.5820393320000001,0.008698368000000005
0.000864324195032714,1.5820393320000001,0.008500770000000005
0.0008653241950327139,1.5820393320000001,0.008500770000000005
0.000866324195032714,1.5820393320000001,0.008500770000000005
0.000867324195032714,1.5820393320000001,0.008566636000000002
0.000868324195032714,1.5820393320000001,0.008632502
0.000869324195032714,1.5820393320000001,0.008764234000000003
0.000870324195032714,1.5820393320000001,0.008632502
0.000871324195032714,1.5820393320000001,0.008303172000000004
0.000872324195032714,1.5820393320000001,0.008566636000000002
0.000873324195032714,1.5820393320000001,0.008698368000000005
0.0008743241950327139,1.5820393320000001,0.008698368000000005
0.000875324195032714,1.5820393320000001,0.008632502
0.000876324195032714,1.5820393320000001,0.008500770000000005
0.000877324195032714,1.5820393320000001,0.008303172000000004
0.000878324195032714,1.5820393320000001,0.008039708
0.000879324195032714,1.5820393320000001,0.008105574000000004
0.000880324195032714,1.5820393320000001,0.008237306
0.000881324195032714,1.5820393320000001,0.008303172000000004
0.000882324195032714,1.5820393320000001,0.008369038000000002
0.0008833241950327139,1.5820393320000001,0.008237306
0.000884324195032714,1.5820393320000001,0.008303172000000004
0.000885324195032714,1.5820393320000001,0.008237306
0.000886324195032714,1.5820393320000001,0.008039708
0.000887324195032714,1.5820393320000001,0.008171440000000002
0.000888324195032714,1.5820393320000001,0.008434904
0.000889324195032714,1.5820393320000001,0.008369038000000002
0.000890324195032714,1.5820393320000001,0.008171440000000002
0.000891324195032714,1.5820393320000001,0.007973842000000002
0.0008923241950327139,1.5820393320000001,0.008039708
0.000893324195032714,1.5820393320000001,0.008105574000000004
0.000894324195032714,1.5820393320000001,0.007973842000000002
0.000895324195032714,1.5820393320000001,0.008171440000000002
0.000896324195032714,1.5820393320000001,0.008434904
0.000897324195032714,1.5820393320000001,0.008566636000000002
0.000898324195032714,1.5820393320000001,0.008303172000000004
0.000899324195032714,1.5820393320000001,0.008171440000000002
0.000900324195032714,1.5820393320000001,0.008171440000000002
0.0009013241950327139,1.5820393320000001,0.008237306
0.000902324195032714,1.5820393320000001,0.008237306
0.000903324195032714,1.5820393320000001,0.008105574000000004
0.000904324195032714,1.5820393320000001,0.008369038000000002
0.000905324195032714,1.5820393320000001,0.008500770000000005
0.000906324195032714,1.5820393320000001,0.008434904
0.000907324195032714,1.5820393320000001,0.008434904
0.000908324195032714,1.5820393320000001,0.008500770000000005
0.000909324195032714,1.5820393320000001,0.008632502
0.0009103241950327139,1.5820393320000001,0.008566636000000002
0.000911324195032714,1.5820393320000001,0.008434904
0.000912324195032714,1.5820393320000001,0.008237306
0.000913324195032714,1.5820393320000001,0.008171440000000002
0.0009143241950327139,1.5820393320000001,0.008434904
0.000915324195032714,1.5820393320000001,0.008369038000000002
0.000916324195032714,1.5820393320000001,0.008500770000000005
0.000917324195032714,1.5820393320000001,0.008698368000000005
0.000918324195032714,1.5820393320000001,0.008566636000000002
0.000919324195032714,1.5820393320000001,0.008500770000000005
0.000920324195032714,1.5820393320000001,0.008500770000000005
0.000921324195032714,1.5820393320000001,0.008500770000000005
0.000922324195032714,1.5820393320000001,0.008500770000000005
0.0009233241950327139,1.5820393320000001,0.008237306
0.000924324195032714,1.5820393320000001,0.008171440000000002
0.000925324195032714,1.5820393320000001,0.008434904
0.000926324195032714,1.5820393320000001,0.008632502
0.000927324195032714,1.5820393320000001,0.008566636000000002
0.000928324195032714,1.5820393320000001,0.008303172000000004
0.000929324195032714,1.5820393320000001,0.008369038000000002
0.000930324195032714,1.5820393320000001,0.008500770000000005
0.000931324195032714,1.5820393320000001,0.008434904
0.0009323241950327139,1.5820393320000001,0.008369038000000002
0.000933324195032714,1.5820393320000001,0.008237306
0.000934324195032714,1.5820393320000001,0.008237306
0.000935324195032714,1.5820393320000001,0.008434904
0.000936324195032714,1.5820393320000001,0.008369038000000002
0.000937324195032714,1.5820393320000001,0.008434904
0.000938324195032714,1.5820393320000001,0.008500770000000005
0.000939324195032714,1.5820393320000001,0.008434904
0.000940324195032714,1.5820393320000001,0.008369038000000002
0.0009413241950327139,1.5820393320000001,0.008237306
0.000942324195032714,1.5820393320000001,0.008237306
0.000943324195032714,1.5820393320000001,0.008237306
0.000944324195032714,1.5820393320000001,0.008369038000000002
0.000945324195032714,1.5820393320000001,0.008500770000000005
0.000946324195032714,1.5820393320000001,0.008434904
0.000947324195032714,1.5820393320000001,0.008303172000000004
0.000948324195032714,1.5820393320000001,0.008237306
0.000949324195032714,1.5820393320000001,0.008171440000000002
0.0009503241950327139,1.5820393320000001,0.008039708
0.000951324195032714,1.5820393320000001,0.007907976000000004
0.000952324195032714,1.5820393320000001,0.008039708
0.000953324195032714,1.5820393320000001,0.008237306
0.0009543241950327139,1.5820393320000001,0.008303172000000004
0.000955324195032714,1.5820393320000001,0.008237306
0.000956324195032714,1.5820393320000001,0.007973842000000002
0.000957324195032714,1.5820393320000001,0.007973842000000002
0.000958324195032714,1.5820393320000001,0.008303172000000004
0.0009593241950327139,1.5820393320000001,0.008566636000000002
0.000960324195032714,1.5820393320000001,0.008434904
0.000961324195032714,1.5820393320000001,0.008237306
0.000962324195032714,1.5820393320000001,0.008171440000000002
0.0009633241950327139,1.5820393320000001,0.008171440000000002
0.000964324195032714,1.5820393320000001,0.008303172000000004
0.000965324195032714,1.5820393320000001,0.008369038000000002
0.000966324195032714,1.5820393320000001,0.008171440000000002
0.000967324195032714,1.5820393320000001,0.008039708
0.0009683241950327139,1.5820393320000001,0.008237306
0.000969324195032714,1.5820393320000001,0.008434904
0.000970324195032714,1.5820393320000001,0.008434904
0.000971324195032714,1.5820393320000001,0.008105574000000004
0.0009723241950327139,1.5820393320000001,0.007776244000000002
0.000973324195032714,1.5820393320000001,0.00784211
0.000974324195032714,1.5820393320000001,0.008171440000000002
0.000975324195032714,1.5820393320000001,0.008171440000000002
0.000976324195032714,1.5820393320000001,0.00784211
0.0009773241950327138,1.5820393320000001,0.007907976000000004
0.000978324195032714,1.5820393320000001,0.008105574000000004
0.0009793241950327139,1.5820393320000001,0.008039708
0.0009803241950327138,1.5820393320000001,0.007644511999999999
0.000981324195032714,1.5820393320000001,0.007578646000000001
0.0009823241950327139,1.5820393320000001,0.007776244000000002
0.0009833241950327138,1.5820393320000001,0.007776244000000002
0.000984324195032714,1.5820393320000001,0.00784211
0.0009853241950327138,1.5820393320000001,0.00784211
0.000986324195032714,1.5820393320000001,0.007776244000000002
0.0009873241950327139,1.5820393320000001,0.007776244000000002
0.0009883241950327138,1.5820393320000001,0.007776244000000002
0.000989324195032714,1.5820393320000001,0.008039708
0.0009903241950327138,1.5820393320000001,0.008105574000000004
0.000991324195032714,1.5820393320000001,0.00784211
0.0009923241950327139,1.5820393320000001,0.007907976000000004
0.0009933241950327138,1.5820393320000001,0.007907976000000004
0.000994324195032714,1.5820393320000001,0.00784211
0.0009953241950327138,1.5820393320000001,0.007776244000000002
0.000996324195032714,1.5820393320000001,0.007578646000000001
0.0009973241950327139,1.5820393320000001,0.007446914000000006
0.0009983241950327138,1.5820393320000001,0.007578646000000001
0.000999324195032714,1.5820393320000001,0.007776244000000002
0.0010003241950327139,1.5820393320000001,0.007512780000000004
0.0010013241950327138,1.5820393320000001,0.007249316000000006
0.001002324195032714,1.5820393320000001,0.007381048000000001
