Time (s),Channel 1 Voltage (V),Channel 2 Voltage (V)
-9.24501477456e-07,0.0842509219,0.008171440000000002
7.549852254399992e-08,0.7591342261,0.008303172000000004
1.0754985225439998e-06,1.4678568059000001,0.008105574000000004
2.075498522544e-06,1.5820393320000001,0.008039708
3.0754985225439997e-06,1.5820393320000001,0.008237306
4.075498522544e-06,1.5820393320000001,0.008171440000000002
5.0754985225440004e-06,1.5820393320000001,0.008237306
6.075498522544e-06,1.5820393320000001,0.008369038000000002
7.075498522544e-06,1.5820393320000001,0.008500770000000005
8.075498522544e-06,1.5820393320000001,0.008434904
9.075498522544e-06,1.5820393320000001,0.008303172000000004
1.0075498522544e-05,1.5820393320000001,0.008500770000000005
1.1075498522544e-05,1.5820393320000001,0.008303172000000004
1.2075498522544e-05,1.5820393320000001,0.008039708
1.3075498522544e-05,1.5820393320000001,0.007907976000000004
1.4075498522543999e-05,1.5820393320000001,0.007710378000000004
1.5075498522544e-05,1.5820393320000001,0.008039708
1.6075498522544e-05,1.5820393320000001,0.008303172000000004
1.7075498522544e-05,1.5820393320000001,0.008434904
1.8075498522543998e-05,1.5820393320000001,0.008369038000000002
1.9075498522544e-05,1.5820393320000001,0.008303172000000004
2.0075498522544e-05,1.5820393320000001,0.008500770000000005
2.1075498522544e-05,1.5820393320000001,0.008434904
2.2075498522544e-05,1.5820393320000001,0.008303172000000004
2.3075498522544e-05,1.5820393320000001,0.008369038000000002
2.4075498522543998e-05,1.5820393320000001,0.008237306
2.5075498522544e-05,1.5820393320000001,0.008237306
2.6075498522544e-05,1.5820393320000001,0.008237306
2.7075498522544e-05,1.5820393320000001,0.008171440000000002
2.8075498522544e-05,1.5820393320000001,0.008434904
2.9075498522543998e-05,1.5820393320000001,0.008566636000000002
3.0075498522544e-05,1.5820393320000001,0.008632502
3.1075498522543995e-05,1.5820393320000001,0.008566636000000002
3.207549852254399e-05,1.5820393320000001,0.008500770000000005
3.3075498522544e-05,1.5820393320000001,0.008369038000000002
3.4075498522543994e-05,1.5820393320000001,0.008171440000000002
3.5075498522544e-05,1.5820393320000001,0.008237306
3.6075498522543995e-05,1.5820393320000001,0.008171440000000002
3.707549852254399e-05,1.5820393320000001,0.007973842000000002
3.8075498522543996e-05,1.5820393320000001,0.008039708
3.907549852254399e-05,1.5820393320000001,0.008171440000000002
4.0075498522544e-05,1.5820393320000001,0.008237306
4.1075498522543995e-05,1.5820393320000001,0.008369038000000002
4.207549852254399e-05,1.5820393320000001,0.008303172000000004
4.3075498522543996e-05,1.5820393320000001,0.008237306
4.407549852254399e-05,1.5820393320000001,0.008237306
4.5075498522544e-05,1.5820393320000001,0.008105574000000004
4.6075498522543994e-05,1.5820393320000001,0.008171440000000002
4.7075498522544e-05,1.5820393320000001,0.008303172000000004
4.8075498522543995e-05,1.5820393320000001,0.008171440000000002
4.907549852254399e-05,1.5820393320000001,0.008105574000000004
5.0075498522543996e-05,1.5820393320000001,0.008369038000000002
5.1075498522543994e-05,1.5820393320000001,0.008566636000000002
5.2075498522544e-05,1.5820393320000001,0.008632502
5.3075498522543995e-05,1.5820393320000001,0.008369038000000002
5.407549852254399e-05,1.5820393320000001,0.008237306
5.5075498522543996e-05,1.5820393320000001,0.008303172000000004
5.607549852254399e-05,1.5820393320000001,0.008105574000000004
5.7075498522544e-05,1.5820393320000001,0.008171440000000002
5.8075498522543994e-05,1.5820393320000001,0.008369038000000002
5.907549852254399e-05,1.5820393320000001,0.008434904
6.0075498522543996e-05,1.5820393320000001,0.008566636000000002
6.1075498522544e-05,1.5820393320000001,0.008434904
6.2075498522544e-05,1.5820393320000001,0.008434904
6.3075498522544e-05,1.5820393320000001,0.008369038000000002
6.407549852254399e-05,1.5820393320000001,0.008237306
6.507549852254399e-05,1.5820393320000001,0.008237306
6.6075498522544e-05,1.5820393320000001,0.008039708
6.7075498522544e-05,1.5820393320000001,0.008237306
6.8075498522544e-05,1.5820393320000001,0.008566636000000002
6.907549852254399e-05,1.5820393320000001,0.008566636000000002
7.007549852254399e-05,1.5820393320000001,0.008434904
7.1075498522544e-05,1.5820393320000001,0.008434904
7.2075498522544e-05,1.5820393320000001,0.008764234000000003
7.307549852254399e-05,1.5820393320000001,0.0088301
7.407549852254399e-05,1.5820393320000001,0.0088301
7.507549852254399e-05,1.5820393320000001,0.008764234000000003
7.6075498522544e-05,1.5820393320000001,0.008566636000000002
7.7075498522544e-05,1.5820393320000001,0.0088301
7.807549852254399e-05,1.5820393320000001,0.008764234000000003
7.907549852254399e-05,1.5820393320000001,0.008566636000000002
8.007549852254399e-05,1.5820393320000001,0.008698368000000005
8.1075498522544e-05,1.5820393320000001,0.008632502
8.2075498522544e-05,1.5820393320000001,0.008566636000000002
8.307549852254399e-05,1.5820393320000001,0.008566636000000002
8.407549852254399e-05,1.5820393320000001,0.008500770000000005
8.507549852254399e-05,1.5820393320000001,0.008500770000000005
8.6075498522544e-05,1.5820393320000001,0.008434904
8.7075498522544e-05,1.5820393320000001,0.008369038000000002
8.807549852254399e-05,1.5820393320000001,0.008434904
8.907549852254399e-05,1.5820393320000001,0.008434904
9.007549852254399e-05,1.5820393320000001,0.008566636000000002
9.1075498522544e-05,1.5820393320000001,0.008566636000000002
9.2075498522544e-05,1.5820393320000001,0.008566636000000002
9.307549852254399e-05,1.5820393320000001,0.008500770000000005
9.407549852254399e-05,1.5820393320000001,0.008500770000000005
9.5075498522544e-05,1.5820393320000001,0.008500770000000005
9.6075498522544e-05,1.5820393320000001,0.008500770000000005
9.7075498522544e-05,1.5820393320000001,0.008632502
9.807549852254399e-05,1.5820393320000001,0.008698368000000005
9.907549852254399e-05,1.5820393320000001,0.008698368000000005
0.000100075498522544,1.5820393320000001,0.0088301
0.000101075498522544,1.5820393320000001,0.008698368000000005
0.000102075498522544,1.5820393320000001,0.0088301
0.00010307549852254399,1.5820393320000001,0.008895966000000005
0.00010407549852254399,1.5820393320000001,0.0088301
0.000105075498522544,1.5820393320000001,0.009027698
0.000106075498522544,1.5820393320000001,0.008764234000000003
0.00010707549852254399,1.5820393320000001,0.008566636000000002
0.00010807549852254399,1.5820393320000001,0.008566636000000002
0.00010907549852254399,1.5820393320000001,0.008698368000000005
0.000110075498522544,1.5820393320000001,0.008764234000000003
0.000111075498522544,1.5820393320000001,0.008764234000000003
0.00011207549852254399,1.5820393320000001,0.0088301
0.00011307549852254399,1.5820393320000001,0.008632502
0.00011407549852254399,1.5820393320000001,0.008632502
0.000115075498522544,1.5820393320000001,0.008698368000000005
0.000116075498522544,1.5820393320000001,0.008566636000000002
0.00011707549852254399,1.5820393320000001,0.008698368000000005
0.00011807549852254399,1.5820393320000001,0.008764234000000003
0.00011907549852254399,1.5820393320000001,0.008764234000000003
0.000120075498522544,1.5820393320000001,0.009027698
0.000121075498522544,1.5820393320000001,0.008961832000000003
0.000122075498522544,1.5820393320000001,0.008632502
0.00012307549852254402,1.5820393320000001,0.008500770000000005
0.000124075498522544,1.5820393320000001,0.008632502
0.000125075498522544,1.5820393320000001,0.0088301
0.000126075498522544,1.5820393320000001,0.008698368000000005
0.000127075498522544,1.5820393320000001,0.008500770000000005
0.000128075498522544,1.5820393320000001,0.008369038000000002
0.000129075498522544,1.5820393320000001,0.008303172000000004
0.000130075498522544,1.5820393320000001,0.008171440000000002
0.000131075498522544,1.5820393320000001,0.008171440000000002
0.00013207549852254402,1.5820393320000001,0.008632502
0.00013307549852254401,1.5820393320000001,0.008764234000000003
0.000134075498522544,1.5820393320000001,0.008698368000000005
0.000135075498522544,1.5820393320000001,0.008434904
0.000136075498522544,1.5820393320000001,0.008369038000000002
0.000137075498522544,1.5820393320000001,0.008566636000000002
0.000138075498522544,1.5820393320000001,0.008434904
0.000139075498522544,1.5820393320000001,0.008434904
0.000140075498522544,1.5820393320000001,0.008500770000000005
0.000141075498522544,1.5820393320000001,0.008500770000000005
0.00014207549852254402,1.5820393320000001,0.008566636000000002
0.00014307549852254401,1.5820393320000001,0.008434904
0.000144075498522544,1.5820393320000001,0.008303172000000004
0.000145075498522544,1.5820393320000001,0.008237306
0.000146075498522544,1.5820393320000001,0.008237306
0.000147075498522544,1.5820393320000001,0.008237306
0.000148075498522544,1.5820393320000001,0.008171440000000002
0.000149075498522544,1.5820393320000001,0.008237306
0.000150075498522544,1.5820393320000001,0.008434904
0.000151075498522544,1.5820393320000001,0.008434904
0.00015207549852254402,1.5820393320000001,0.008434904
0.000153075498522544,1.5820393320000001,0.008566636000000002
0.000154075498522544,1.5820393320000001,0.008566636000000002
0.000155075498522544,1.5820393320000001,0.008369038000000002
0.000156075498522544,1.5820393320000001,0.008369038000000002
0.000157075498522544,1.5820393320000001,0.008698368000000005
0.000158075498522544,1.5820393320000001,0.008764234000000003
0.000159075498522544,1.5820393320000001,0.008566636000000002
0.000160075498522544,1.5820393320000001,0.008369038000000002
0.000161075498522544,1.5820393320000001,0.008237306
0.00016207549852254402,1.5820393320000001,0.008434904
0.000163075498522544,1.5820393320000001,0.008237306
0.000164075498522544,1.5820393320000001,0.008105574000000004
0.000165075498522544,1.5820393320000001,0.008369038000000002
0.000166075498522544,1.5820393320000001,0.008434904
0.000167075498522544,1.5820393320000001,0.008369038000000002
0.000168075498522544,1.5820393320000001,0.008434904
0.000169075498522544,1.5820393320000001,0.008566636000000002
0.000170075498522544,1.5820393320000001,0.008566636000000002
0.000171075498522544,1.5820393320000001,0.008500770000000005
0.00017207549852254401,1.5820393320000001,0.008500770000000005
0.000173075498522544,1.5820393320000001,0.008500770000000005
0.000174075498522544,1.5820393320000001,0.008500770000000005
0.000175075498522544,1.5820393320000001,0.008303172000000004
0.000176075498522544,1.5820393320000001,0.008171440000000002
0.000177075498522544,1.5820393320000001,0.008303172000000004
0.000178075498522544,1.5820393320000001,0.008434904
0.000179075498522544,1.5820393320000001,0.008303172000000004
0.000180075498522544,1.5820393320000001,0.008303172000000004
0.000181075498522544,1.5820393320000001,0.008171440000000002
0.000182075498522544,1.5820393320000001,0.008171440000000002
0.000183075498522544,1.5820393320000001,0.008171440000000002
0.000184075498522544,1.5820393320000001,0.008171440000000002
0.000185075498522544,1.5820393320000001,0.008237306
0.000186075498522544,1.5820393320000001,0.008369038000000002
0.000187075498522544,1.5820393320000001,0.008303172000000004
0.000188075498522544,1.5820393320000001,0.008039708
0.000189075498522544,1.5820393320000001,0.008237306
0.000190075498522544,1.5820393320000001,0.008237306
0.00019107549852254402,1.5820393320000001,0.007907976000000004
0.000192075498522544,1.5820393320000001,0.007776244000000002
0.000193075498522544,1.5820393320000001,0.00784211
0.000194075498522544,1.5820393320000001,0.007973842000000002
0.000195075498522544,1.5820393320000001,0.00784211
0.000196075498522544,1.5820393320000001,0.007973842000000002
0.000197075498522544,1.5820393320000001,0.008039708
0.000198075498522544,1.5820393320000001,0.008171440000000002
0.000199075498522544,1.5820393320000001,0.008434904
0.000200075498522544,1.5820393320000001,0.008500770000000005
0.00020107549852254401,1.5820393320000001,0.008500770000000005
0.000202075498522544,1.5820393320000001,0.008303172000000004
0.000203075498522544,1.5820393320000001,0.008039708
0.000204075498522544,1.5820393320000001,0.008171440000000002
0.000205075498522544,1.5820393320000001,0.008303172000000004
0.000206075498522544,1.5820393320000001,0.008237306
0.000207075498522544,1.5820393320000001,0.008171440000000002
0.000208075498522544,1.5820393320000001,0.008105574000000004
0.000209075498522544,1.5820393320000001,0.007973842000000002
0.000210075498522544,1.5820393320000001,0.007973842000000002
0.00021107549852254401,1.5820393320000001,0.008105574000000004
0.000212075498522544,1.5820393320000001,0.008039708
0.000213075498522544,1.5820393320000001,0.008039708
0.000214075498522544,1.5820393320000001,0.008237306
0.000215075498522544,1.5820393320000001,0.008237306
0.000216075498522544,1.5820393320000001,0.008105574000000004
0.000217075498522544,1.5820393320000001,0.008237306
0.000218075498522544,1.5820393320000001,0.008237306
0.000219075498522544,1.5820393320000001,0.008171440000000002
0.000220075498522544,1.5820393320000001,0.008105574000000004
0.000221075498522544,1.5820393320000001,0.007907976000000004
0.000222075498522544,1.5820393320000001,0.008039708
0.000223075498522544,1.5820393320000001,0.008171440000000002
0.000224075498522544,1.5820393320000001,0.007907976000000004
0.000225075498522544,1.5820393320000001,0.007644511999999999
0.000226075498522544,1.5820393320000001,0.007644511999999999
0.000227075498522544,1.5820393320000001,0.007710378000000004
0.000228075498522544,1.5820393320000001,0.007710378000000004
0.000229075498522544,1.5820393320000001,0.007644511999999999
0.000230075498522544,1.5820393320000001,0.007644511999999999
0.000231075498522544,1.5820393320000001,0.007644511999999999
0.000232075498522544,1.5820393320000001,0.007644511999999999
0.000233075498522544,1.5820393320000001,0.007710378000000004
0.000234075498522544,1.5820393320000001,0.00784211
0.000235075498522544,1.5820393320000001,0.00784211
0.000236075498522544,1.5820393320000001,0.007644511999999999
0.000237075498522544,1.5820393320000001,0.007578646000000001
0.000238075498522544,1.5820393320000001,0.007578646000000001
0.000239075498522544,1.5820393320000001,0.007710378000000004
0.000240075498522544,1.5820393320000001,0.007644511999999999
0.000241075498522544,1.5820393320000001,0.007381048000000001
0.000242075498522544,1.5820393320000001,0.007446914000000006
0.000243075498522544,1.5820393320000001,0.007512780000000004
0.000244075498522544,1.5820393320000001,0.007446914000000006
0.00024507549852254397,1.5820393320000001,0.007381048000000001
0.000246075498522544,1.5820393320000001,0.007381048000000001
0.000247075498522544,1.5820393320000001,0.007578646000000001
0.000248075498522544,1.5820393320000001,0.007710378000000004
0.000249075498522544,1.5820393320000001,0.007776244000000002
0.000250075498522544,1.5820393320000001,0.007644511999999999
0.000251075498522544,1.5820393320000001,0.007512780000000004
0.000252075498522544,1.5820393320000001,0.007512780000000004
0.000253075498522544,1.5820393320000001,0.007381048000000001
0.000254075498522544,1.5820393320000001,0.007315182000000003
0.000255075498522544,1.5820393320000001,0.007381048000000001
0.000256075498522544,1.5820393320000001,0.007446914000000006
0.000257075498522544,1.5820393320000001,0.007512780000000004
0.000258075498522544,1.5820393320000001,0.007446914000000006
0.000259075498522544,1.5820393320000001,0.007381048000000001
0.000260075498522544,1.5820393320000001,0.007249316000000006
0.000261075498522544,1.5820393320000001,0.007117584000000003
0.000262075498522544,1.5820393320000001,0.007183450000000001
0.000263075498522544,1.5820393320000001,0.007512780000000004
0.000264075498522544,1.5820393320000001,0.007644511999999999
0.000265075498522544,1.5820393320000001,0.007446914000000006
0.000266075498522544,1.5820393320000001,0.007249316000000006
0.000267075498522544,1.5820393320000001,0.007183450000000001
0.000268075498522544,1.5820393320000001,0.007117584000000003
0.000269075498522544,1.5820393320000001,0.006985852000000001
0.000270075498522544,1.5820393320000001,0.007117584000000003
0.000271075498522544,1.5820393320000001,0.007315182000000003
0.000272075498522544,1.5820393320000001,0.007249316000000006
0.000273075498522544,1.5820393320000001,0.006919986000000003
0.00027407549852254397,1.5820393320000001,0.007051718000000005
0.000275075498522544,1.5820393320000001,0.007249316000000006
0.000276075498522544,1.5820393320000001,0.007249316000000006
0.000277075498522544,1.5820393320000001,0.007446914000000006
0.000278075498522544,1.5820393320000001,0.007315182000000003
0.000279075498522544,1.5820393320000001,0.007051718000000005
0.000280075498522544,1.5820393320000001,0.007117584000000003
0.000281075498522544,1.5820393320000001,0.007183450000000001
0.000282075498522544,1.5820393320000001,0.007249316000000006
0.000283075498522544,1.5820393320000001,0.007446914000000006
0.000284075498522544,1.5820393320000001,0.007512780000000004
0.000285075498522544,1.5820393320000001,0.007249316000000006
0.000286075498522544,1.5820393320000001,0.006919986000000003
0.000287075498522544,1.5820393320000001,0.007183450000000001
0.000288075498522544,1.5820393320000001,0.007315182000000003
0.000289075498522544,1.5820393320000001,0.006919986000000003
0.000290075498522544,1.5820393320000001,0.006722388000000003
0.000291075498522544,1.5820393320000001,0.006919986000000003
0.000292075498522544,1.5820393320000001,0.007117584000000003
0.000293075498522544,1.5820393320000001,0.007183450000000001
0.00029407549852254397,1.5820393320000001,0.007183450000000001
0.000295075498522544,1.5820393320000001,0.007249316000000006
0.000296075498522544,1.5820393320000001,0.007446914000000006
0.000297075498522544,1.5820393320000001,0.007315182000000003
0.000298075498522544,1.5820393320000001,0.007051718000000005
0.000299075498522544,1.5820393320000001,0.007051718000000005
0.000300075498522544,1.5820393320000001,0.007183450000000001
0.000301075498522544,1.5820393320000001,0.007183450000000001
0.000302075498522544,1.5820393320000001,0.007249316000000006
0.000303075498522544,1.5820393320000001,0.007446914000000006
0.000304075498522544,1.5820393320000001,0.007381048000000001
0.000305075498522544,1.5820393320000001,0.007183450000000001
0.000306075498522544,1.5820393320000001,0.007117584000000003
0.000307075498522544,1.5820393320000001,0.007117584000000003
0.000308075498522544,1.5820393320000001,0.007183450000000001
0.000309075498522544,1.5820393320000001,0.007249316000000006
0.000310075498522544,1.5820393320000001,0.007315182000000003
0.000311075498522544,1.5820393320000001,0.007446914000000006
0.000312075498522544,1.5820393320000001,0.007315182000000003
0.000313075498522544,1.5820393320000001,0.007117584000000003
0.00031407549852254397,1.5820393320000001,0.007117584000000003
0.000315075498522544,1.5820393320000001,0.007117584000000003
0.000316075498522544,1.5820393320000001,0.007117584000000003
0.000317075498522544,1.5820393320000001,0.007051718000000005
0.000318075498522544,1.5820393320000001,0.006985852000000001
0.000319075498522544,1.5820393320000001,0.007249316000000006
0.000320075498522544,1.5820393320000001,0.007381048000000001
0.000321075498522544,1.5820393320000001,0.007249316000000006
0.000322075498522544,1.5820393320000001,0.006985852000000001
0.00032307549852254397,1.5820393320000001,0.006656522000000005
0.000324075498522544,1.5820393320000001,0.0067882540000000005
0.000325075498522544,1.5820393320000001,0.006656522000000005
0.000326075498522544,1.5820393320000001,0.0065247900000000025
0.000327075498522544,1.5820393320000001,0.006590656
0.000328075498522544,1.5820393320000001,0.006722388000000003
0.000329075498522544,1.5820393320000001,0.006722388000000003
0.000330075498522544,1.5820393320000001,0.006722388000000003
0.000331075498522544,1.5820393320000001,0.006722388000000003
0.000332075498522544,1.5820393320000001,0.006722388000000003
0.000333075498522544,1.5820393320000001,0.006919986000000003
0.000334075498522544,1.5820393320000001,0.007117584000000003
0.000335075498522544,1.5820393320000001,0.006985852000000001
0.000336075498522544,1.5820393320000001,0.006919986000000003
0.000337075498522544,1.5820393320000001,0.006854120000000005
0.000338075498522544,1.5820393320000001,0.006722388000000003
0.000339075498522544,1.5820393320000001,0.0067882540000000005
0.000340075498522544,1.5820393320000001,0.006919986000000003
0.000341075498522544,1.5820393320000001,0.006919986000000003
0.000342075498522544,1.5820393320000001,0.006919986000000003
0.00034307549852254397,1.5820393320000001,0.006656522000000005
0.000344075498522544,1.5820393320000001,0.006590656
0.000345075498522544,1.5820393320000001,0.0067882540000000005
0.000346075498522544,1.5820393320000001,0.006919986000000003
0.000347075498522544,1.5820393320000001,0.006985852000000001
0.000348075498522544,1.5820393320000001,0.007051718000000005
0.000349075498522544,1.5820393320000001,0.007051718000000005
0.000350075498522544,1.5820393320000001,0.006854120000000005
0.000351075498522544,1.5820393320000001,0.006722388000000003
0.00035207549852254397,1.5820393320000001,0.006919986000000003
0.000353075498522544,1.5820393320000001,0.007315182000000003
0.000354075498522544,1.5820393320000001,0.007381048000000001
0.000355075498522544,1.5820393320000001,0.007183450000000001
0.000356075498522544,1.5820393320000001,0.007315182000000003
0.000357075498522544,1.5820393320000001,0.007446914000000006
0.000358075498522544,1.5820393320000001,0.007249316000000006
0.000359075498522544,1.5820393320000001,0.007051718000000005
0.000360075498522544,1.5820393320000001,0.007051718000000005
0.000361075498522544,1.5820393320000001,0.007051718000000005
0.000362075498522544,1.5820393320000001,0.006919986000000003
0.00036307549852254397,1.5820393320000001,0.006985852000000001
0.000364075498522544,1.5820393320000001,0.006919986000000003
0.000365075498522544,1.5820393320000001,0.006985852000000001
0.000366075498522544,1.5820393320000001,0.007183450000000001
0.000367075498522544,1.5820393320000001,0.007117584000000003
0.000368075498522544,1.5820393320000001,0.007117584000000003
0.000369075498522544,1.5820393320000001,0.007051718000000005
0.000370075498522544,1.5820393320000001,0.006854120000000005
0.000371075498522544,1.5820393320000001,0.006985852000000001
0.00037207549852254397,1.5820393320000001,0.007183450000000001
0.000373075498522544,1.5820393320000001,0.007315182000000003
0.000374075498522544,1.5820393320000001,0.007512780000000004
0.000375075498522544,1.5820393320000001,0.007381048000000001
0.000376075498522544,1.5820393320000001,0.007249316000000006
0.000377075498522544,1.5820393320000001,0.007446914000000006
0.000378075498522544,1.5820393320000001,0.007315182000000003
0.000379075498522544,1.5820393320000001,0.007249316000000006
0.000380075498522544,1.5820393320000001,0.007512780000000004
0.00038107549852254397,1.5820393320000001,0.007446914000000006
0.000382075498522544,1.5820393320000001,0.007249316000000006
0.000383075498522544,1.5820393320000001,0.007117584000000003
0.000384075498522544,1.5820393320000001,0.007117584000000003
0.000385075498522544,1.5820393320000001,0.007117584000000003
0.000386075498522544,1.5820393320000001,0.007051718000000005
0.000387075498522544,1.5820393320000001,0.006985852000000001
0.000388075498522544,1.5820393320000001,0.006854120000000005
0.000389075498522544,1.5820393320000001,0.007051718000000005
0.000390075498522544,1.5820393320000001,0.007249316000000006
0.000391075498522544,1.5820393320000001,0.007117584000000003
0.00039207549852254397,1.5820393320000001,0.007051718000000005
0.000393075498522544,1.5820393320000001,0.007051718000000005
0.000394075498522544,1.5820393320000001,0.007117584000000003
0.000395075498522544,1.5820393320000001,0.007117584000000003
0.000396075498522544,1.5820393320000001,0.007117584000000003
0.000397075498522544,1.5820393320000001,0.007051718000000005
0.000398075498522544,1.5820393320000001,0.007051718000000005
0.000399075498522544,1.5820393320000001,0.007183450000000001
0.000400075498522544,1.5820393320000001,0.007315182000000003
0.00040107549852254397,1.5820393320000001,0.007446914000000006
0.000402075498522544,1.5820393320000001,0.007446914000000006
0.000403075498522544,1.5820393320000001,0.007446914000000006
0.000404075498522544,1.5820393320000001,0.007644511999999999
0.000405075498522544,1.5820393320000001,0.007512780000000004
0.000406075498522544,1.5820393320000001,0.007381048000000001
0.000407075498522544,1.5820393320000001,0.007381048000000001
0.000408075498522544,1.5820393320000001,0.007446914000000006
0.000409075498522544,1.5820393320000001,0.007315182000000003
0.00041007549852254397,1.5820393320000001,0.007183450000000001
0.000411075498522544,1.5820393320000001,0.007446914000000006
0.00041207549852254397,1.5820393320000001,0.007512780000000004
0.000413075498522544,1.5820393320000001,0.007381048000000001
0.000414075498522544,1.5820393320000001,0.007381048000000001
0.000415075498522544,1.5820393320000001,0.007381048000000001
0.000416075498522544,1.5820393320000001,0.007578646000000001
0.000417075498522544,1.5820393320000001,0.007512780000000004
0.000418075498522544,1.5820393320000001,0.007381048000000001
0.000419075498522544,1.5820393320000001,0.007512780000000004
0.000420075498522544,1.5820393320000001,0.007381048000000001
0.00042107549852254397,1.5820393320000001,0.007249316000000006
0.000422075498522544,1.5820393320000001,0.007315182000000003
0.000423075498522544,1.5820393320000001,0.007381048000000001
0.000424075498522544,1.5820393320000001,0.007315182000000003
0.000425075498522544,1.5820393320000001,0.007051718000000005
0.000426075498522544,1.5820393320000001,0.006985852000000001
0.000427075498522544,1.5820393320000001,0.007051718000000005
0.000428075498522544,1.5820393320000001,0.007249316000000006
0.000429075498522544,1.5820393320000001,0.007381048000000001
0.00043007549852254397,1.5820393320000001,0.007315182000000003
0.000431075498522544,1.5820393320000001,0.007381048000000001
0.00043207549852254396,1.5820393320000001,0.007446914000000006
0.000433075498522544,1.5820393320000001,0.007381048000000001
0.000434075498522544,1.5820393320000001,0.007117584000000003
0.000435075498522544,1.5820393320000001,0.007051718000000005
0.000436075498522544,1.5820393320000001,0.007051718000000005
0.000437075498522544,1.5820393320000001,0.007051718000000005
0.000438075498522544,1.5820393320000001,0.007183450000000001
0.00043907549852254397,1.5820393320000001,0.007183450000000001
0.000440075498522544,1.5820393320000001,0.007117584000000003
0.00044107549852254397,1.5820393320000001,0.007051718000000005
0.000442075498522544,1.5820393320000001,0.006919986000000003
0.000443075498522544,1.5820393320000001,0.007249316000000006
0.000444075498522544,1.5820393320000001,0.007381048000000001
0.000445075498522544,1.5820393320000001,0.007315182000000003
0.000446075498522544,1.5820393320000001,0.007249316000000006
0.000447075498522544,1.5820393320000001,0.007183450000000001
0.000448075498522544,1.5820393320000001,0.007183450000000001
0.000449075498522544,1.5820393320000001,0.007117584000000003
0.00045007549852254397,1.5820393320000001,0.007249316000000006
0.000451075498522544,1.5820393320000001,0.007381048000000001
0.000452075498522544,1.5820393320000001,0.007381048000000001
0.000453075498522544,1.5820393320000001,0.007446914000000006
0.000454075498522544,1.5820393320000001,0.007381048000000001
0.000455075498522544,1.5820393320000001,0.007117584000000003
0.000456075498522544,1.5820393320000001,0.007315182000000003
0.000457075498522544,1.5820393320000001,0.007512780000000004
0.000458075498522544,1.5820393320000001,0.007381048000000001
0.00045907549852254397,1.5820393320000001,0.007183450000000001
0.000460075498522544,1.5820393320000001,0.007117584000000003
0.00046107549852254396,1.5820393320000001,0.007117584000000003
0.000462075498522544,1.5820393320000001,0.006985852000000001
0.000463075498522544,1.5820393320000001,0.007183450000000001
0.000464075498522544,1.5820393320000001,0.007315182000000003
0.000465075498522544,1.5820393320000001,0.006985852000000001
0.000466075498522544,1.5820393320000001,0.006985852000000001
0.000467075498522544,1.5820393320000001,0.006985852000000001
0.00046807549852254397,1.5820393320000001,0.007051718000000005
0.000469075498522544,1.5820393320000001,0.007183450000000001
0.00047007549852254397,1.5820393320000001,0.007249316000000006
0.000471075498522544,1.5820393320000001,0.007381048000000001
0.000472075498522544,1.5820393320000001,0.007315182000000003
0.000473075498522544,1.5820393320000001,0.007315182000000003
0.000474075498522544,1.5820393320000001,0.007249316000000006
0.000475075498522544,1.5820393320000001,0.007381048000000001
0.000476075498522544,1.5820393320000001,0.007446914000000006
0.000477075498522544,1.5820393320000001,0.007381048000000001
0.000478075498522544,1.5820393320000001,0.007381048000000001
0.00047907549852254397,1.5820393320000001,0.007446914000000006
0.000480075498522544,1.5820393320000001,0.007512780000000004
0.00048107549852254396,1.5820393320000001,0.007381048000000001
0.000482075498522544,1.5820393320000001,0.007249316000000006
0.000483075498522544,1.5820393320000001,0.007249316000000006
0.000484075498522544,1.5820393320000001,0.007315182000000003
0.000485075498522544,1.5820393320000001,0.007315182000000003
0.000486075498522544,1.5820393320000001,0.007446914000000006
0.000487075498522544,1.5820393320000001,0.007644511999999999
0.00048807549852254397,1.5820393320000001,0.007578646000000001
0.0004890754985225439,1.5820393320000001,0.007512780000000004
0.000490075498522544,1.5820393320000001,0.007446914000000006
0.0004910754985225439,1.5820393320000001,0.007381048000000001
0.0004920754985225439,1.5820393320000001,0.007381048000000001
0.0004930754985225439,1.5820393320000001,0.007644511999999999
0.000494075498522544,1.5820393320000001,0.007644511999999999
0.000495075498522544,1.5820393320000001,0.007512780000000004
0.0004960754985225439,1.5820393320000001,0.007446914000000006
0.0004970754985225439,1.5820393320000001,0.007183450000000001
0.0004980754985225439,1.5820393320000001,0.007446914000000006
0.000499075498522544,1.5820393320000001,0.007446914000000006
0.0005000754985225439,1.5820393320000001,0.007315182000000003
0.0005010754985225439,1.5820393320000001,0.007446914000000006
0.0005020754985225439,1.5820393320000001,0.007644511999999999
0.000503075498522544,1.5820393320000001,0.007776244000000002
0.000504075498522544,1.5820393320000001,0.007907976000000004
0.0005050754985225439,1.5820393320000001,0.008039708
0.0005060754985225439,1.5820393320000001,0.007907976000000004
0.0005070754985225439,1.5820393320000001,0.007907976000000004
0.000508075498522544,1.5820393320000001,0.008105574000000004
0.0005090754985225439,1.5820393320000001,0.008171440000000002
0.0005100754985225439,1.5820393320000001,0.008237306
0.0005110754985225439,1.5820393320000001,0.008303172000000004
0.000512075498522544,1.5820393320000001,0.008171440000000002
0.000513075498522544,1.5820393320000001,0.008171440000000002
0.0005140754985225439,1.5820393320000001,0.008171440000000002
0.0005150754985225439,1.5820393320000001,0.008105574000000004
0.000516075498522544,1.5820393320000001,0.007973842000000002
0.000517075498522544,1.5820393320000001,0.00784211
0.0005180754985225439,1.5820393320000001,0.007907976000000004
0.0005190754985225439,1.5820393320000001,0.00784211
0.0005200754985225439,1.5820393320000001,0.007776244000000002
0.000521075498522544,1.5820393320000001,0.007776244000000002
0.000522075498522544,1.5820393320000001,0.007644511999999999
0.0005230754985225439,1.5820393320000001,0.007578646000000001
0.0005240754985225439,1.5820393320000001,0.007381048000000001
0.000525075498522544,1.5820393320000001,0.007381048000000001
0.000526075498522544,1.5820393320000001,0.007644511999999999
0.0005270754985225439,1.5820393320000001,0.007512780000000004
0.0005280754985225439,1.5820393320000001,0.007512780000000004
0.0005290754985225439,1.5820393320000001,0.007578646000000001
0.000530075498522544,1.5820393320000001,0.007446914000000006
0.000531075498522544,1.5820393320000001,0.007381048000000001
0.0005320754985225439,1.5820393320000001,0.007315182000000003
0.0005330754985225439,1.5820393320000001,0.007578646000000001
0.000534075498522544,1.5820393320000001,0.007644511999999999
0.000535075498522544,1.5820393320000001,0.007578646000000001
0.0005360754985225439,1.5820393320000001,0.007710378000000004
0.0005370754985225439,1.5820393320000001,0.007710378000000004
0.0005380754985225439,1.5820393320000001,0.007512780000000004
0.000539075498522544,1.5820393320000001,0.007249316000000006
0.0005400754985225439,1.5820393320000001,0.007315182000000003
0.0005410754985225439,1.5820393320000001,0.007578646000000001
0.0005420754985225439,1.5820393320000001,0.007446914000000006
0.000543075498522544,1.5820393320000001,0.007578646000000001
0.000544075498522544,1.5820393320000001,0.00784211
0.0005450754985225439,1.5820393320000001,0.007710378000000004
0.0005460754985225439,1.5820393320000001,0.007578646000000001
0.0005470754985225439,1.5820393320000001,0.007578646000000001
0.000548075498522544,1.5820393320000001,0.007644511999999999
0.0005490754985225439,1.5820393320000001,0.007710378000000004
0.0005500754985225439,1.5820393320000001,0.007710378000000004
0.0005510754985225439,1.5820393320000001,0.007710378000000004
0.000552075498522544,1.5820393320000001,0.007644511999999999
0.000553075498522544,1.5820393320000001,0.007776244000000002
0.0005540754985225439,1.5820393320000001,0.007907976000000004
0.0005550754985225439,1.5820393320000001,0.007907976000000004
0.0005560754985225439,1.5820393320000001,0.007644511999999999
0.000557075498522544,1.5820393320000001,0.007446914000000006
0.0005580754985225439,1.5820393320000001,0.007446914000000006
0.0005590754985225439,1.5820393320000001,0.007512780000000004
0.0005600754985225439,1.5820393320000001,0.007710378000000004
0.000561075498522544,1.5820393320000001,0.007710378000000004
0.000562075498522544,1.5820393320000001,0.007776244000000002
0.0005630754985225439,1.5820393320000001,0.007644511999999999
0.0005640754985225439,1.5820393320000001,0.007578646000000001
0.0005650754985225439,1.5820393320000001,0.007710378000000004
0.000566075498522544,1.5820393320000001,0.007644511999999999
0.0005670754985225439,1.5820393320000001,0.007512780000000004
0.0005680754985225439,1.5820393320000001,0.007644511999999999
0.0005690754985225439,1.5820393320000001,0.007776244000000002
0.000570075498522544,1.5820393320000001,0.007710378000000004
0.000571075498522544,1.5820393320000001,0.007578646000000001
0.0005720754985225439,1.5820393320000001,0.007644511999999999
0.0005730754985225439,1.5820393320000001,0.007710378000000004
0.000574075498522544,1.5820393320000001,0.007644511999999999
0.000575075498522544,1.5820393320000001,0.007578646000000001
0.0005760754985225439,1.5820393320000001,0.007381048000000001
0.0005770754985225439,1.5820393320000001,0.007512780000000004
0.0005780754985225439,1.5820393320000001,0.00784211
0.000579075498522544,1.5820393320000001,0.007776244000000002
0.000580075498522544,1.5820393320000001,0.007776244000000002
0.0005810754985225439,1.5820393320000001,0.007973842000000002
0.0005820754985225439,1.5820393320000001,0.007973842000000002
0.000583075498522544,1.5820393320000001,0.00784211
0.000584075498522544,1.5820393320000001,0.00784211
0.0005850754985225439,1.5820393320000001,0.007644511999999999
0.0005860754985225439,1.5820393320000001,0.007644511999999999
0.0005870754985225439,1.5820393320000001,0.00784211
0.000588075498522544,1.5820393320000001,0.007907976000000004
0.0005890754985225439,1.5820393320000001,0.007710378000000004
0.0005900754985225439,1.5820393320000001,0.007710378000000004
0.0005910754985225439,1.5820393320000001,0.007578646000000001
0.000592075498522544,1.5820393320000001,0.007446914000000006
0.000593075498522544,1.5820393320000001,0.007512780000000004
0.0005940754985225439,1.5820393320000001,0.007381048000000001
0.0005950754985225439,1.5820393320000001,0.007381048000000001
0.0005960754985225439,1.5820393320000001,0.007644511999999999
0.000597075498522544,1.5820393320000001,0.007776244000000002
0.0005980754985225439,1.5820393320000001,0.007710378000000004
0.0005990754985225439,1.5820393320000001,0.007578646000000001
0.0006000754985225439,1.5820393320000001,0.007644511999999999
0.000601075498522544,1.5820393320000001,0.007776244000000002
0.000602075498522544,1.5820393320000001,0.007644511999999999
0.0006030754985225439,1.5820393320000001,0.007446914000000006
0.0006040754985225439,1.5820393320000001,0.007381048000000001
0.0006050754985225439,1.5820393320000001,0.007446914000000006
0.000606075498522544,1.5820393320000001,0.007644511999999999
0.0006070754985225439,1.5820393320000001,0.007644511999999999
0.0006080754985225439,1.5820393320000001,0.007776244000000002
0.0006090754985225439,1.5820393320000001,0.008039708
0.000610075498522544,1.5820393320000001,0.007907976000000004
0.000611075498522544,1.5820393320000001,0.00784211
0.0006120754985225439,1.5820393320000001,0.007776244000000002
0.0006130754985225439,1.5820393320000001,0.007776244000000002
0.0006140754985225439,1.5820393320000001,0.007776244000000002
0.000615075498522544,1.5820393320000001,0.007776244000000002
0.0006160754985225439,1.5820393320000001,0.007710378000000004
0.0006170754985225439,1.5820393320000001,0.007710378000000004
0.0006180754985225439,1.5820393320000001,0.007776244000000002
0.000619075498522544,1.5820393320000001,0.007644511999999999
0.000620075498522544,1.5820393320000001,0.00784211
0.0006210754985225439,1.5820393320000001,0.008039708
0.0006220754985225439,1.5820393320000001,0.007973842000000002
0.0006230754985225439,1.5820393320000001,0.00784211
0.000624075498522544,1.5820393320000001,0.00784211
0.0006250754985225439,1.5820393320000001,0.007973842000000002
0.0006260754985225439,1.5820393320000001,0.00784211
0.0006270754985225439,1.5820393320000001,0.007973842000000002
0.000628075498522544,1.5820393320000001,0.008171440000000002
0.0006290754985225439,1.5820393320000001,0.008039708
0.0006300754985225439,1.5820393320000001,0.007973842000000002
0.0006310754985225439,1.5820393320000001,0.007973842000000002
0.000632075498522544,1.5820393320000001,0.008105574000000004
0.000633075498522544,1.5820393320000001,0.008105574000000004
0.0006340754985225439,1.5820393320000001,0.00784211
0.0006350754985225439,1.5820393320000001,0.00784211
0.0006360754985225439,1.5820393320000001,0.007776244000000002
0.000637075498522544,1.5820393320000001,0.007776244000000002
0.0006380754985225439,1.5820393320000001,0.007973842000000002
0.0006390754985225439,1.5820393320000001,0.007973842000000002
0.0006400754985225439,1.5820393320000001,0.008039708
0.000641075498522544,1.5820393320000001,0.008171440000000002
0.000642075498522544,1.5820393320000001,0.008171440000000002
0.0006430754985225439,1.5820393320000001,0.008171440000000002
0.0006440754985225439,1.5820393320000001,0.008237306
0.0006450754985225439,1.5820393320000001,0.008303172000000004
0.000646075498522544,1.5820393320000001,0.008303172000000004
0.0006470754985225439,1.5820393320000001,0.008171440000000002
0.0006480754985225439,1.5820393320000001,0.008171440000000002
0.0006490754985225439,1.5820393320000001,0.008303172000000004
0.000650075498522544,1.5820393320000001,0.008303172000000004
0.000651075498522544,1.5820393320000001,0.008171440000000002
0.0006520754985225439,1.5820393320000001,0.008171440000000002
0.0006530754985225439,1.5820393320000001,0.008500770000000005
0.0006540754985225439,1.5820393320000001,0.008434904
0.000655075498522544,1.5820393320000001,0.008369038000000002
0.0006560754985225439,1.5820393320000001,0.008303172000000004
0.0006570754985225439,1.5820393320000001,0.008237306
0.0006580754985225439,1.5820393320000001,0.008171440000000002
0.000659075498522544,1.5820393320000001,0.008171440000000002
0.000660075498522544,1.5820393320000001,0.008237306
0.0006610754985225439,1.5820393320000001,0.008105574000000004
0.0006620754985225439,1.5820393320000001,0.008171440000000002
0.0006630754985225439,1.5820393320000001,0.008237306
0.000664075498522544,1.5820393320000001,0.008237306
0.0006650754985225439,1.5820393320000001,0.008171440000000002
0.0006660754985225439,1.5820393320000001,0.008105574000000004
0.0006670754985225439,1.5820393320000001,0.008039708
0.000668075498522544,1.5820393320000001,0.007973842000000002
0.000669075498522544,1.5820393320000001,0.007973842000000002
0.0006700754985225439,1.5820393320000001,0.008105574000000004
0.0006710754985225439,1.5820393320000001,0.00784211
0.0006720754985225439,1.5820393320000001,0.007710378000000004
0.000673075498522544,1.5820393320000001,0.00784211
0.0006740754985225439,1.5820393320000001,0.007973842000000002
0.0006750754985225439,1.5820393320000001,0.008039708
0.0006760754985225439,1.5820393320000001,0.007776244000000002
0.000677075498522544,1.5820393320000001,0.007907976000000004
0.0006780754985225439,1.5820393320000001,0.007973842000000002
0.0006790754985225439,1.5820393320000001,0.007973842000000002
0.0006800754985225439,1.5820393320000001,0.007973842000000002
0.0006810754985225439,1.5820393320000001,0.00784211
0.000682075498522544,1.5820393320000001,0.007907976000000004
0.0006830754985225439,1.5820393320000001,0.007907976000000004
0.0006840754985225439,1.5820393320000001,0.007578646000000001
0.0006850754985225439,1.5820393320000001,0.007578646000000001
0.000686075498522544,1.5820393320000001,0.007776244000000002
0.0006870754985225439,1.5820393320000001,0.007907976000000004
0.0006880754985225439,1.5820393320000001,0.007973842000000002
0.0006890754985225439,1.5820393320000001,0.007973842000000002
0.000690075498522544,1.5820393320000001,0.00784211
0.000691075498522544,1.5820393320000001,0.00784211
0.0006920754985225439,1.5820393320000001,0.007973842000000002
0.0006930754985225439,1.5820393320000001,0.008039708
0.0006940754985225439,1.5820393320000001,0.007973842000000002
0.000695075498522544,1.5820393320000001,0.00784211
0.0006960754985225439,1.5820393320000001,0.008039708
0.0006970754985225439,1.5820393320000001,0.008303172000000004
0.0006980754985225439,1.5820393320000001,0.008369038000000002
0.000699075498522544,1.5820393320000001,0.008237306
0.000700075498522544,1.5820393320000001,0.008171440000000002
0.0007010754985225439,1.5820393320000001,0.008171440000000002
0.0007020754985225439,1.5820393320000001,0.008039708
0.0007030754985225439,1.5820393320000001,0.008039708
0.000704075498522544,1.5820393320000001,0.008171440000000002
0.0007050754985225439,1.5820393320000001,0.007973842000000002
0.0007060754985225439,1.5820393320000001,0.007776244000000002
0.0007070754985225439,1.5820393320000001,0.007776244000000002
0.000708075498522544,1.5820393320000001,0.007907976000000004
0.000709075498522544,1.5820393320000001,0.007907976000000004
0.0007100754985225439,1.5820393320000001,0.007907976000000004
0.0007110754985225439,1.5820393320000001,0.007973842000000002
0.0007120754985225439,1.5820393320000001,0.00784211
0.000713075498522544,1.5820393320000001,0.007644511999999999
0.0007140754985225439,1.5820393320000001,0.007644511999999999
0.0007150754985225439,1.5820393320000001,0.007776244000000002
0.0007160754985225439,1.5820393320000001,0.007907976000000004
0.000717075498522544,1.5820393320000001,0.007973842000000002
0.000718075498522544,1.5820393320000001,0.007907976000000004
0.0007190754985225439,1.5820393320000001,0.007710378000000004
0.0007200754985225439,1.5820393320000001,0.007776244000000002
0.0007210754985225439,1.5820393320000001,0.007973842000000002
0.000722075498522544,1.5820393320000001,0.008039708
0.0007230754985225439,1.5820393320000001,0.007907976000000004
0.0007240754985225439,1.5820393320000001,0.007907976000000004
0.0007250754985225439,1.5820393320000001,0.008105574000000004
0.000726075498522544,1.5820393320000001,0.008105574000000004
0.0007270754985225439,1.5820393320000001,0.008039708
0.0007280754985225439,1.5820393320000001,0.008171440000000002
0.0007290754985225439,1.5820393320000001,0.008171440000000002
0.0007300754985225439,1.5820393320000001,0.008171440000000002
0.000731075498522544,1.5820393320000001,0.008039708
0.0007320754985225439,1.5820393320000001,0.008039708
0.0007330754985225439,1.5820393320000001,0.007973842000000002
0.0007340754985225439,1.5820393320000001,0.007907976000000004
0.000735075498522544,1.5820393320000001,0.007973842000000002
0.0007360754985225439,1.5820393320000001,0.008039708
0.0007370754985225439,1.5820393320000001,0.008105574000000004
0.0007380754985225439,1.5820393320000001,0.008039708
0.0007390754985225439,1.5820393320000001,0.007907976000000004
0.000740075498522544,1.5820393320000001,0.007907976000000004
0.0007410754985225439,1.5820393320000001,0.007907976000000004
0.0007420754985225439,1.5820393320000001,0.00784211
0.0007430754985225439,1.5820393320000001,0.007776244000000002
0.000744075498522544,1.5820393320000001,0.007776244000000002
0.0007450754985225439,1.5820393320000001,0.00784211
0.0007460754985225439,1.5820393320000001,0.007907976000000004
0.0007470754985225439,1.5820393320000001,0.007907976000000004
0.000748075498522544,1.5820393320000001,0.007710378000000004
0.000749075498522544,1.5820393320000001,0.007578646000000001
0.0007500754985225439,1.5820393320000001,0.007776244000000002
0.0007510754985225439,1.5820393320000001,0.007644511999999999
0.0007520754985225439,1.5820393320000001,0.007512780000000004
0.000753075498522544,1.5820393320000001,0.00784211
0.0007540754985225439,1.5820393320000001,0.008039708
0.0007550754985225439,1.5820393320000001,0.00784211
0.0007560754985225439,1.5820393320000001,0.00784211
0.000757075498522544,1.5820393320000001,0.008105574000000004
0.000758075498522544,1.5820393320000001,0.008039708
0.0007590754985225439,1.5820393320000001,0.007776244000000002
0.0007600754985225439,1.5820393320000001,0.007710378000000004
0.0007610754985225439,1.5820393320000001,0.007710378000000004
0.000762075498522544,1.5820393320000001,0.007644511999999999
0.0007630754985225439,1.5820393320000001,0.007644511999999999
0.0007640754985225439,1.5820393320000001,0.007776244000000002
0.0007650754985225439,1.5820393320000001,0.007776244000000002
0.000766075498522544,1.5820393320000001,0.007644511999999999
0.000767075498522544,1.5820393320000001,0.007512780000000004
0.0007680754985225439,1.5820393320000001,0.007644511999999999
0.0007690754985225439,1.5820393320000001,0.007578646000000001
0.0007700754985225439,1.5820393320000001,0.007446914000000006
0.000771075498522544,1.5820393320000001,0.007512780000000004
0.0007720754985225439,1.5820393320000001,0.007644511999999999
0.0007730754985225439,1.5820393320000001,0.007578646000000001
0.0007740754985225439,1.5820393320000001,0.007644511999999999
0.000775075498522544,1.5820393320000001,0.007578646000000001
0.0007760754985225439,1.5820393320000001,0.007446914000000006
0.0007770754985225439,1.5820393320000001,0.007578646000000001
0.0007780754985225439,1.5820393320000001,0.007776244000000002
0.0007790754985225439,1.5820393320000001,0.007644511999999999
0.000780075498522544,1.5820393320000001,0.007644511999999999
0.0007810754985225439,1.5820393320000001,0.007644511999999999
0.0007820754985225439,1.5820393320000001,0.007644511999999999
0.0007830754985225439,1.5820393320000001,0.007512780000000004
0.000784075498522544,1.5820393320000001,0.007446914000000006
0.0007850754985225439,1.5820393320000001,0.007710378000000004
0.0007860754985225439,1.5820393320000001,0.007315182000000003
0.0007870754985225439,1.5820393320000001,0.007183450000000001
0.0007880754985225439,1.5820393320000001,0.007446914000000006
0.000789075498522544,1.5820393320000001,0.007512780000000004
0.0007900754985225439,1.5820393320000001,0.007512780000000004
0.0007910754985225439,1.5820393320000001,0.007381048000000001
0.0007920754985225439,1.5820393320000001,0.007315182000000003
0.000793075498522544,1.5820393320000001,0.007512780000000004
0.0007940754985225439,1.5820393320000001,0.007644511999999999
0.0007950754985225439,1.5820393320000001,0.007512780000000004
0.0007960754985225439,1.5820393320000001,0.007446914000000006
0.000797075498522544,1.5820393320000001,0.007644511999999999
0.000798075498522544,1.5820393320000001,0.007644511999999999
0.0007990754985225439,1.5820393320000001,0.007512780000000004
0.0008000754985225439,1.5820393320000001,0.007644511999999999
0.0008010754985225439,1.5820393320000001,0.007710378000000004
0.000802075498522544,1.5820393320000001,0.007776244000000002
0.0008030754985225439,1.5820393320000001,0.007776244000000002
0.0008040754985225439,1.5820393320000001,0.007446914000000006
0.0008050754985225439,1.5820393320000001,0.007446914000000006
0.000806075498522544,1.5820393320000001,0.007446914000000006
0.000807075498522544,1.5820393320000001,0.007315182000000003
0.0008080754985225439,1.5820393320000001,0.007446914000000006
0.0008090754985225439,1.5820393320000001,0.007710378000000004
0.0008100754985225439,1.5820393320000001,0.007578646000000001
0.000811075498522544,1.5820393320000001,0.007381048000000001
0.0008120754985225439,1.5820393320000001,0.007446914000000006
0.0008130754985225439,1.5820393320000001,0.007381048000000001
0.0008140754985225439,1.5820393320000001,0.007249316000000006
0.000815075498522544,1.5820393320000001,0.007249316000000006
0.0008160754985225439,1.5820393320000001,0.007183450000000001
0.0008170754985225439,1.5820393320000001,0.007183450000000001
0.0008180754985225439,1.5820393320000001,0.007381048000000001
0.0008190754985225439,1.5820393320000001,0.007315182000000003
0.000820075498522544,1.5820393320000001,0.007446914000000006
0.0008210754985225439,1.5820393320000001,0.007710378000000004
0.0008220754985225439,1.5820393320000001,0.00784211
0.0008230754985225439,1.5820393320000001,0.00784211
0.000824075498522544,1.5820393320000001,0.007512780000000004
0.0008250754985225439,1.5820393320000001,0.007446914000000006
0.0008260754985225439,1.5820393320000001,0.007512780000000004
0.0008270754985225439,1.5820393320000001,0.007381048000000001
0.0008280754985225439,1.5820393320000001,0.007249316000000006
0.000829075498522544,1.5820393320000001,0.007446914000000006
0.0008300754985225439,1.5820393320000001,0.007446914000000006
0.0008310754985225439,1.5820393320000001,0.007315182000000003
0.0008320754985225439,1.5820393320000001,0.007446914000000006
0.000833075498522544,1.5820393320000001,0.007381048000000001
0.0008340754985225439,1.5820393320000001,0.007315182000000003
0.0008350754985225439,1.5820393320000001,0.007381048000000001
0.0008360754985225439,1.5820393320000001,0.007249316000000006
0.0008370754985225439,1.5820393320000001,0.007183450000000001
0.000838075498522544,1.5820393320000001,0.007183450000000001
0.0008390754985225439,1.5820393320000001,0.007183450000000001
0.0008400754985225439,1.5820393320000001,0.007249316000000006
0.0008410754985225439,1.5820393320000001,0.007381048000000001
0.000842075498522544,1.5820393320000001,0.007446914000000006
0.0008430754985225439,1.5820393320000001,0.007381048000000001
0.0008440754985225439,1.5820393320000001,0.007446914000000006
0.0008450754985225439,1.5820393320000001,0.007644511999999999
0.0008460754985225439,1.5820393320000001,0.007512780000000004
0.000847075498522544,1.5820393320000001,0.007315182000000003
0.0008480754985225439,1.5820393320000001,0.007249316000000006
0.0008490754985225439,1.5820393320000001,0.007512780000000004
0.0008500754985225439,1.5820393320000001,0.007710378000000004
0.000851075498522544,1.5820393320000001,0.007644511999999999
0.0008520754985225439,1.5820393320000001,0.007644511999999999
0.0008530754985225439,1.5820393320000001,0.00784211
0.0008540754985225439,1.5820393320000001,0.00784211
0.000855075498522544,1.5820393320000001,0.007710378000000004
0.000856075498522544,1.5820393320000001,0.007644511999999999
0.0008570754985225439,1.5820393320000001,0.007644511999999999
0.0008580754985225439,1.5820393320000001,0.007710378000000004
0.0008590754985225439,1.5820393320000001,0.007644511999999999
0.000860075498522544,1.5820393320000001,0.007512780000000004
0.0008610754985225439,1.5820393320000001,0.007446914000000006
0.0008620754985225439,1.5820393320000001,0.007578646000000001
0.0008630754985225439,1.5820393320000001,0.007644511999999999
0.000864075498522544,1.5820393320000001,0.007512780000000004
0.0008650754985225439,1.5820393320000001,0.007644511999999999
0.0008660754985225439,1.5820393320000001,0.007578646000000001
0.0008670754985225439,1.5820393320000001,0.007644511999999999
0.0008680754985225439,1.5820393320000001,0.007644511999999999
0.000869075498522544,1.5820393320000001,0.007644511999999999
0.0008700754985225439,1.5820393320000001,0.007710378000000004
0.0008710754985225439,1.5820393320000001,0.007446914000000006
0.0008720754985225439,1.5820393320000001,0.007512780000000004
0.000873075498522544,1.5820393320000001,0.007644511999999999
0.0008740754985225439,1.5820393320000001,0.007644511999999999
0.0008750754985225439,1.5820393320000001,0.007446914000000006
0.0008760754985225439,1.5820393320000001,0.007381048000000001
0.0008770754985225439,1.5820393320000001,0.007776244000000002
0.000878075498522544,1.5820393320000001,0.007578646000000001
0.0008790754985225439,1.5820393320000001,0.007249316000000006
0.0008800754985225439,1.5820393320000001,0.007315182000000003
0.0008810754985225439,1.5820393320000001,0.007446914000000006
0.000882075498522544,1.5820393320000001,0.007512780000000004
0.0008830754985225439,1.5820393320000001,0.007446914000000006
0.0008840754985225439,1.5820393320000001,0.007446914000000006
0.0008850754985225439,1.5820393320000001,0.007644511999999999
0.0008860754985225439,1.5820393320000001,0.007776244000000002
0.000887075498522544,1.5820393320000001,0.007644511999999999
0.0008880754985225439,1.5820393320000001,0.007249316000000006
0.0008890754985225439,1.5820393320000001,0.007249316000000006
0.0008900754985225439,1.5820393320000001,0.007446914000000006
0.000891075498522544,1.5820393320000001,0.007249316000000006
0.0008920754985225439,1.5820393320000001,0.007183450000000001
0.0008930754985225439,1.5820393320000001,0.007183450000000001
0.0008940754985225439,1.5820393320000001,0.007315182000000003
0.0008950754985225439,1.5820393320000001,0.007315182000000003
0.000896075498522544,1.5820393320000001,0.007249316000000006
0.0008970754985225439,1.5820393320000001,0.007315182000000003
0.0008980754985225439,1.5820393320000001,0.007315182000000003
0.0008990754985225439,1.5820393320000001,0.007381048000000001
0.000900075498522544,1.5820393320000001,0.007249316000000006
0.0009010754985225439,1.5820393320000001,0.007446914000000006
0.0009020754985225439,1.5820393320000001,0.007644511999999999
0.0009030754985225439,1.5820393320000001,0.007381048000000001
0.0009040754985225439,1.5820393320000001,0.007381048000000001
0.000905075498522544,1.5820393320000001,0.007446914000000006
0.0009060754985225439,1.5820393320000001,0.007315182000000003
0.0009070754985225439,1.5820393320000001,0.007381048000000001
0.0009080754985225439,1.5820393320000001,0.007446914000000006
0.000909075498522544,1.5820393320000001,0.007446914000000006
0.0009100754985225439,1.5820393320000001,0.007578646000000001
0.0009110754985225439,1.5820393320000001,0.007644511999999999
0.0009120754985225439,1.5820393320000001,0.007644511999999999
0.000913075498522544,1.5820393320000001,0.007710378000000004
0.0009140754985225439,1.5820393320000001,0.007710378000000004
0.0009150754985225439,1.5820393320000001,0.007644511999999999
0.0009160754985225439,1.5820393320000001,0.007512780000000004
0.0009170754985225439,1.5820393320000001,0.007512780000000004
0.000918075498522544,1.5820393320000001,0.007578646000000001
0.0009190754985225439,1.5820393320000001,0.007644511999999999
0.0009200754985225439,1.5820393320000001,0.007512780000000004
0.0009210754985225439,1.5820393320000001,0.007512780000000004
0.000922075498522544,1.5820393320000001,0.007644511999999999
0.0009230754985225439,1.5820393320000001,0.007446914000000006
0.0009240754985225439,1.5820393320000001,0.007578646000000001
0.0009250754985225439,1.5820393320000001,0.007776244000000002
0.0009260754985225439,1.5820393320000001,0.007644511999999999
0.000927075498522544,1.5820393320000001,0.007776244000000002
0.0009280754985225439,1.5820393320000001,0.007776244000000002
0.0009290754985225439,1.5820393320000001,0.00784211
0.0009300754985225439,1.5820393320000001,0.007710378000000004
0.000931075498522544,1.5820393320000001,0.007578646000000001
0.0009320754985225439,1.5820393320000001,0.007644511999999999
0.0009330754985225439,1.5820393320000001,0.007512780000000004
0.0009340754985225439,1.5820393320000001,0.007644511999999999
0.0009350754985225439,1.5820393320000001,0.007644511999999999
0.000936075498522544,1.5820393320000001,0.007578646000000001
0.0009370754985225439,1.5820393320000001,0.007710378000000004
0.0009380754985225439,1.5820393320000001,0.007446914000000006
0.0009390754985225439,1.5820393320000001,0.007315182000000003
0.000940075498522544,1.5820393320000001,0.007249316000000006
0.0009410754985225439,1.5820393320000001,0.007249316000000006
0.0009420754985225439,1.5820393320000001,0.007381048000000001
0.0009430754985225439,1.5820393320000001,0.007183450000000001
0.0009440754985225439,1.5820393320000001,0.007381048000000001
0.000945075498522544,1.5820393320000001,0.007644511999999999
0.0009460754985225439,1.5820393320000001,0.007710378000000004
0.0009470754985225439,1.5820393320000001,0.007578646000000001
0.0009480754985225439,1.5820393320000001,0.007446914000000006
0.000949075498522544,1.5820393320000001,0.007446914000000006
0.0009500754985225439,1.5820393320000001,0.007578646000000001
0.0009510754985225439,1.5820393320000001,0.007578646000000001
0.0009520754985225439,1.5820393320000001,0.007644511999999999
0.0009530754985225439,1.5820393320000001,0.00784211
0.0009540754985225439,1.5820393320000001,0.00784211
0.0009550754985225439,1.5820393320000001,0.007644511999999999
0.0009560754985225439,1.5820393320000001,0.007710378000000004
0.0009570754985225439,1.5820393320000001,0.007973842000000002
0.000958075498522544,1.5820393320000001,0.007776244000000002
0.0009590754985225439,1.5820393320000001,0.007776244000000002
0.0009600754985225439,1.5820393320000001,0.008039708
0.0009610754985225439,1.5820393320000001,0.008105574000000004
0.0009620754985225439,1.5820393320000001,0.008039708
0.0009630754985225439,1.5820393320000001,0.007907976000000004
0.0009640754985225439,1.5820393320000001,0.007776244000000002
0.0009650754985225439,1.5820393320000001,0.007578646000000001
0.0009660754985225439,1.5820393320000001,0.007512780000000004
0.000967075498522544,1.5820393320000001,0.007644511999999999
0.0009680754985225439,1.5820393320000001,0.007446914000000006
0.0009690754985225439,1.5820393320000001,0.007578646000000001
0.0009700754985225439,1.5820393320000001,0.007710378000000004
0.000971075498522544,1.5820393320000001,0.007644511999999999
0.0009720754985225439,1.5820393320000001,0.007644511999999999
0.0009730754985225439,1.5820393320000001,0.007776244000000002
0.0009740754985225439,1.5820393320000001,0.007710378000000004
0.0009750754985225439,1.5820393320000001,0.007776244000000002
0.000976075498522544,1.5820393320000001,0.00784211
0.000977075498522544,1.5820393320000001,0.007644511999999999
0.0009780754985225441,1.5820393320000001,0.007578646000000001
0.000979075498522544,1.5820393320000001,0.007644511999999999
0.000980075498522544,1.5820393320000001,0.007512780000000004
0.000981075498522544,1.5820393320000001,0.007249316000000006
0.000982075498522544,1.5820393320000001,0.007249316000000006
0.000983075498522544,1.5820393320000001,0.007249316000000006
0.000984075498522544,1.5820393320000001,0.007381048000000001
0.000985075498522544,1.5820393320000001,0.007446914000000006
0.000986075498522544,1.5820393320000001,0.007446914000000006
0.000987075498522544,1.5820393320000001,0.007315182000000003
0.000988075498522544,1.5820393320000001,0.007249316000000006
0.000989075498522544,1.5820393320000001,0.007446914000000006
0.000990075498522544,1.5820393320000001,0.007381048000000001
0.000991075498522544,1.5820393320000001,0.007183450000000001
0.000992075498522544,1.5820393320000001,0.007381048000000001
0.000993075498522544,1.5820393320000001,0.007446914000000006
0.000994075498522544,1.5820393320000001,0.007315182000000003
0.000995075498522544,1.5820393320000001,0.007249316000000006
0.0009960754985225441,1.5820393320000001,0.007249316000000006
0.000997075498522544,1.5820393320000001,0.007381048000000001
0.000998075498522544,1.5820393320000001,0.007315182000000003
0.000999075498522544,1.5820393320000001,0.007446914000000006
0.001000075498522544,1.5820393320000001,0.007578646000000001
0.001001075498522544,1.5820393320000001,0.007512780000000004
0.001002075498522544,1.5820393320000001,0.007578646000000001
