Time (s),Channel 1 Voltage (V),Channel 2 Voltage (V)
-1.15027821318e-06,0.024731841,0.007907976000000004
-1.5027821318000014e-07,0.5795758214,0.007776244000000002
8.497217868199998e-07,1.3481678888000002,0.007973842000000002
1.84972178682e-06,1.5820393320000001,0.007973842000000002
2.84972178682e-06,1.5820393320000001,0.008039708
3.84972178682e-06,1.5820393320000001,0.008237306
4.84972178682e-06,1.5820393320000001,0.008303172000000004
5.84972178682e-06,1.5820393320000001,0.008303172000000004
6.84972178682e-06,1.5820393320000001,0.008105574000000004
7.84972178682e-06,1.5820393320000001,0.007973842000000002
8.84972178682e-06,1.5820393320000001,0.008039708
9.84972178682e-06,1.5820393320000001,0.008171440000000002
1.084972178682e-05,1.5820393320000001,0.007907976000000004
1.184972178682e-05,1.5820393320000001,0.00784211
1.284972178682e-05,1.5820393320000001,0.008369038000000002
1.3849721786819999e-05,1.5820393320000001,0.008434904
1.484972178682e-05,1.5820393320000001,0.008237306
1.584972178682e-05,1.5820393320000001,0.008237306
1.684972178682e-05,1.5820393320000001,0.008237306
1.7849721786819998e-05,1.5820393320000001,0.008566636000000002
1.884972178682e-05,1.5820393320000001,0.008698368000000005
1.984972178682e-05,1.5820393320000001,0.008566636000000002
2.084972178682e-05,1.5820393320000001,0.008500770000000005
2.184972178682e-05,1.5820393320000001,0.008632502
2.284972178682e-05,1.5820393320000001,0.008698368000000005
2.3849721786819998e-05,1.5820393320000001,0.008698368000000005
2.484972178682e-05,1.5820393320000001,0.009027698
2.584972178682e-05,1.5820393320000001,0.008961832000000003
2.684972178682e-05,1.5820393320000001,0.008632502
2.784972178682e-05,1.5820393320000001,0.008566636000000002
2.8849721786819997e-05,1.5820393320000001,0.008566636000000002
2.984972178682e-05,1.5820393320000001,0.008566636000000002
3.084972178682e-05,1.5820393320000001,0.008566636000000002
3.1849721786819996e-05,1.5820393320000001,0.008237306
3.284972178682e-05,1.5820393320000001,0.008237306
3.384972178682e-05,1.5820393320000001,0.008369038000000002
3.484972178682e-05,1.5820393320000001,0.008237306
3.584972178682e-05,1.5820393320000001,0.008237306
3.6849721786819995e-05,1.5820393320000001,0.008369038000000002
3.784972178682e-05,1.5820393320000001,0.008500770000000005
3.884972178682e-05,1.5820393320000001,0.008566636000000002
3.984972178682e-05,1.5820393320000001,0.008500770000000005
4.084972178682e-05,1.5820393320000001,0.008434904
4.1849721786819995e-05,1.5820393320000001,0.008237306
4.284972178682e-05,1.5820393320000001,0.008237306
4.3849721786819996e-05,1.5820393320000001,0.008237306
4.484972178682e-05,1.5820393320000001,0.008237306
4.584972178682e-05,1.5820393320000001,0.008105574000000004
4.684972178682e-05,1.5820393320000001,0.007973842000000002
4.784972178682e-05,1.5820393320000001,0.007973842000000002
4.8849721786819996e-05,1.5820393320000001,0.008039708
4.984972178682e-05,1.5820393320000001,0.007973842000000002
5.084972178682e-05,1.5820393320000001,0.008039708
5.184972178682e-05,1.5820393320000001,0.008105574000000004
5.284972178682e-05,1.5820393320000001,0.008171440000000002
5.3849721786819995e-05,1.5820393320000001,0.008105574000000004
5.484972178682e-05,1.5820393320000001,0.008105574000000004
5.5849721786819996e-05,1.5820393320000001,0.008369038000000002
5.684972178682e-05,1.5820393320000001,0.008237306
5.784972178682e-05,1.5820393320000001,0.007973842000000002
5.8849721786819995e-05,1.5820393320000001,0.007973842000000002
5.984972178682e-05,1.5820393320000001,0.007973842000000002
6.084972178682e-05,1.5820393320000001,0.007973842000000002
6.184972178682e-05,1.5820393320000001,0.008039708
6.284972178681999e-05,1.5820393320000001,0.008171440000000002
6.384972178681999e-05,1.5820393320000001,0.008039708
6.484972178681998e-05,1.5820393320000001,0.007907976000000004
6.584972178682e-05,1.5820393320000001,0.00784211
6.684972178681999e-05,1.5820393320000001,0.00784211
6.784972178681999e-05,1.5820393320000001,0.008171440000000002
6.884972178681999e-05,1.5820393320000001,0.008434904
6.984972178681998e-05,1.5820393320000001,0.008434904
7.084972178682e-05,1.5820393320000001,0.008369038000000002
7.184972178681999e-05,1.5820393320000001,0.008500770000000005
7.284972178681999e-05,1.5820393320000001,0.008566636000000002
7.384972178681999e-05,1.5820393320000001,0.008434904
7.484972178681998e-05,1.5820393320000001,0.008434904
7.584972178682e-05,1.5820393320000001,0.008698368000000005
7.684972178681999e-05,1.5820393320000001,0.0088301
7.784972178681999e-05,1.5820393320000001,0.008895966000000005
7.884972178681999e-05,1.5820393320000001,0.008566636000000002
7.984972178681998e-05,1.5820393320000001,0.008434904
8.084972178682e-05,1.5820393320000001,0.008632502
8.184972178681999e-05,1.5820393320000001,0.008632502
8.284972178681999e-05,1.5820393320000001,0.008500770000000005
8.384972178681999e-05,1.5820393320000001,0.008434904
8.484972178681998e-05,1.5820393320000001,0.008632502
8.584972178682e-05,1.5820393320000001,0.008632502
8.684972178681999e-05,1.5820393320000001,0.008303172000000004
8.784972178681999e-05,1.5820393320000001,0.008434904
8.884972178681999e-05,1.5820393320000001,0.008566636000000002
8.984972178681998e-05,1.5820393320000001,0.008434904
9.084972178682e-05,1.5820393320000001,0.008303172000000004
9.184972178681999e-05,1.5820393320000001,0.008434904
9.284972178681999e-05,1.5820393320000001,0.008566636000000002
9.384972178681999e-05,1.5820393320000001,0.008500770000000005
9.484972178682e-05,1.5820393320000001,0.008566636000000002
9.584972178681999e-05,1.5820393320000001,0.008566636000000002
9.684972178681999e-05,1.5820393320000001,0.008566636000000002
9.784972178681999e-05,1.5820393320000001,0.0088301
9.884972178681998e-05,1.5820393320000001,0.008764234000000003
9.984972178682e-05,1.5820393320000001,0.008698368000000005
0.00010084972178681999,1.5820393320000001,0.008895966000000005
0.00010184972178681999,1.5820393320000001,0.0088301
0.00010284972178681999,1.5820393320000001,0.008895966000000005
0.00010384972178681998,1.5820393320000001,0.0088301
0.00010484972178682,1.5820393320000001,0.008632502
0.00010584972178681999,1.5820393320000001,0.008500770000000005
0.00010684972178681999,1.5820393320000001,0.008500770000000005
0.00010784972178681999,1.5820393320000001,0.008632502
0.00010884972178681998,1.5820393320000001,0.008500770000000005
0.00010984972178682,1.5820393320000001,0.008303172000000004
0.00011084972178681999,1.5820393320000001,0.008303172000000004
0.00011184972178681999,1.5820393320000001,0.008369038000000002
0.00011284972178681999,1.5820393320000001,0.008566636000000002
0.00011384972178681998,1.5820393320000001,0.008566636000000002
0.00011484972178682,1.5820393320000001,0.008698368000000005
0.00011584972178681999,1.5820393320000001,0.0088301
0.00011684972178681999,1.5820393320000001,0.008764234000000003
0.00011784972178681999,1.5820393320000001,0.008698368000000005
0.00011884972178681998,1.5820393320000001,0.008566636000000002
0.00011984972178682,1.5820393320000001,0.008632502
0.00012084972178681999,1.5820393320000001,0.008698368000000005
0.00012184972178681997,1.5820393320000001,0.008632502
0.00012284972178682,1.5820393320000001,0.008698368000000005
0.00012384972178682,1.5820393320000001,0.008632502
0.00012484972178682,1.5820393320000001,0.008764234000000003
0.00012584972178682,1.5820393320000001,0.008764234000000003
0.00012684972178682,1.5820393320000001,0.008764234000000003
0.00012784972178681998,1.5820393320000001,0.008961832000000003
0.00012884972178681998,1.5820393320000001,0.008764234000000003
0.00012984972178681998,1.5820393320000001,0.008764234000000003
0.00013084972178681998,1.5820393320000001,0.008698368000000005
0.00013184972178682,1.5820393320000001,0.008566636000000002
0.00013284972178682,1.5820393320000001,0.008698368000000005
0.00013384972178682,1.5820393320000001,0.008698368000000005
0.00013484972178682,1.5820393320000001,0.0088301
0.00013584972178682,1.5820393320000001,0.0088301
0.00013684972178682,1.5820393320000001,0.008698368000000005
0.00013784972178681998,1.5820393320000001,0.0088301
0.00013884972178681998,1.5820393320000001,0.0088301
0.00013984972178681998,1.5820393320000001,0.008632502
0.00014084972178681998,1.5820393320000001,0.008566636000000002
0.00014184972178682,1.5820393320000001,0.008632502
0.00014284972178682,1.5820393320000001,0.008500770000000005
0.00014384972178682,1.5820393320000001,0.008566636000000002
0.00014484972178682,1.5820393320000001,0.008698368000000005
0.00014584972178682,1.5820393320000001,0.008632502
0.00014684972178681999,1.5820393320000001,0.008566636000000002
0.00014784972178681998,1.5820393320000001,0.008566636000000002
0.00014884972178681998,1.5820393320000001,0.008632502
0.00014984972178681998,1.5820393320000001,0.008566636000000002
0.00015084972178681997,1.5820393320000001,0.008369038000000002
0.00015184972178682,1.5820393320000001,0.008237306
0.00015284972178682,1.5820393320000001,0.008566636000000002
0.00015384972178682,1.5820393320000001,0.008632502
0.00015484972178682,1.5820393320000001,0.008500770000000005
0.00015584972178682,1.5820393320000001,0.008500770000000005
0.00015684972178681998,1.5820393320000001,0.008500770000000005
0.00015784972178681998,1.5820393320000001,0.008698368000000005
0.00015884972178681998,1.5820393320000001,0.0088301
0.00015984972178681998,1.5820393320000001,0.008764234000000003
0.00016084972178681997,1.5820393320000001,0.008632502
0.00016184972178682,1.5820393320000001,0.008566636000000002
0.00016284972178682,1.5820393320000001,0.008632502
0.00016384972178682,1.5820393320000001,0.008764234000000003
0.00016484972178682,1.5820393320000001,0.008895966000000005
0.00016584972178682,1.5820393320000001,0.008895966000000005
0.00016684972178681998,1.5820393320000001,0.008632502
0.00016784972178681998,1.5820393320000001,0.008369038000000002
0.00016884972178681998,1.5820393320000001,0.008434904
0.00016984972178681998,1.5820393320000001,0.008632502
0.00017084972178681997,1.5820393320000001,0.008632502
0.00017184972178682,1.5820393320000001,0.008632502
0.00017284972178682,1.5820393320000001,0.008566636000000002
0.00017384972178682,1.5820393320000001,0.008369038000000002
0.00017484972178682,1.5820393320000001,0.008566636000000002
0.00017584972178681999,1.5820393320000001,0.008632502
0.00017684972178681998,1.5820393320000001,0.008369038000000002
0.00017784972178681998,1.5820393320000001,0.008434904
0.00017884972178681998,1.5820393320000001,0.008566636000000002
0.00017984972178681997,1.5820393320000001,0.008764234000000003
0.00018084972178681997,1.5820393320000001,0.0088301
0.00018184972178682,1.5820393320000001,0.008764234000000003
0.00018284972178682,1.5820393320000001,0.008764234000000003
0.00018384972178682,1.5820393320000001,0.008632502
0.00018484972178682,1.5820393320000001,0.008566636000000002
0.00018584972178681999,1.5820393320000001,0.008632502
0.00018684972178681998,1.5820393320000001,0.008764234000000003
0.00018784972178681998,1.5820393320000001,0.008698368000000005
0.00018884972178681998,1.5820393320000001,0.008566636000000002
0.00018984972178681997,1.5820393320000001,0.008632502
0.00019084972178682,1.5820393320000001,0.008566636000000002
0.00019184972178682,1.5820393320000001,0.008434904
0.00019284972178682,1.5820393320000001,0.008566636000000002
0.00019384972178682,1.5820393320000001,0.008434904
0.00019484972178682,1.5820393320000001,0.008434904
0.00019584972178681998,1.5820393320000001,0.008369038000000002
0.00019684972178681998,1.5820393320000001,0.008434904
0.00019784972178681998,1.5820393320000001,0.008698368000000005
0.00019884972178681998,1.5820393320000001,0.008632502
0.00019984972178681997,1.5820393320000001,0.008632502
0.00020084972178682,1.5820393320000001,0.008566636000000002
0.00020184972178682,1.5820393320000001,0.008566636000000002
0.00020284972178682,1.5820393320000001,0.008632502
0.00020384972178682,1.5820393320000001,0.008434904
0.00020484972178681999,1.5820393320000001,0.008434904
0.00020584972178681998,1.5820393320000001,0.008369038000000002
0.00020684972178681998,1.5820393320000001,0.008303172000000004
0.00020784972178681998,1.5820393320000001,0.008369038000000002
0.00020884972178681997,1.5820393320000001,0.008434904
0.00020984972178681997,1.5820393320000001,0.008566636000000002
0.00021084972178682,1.5820393320000001,0.008434904
0.00021184972178682,1.5820393320000001,0.008434904
0.00021284972178682,1.5820393320000001,0.008500770000000005
0.00021384972178682,1.5820393320000001,0.008303172000000004
0.00021484972178681999,1.5820393320000001,0.008369038000000002
0.00021584972178681998,1.5820393320000001,0.008237306
0.00021684972178681998,1.5820393320000001,0.008171440000000002
0.00021784972178681998,1.5820393320000001,0.008237306
0.00021884972178681997,1.5820393320000001,0.008171440000000002
0.00021984972178681997,1.5820393320000001,0.008237306
0.00022084972178682,1.5820393320000001,0.008237306
0.00022184972178682,1.5820393320000001,0.008237306
0.00022284972178682,1.5820393320000001,0.008237306
0.00022384972178682,1.5820393320000001,0.008105574000000004
0.00022484972178681998,1.5820393320000001,0.008039708
0.00022584972178681998,1.5820393320000001,0.007907976000000004
0.00022684972178681998,1.5820393320000001,0.008105574000000004
0.00022784972178681998,1.5820393320000001,0.008105574000000004
0.00022884972178681997,1.5820393320000001,0.007973842000000002
0.00022984972178681997,1.5820393320000001,0.008237306
0.00023084972178682,1.5820393320000001,0.008303172000000004
0.00023184972178682,1.5820393320000001,0.008434904
0.00023284972178682,1.5820393320000001,0.008369038000000002
0.00023384972178681999,1.5820393320000001,0.008171440000000002
0.00023484972178681998,1.5820393320000001,0.008303172000000004
0.00023584972178681998,1.5820393320000001,0.008237306
0.00023684972178681998,1.5820393320000001,0.008171440000000002
0.00023784972178681998,1.5820393320000001,0.008105574000000004
0.00023884972178681997,1.5820393320000001,0.007973842000000002
0.00023984972178681997,1.5820393320000001,0.007907976000000004
0.00024084972178682,1.5820393320000001,0.00784211
0.00024184972178682,1.5820393320000001,0.007973842000000002
0.00024284972178682,1.5820393320000001,0.007973842000000002
0.00024384972178681999,1.5820393320000001,0.007907976000000004
0.00024484972178682,1.5820393320000001,0.008171440000000002
0.00024584972178682,1.5820393320000001,0.008237306
0.00024684972178682003,1.5820393320000001,0.008237306
0.00024784972178682,1.5820393320000001,0.008237306
0.00024884972178682,1.5820393320000001,0.007973842000000002
0.00024984972178682,1.5820393320000001,0.007973842000000002
0.00025084972178682,1.5820393320000001,0.007973842000000002
0.00025184972178682,1.5820393320000001,0.008039708
0.00025284972178682,1.5820393320000001,0.008039708
0.00025384972178682,1.5820393320000001,0.00784211
0.00025484972178682,1.5820393320000001,0.007776244000000002
0.00025584972178682003,1.5820393320000001,0.007644511999999999
0.00025684972178682,1.5820393320000001,0.007644511999999999
0.00025784972178682003,1.5820393320000001,0.007776244000000002
0.00025884972178682,1.5820393320000001,0.007710378000000004
0.00025984972178682,1.5820393320000001,0.007578646000000001
0.00026084972178682,1.5820393320000001,0.007644511999999999
0.00026184972178682,1.5820393320000001,0.007776244000000002
0.00026284972178682,1.5820393320000001,0.00784211
0.00026384972178682,1.5820393320000001,0.00784211
0.00026484972178682004,1.5820393320000001,0.007644511999999999
0.00026584972178682,1.5820393320000001,0.007512780000000004
0.00026684972178682003,1.5820393320000001,0.007644511999999999
0.00026784972178682,1.5820393320000001,0.007710378000000004
0.00026884972178682,1.5820393320000001,0.007710378000000004
0.00026984972178682,1.5820393320000001,0.007512780000000004
0.00027084972178682,1.5820393320000001,0.007512780000000004
0.00027184972178682,1.5820393320000001,0.007710378000000004
0.00027284972178682,1.5820393320000001,0.007710378000000004
0.00027384972178682,1.5820393320000001,0.007578646000000001
0.00027484972178682,1.5820393320000001,0.007512780000000004
0.00027584972178682003,1.5820393320000001,0.007512780000000004
0.00027684972178682,1.5820393320000001,0.007512780000000004
0.00027784972178682,1.5820393320000001,0.007578646000000001
0.00027884972178682,1.5820393320000001,0.007578646000000001
0.00027984972178682,1.5820393320000001,0.007710378000000004
0.00028084972178682,1.5820393320000001,0.007776244000000002
0.00028184972178682,1.5820393320000001,0.007644511999999999
0.00028284972178682,1.5820393320000001,0.007578646000000001
0.00028384972178682,1.5820393320000001,0.007644511999999999
0.00028484972178682003,1.5820393320000001,0.007644511999999999
0.00028584972178682,1.5820393320000001,0.007381048000000001
0.00028684972178682003,1.5820393320000001,0.007446914000000006
0.00028784972178682,1.5820393320000001,0.007578646000000001
0.00028884972178682,1.5820393320000001,0.007644511999999999
0.00028984972178682,1.5820393320000001,0.007776244000000002
0.00029084972178682,1.5820393320000001,0.007644511999999999
0.00029184972178682,1.5820393320000001,0.007512780000000004
0.00029284972178682,1.5820393320000001,0.007446914000000006
0.00029384972178682,1.5820393320000001,0.007446914000000006
0.00029484972178682,1.5820393320000001,0.007578646000000001
0.00029584972178682003,1.5820393320000001,0.007578646000000001
0.00029684972178682,1.5820393320000001,0.007578646000000001
0.00029784972178682,1.5820393320000001,0.007446914000000006
0.00029884972178682,1.5820393320000001,0.007249316000000006
0.00029984972178682,1.5820393320000001,0.007183450000000001
0.00030084972178682,1.5820393320000001,0.007249316000000006
0.00030184972178682,1.5820393320000001,0.007315182000000003
0.00030284972178682,1.5820393320000001,0.007249316000000006
0.00030384972178682,1.5820393320000001,0.007183450000000001
0.00030484972178682003,1.5820393320000001,0.007446914000000006
0.00030584972178682,1.5820393320000001,0.007710378000000004
0.00030684972178682,1.5820393320000001,0.007578646000000001
0.00030784972178682,1.5820393320000001,0.007249316000000006
0.00030884972178682,1.5820393320000001,0.007117584000000003
0.00030984972178682,1.5820393320000001,0.007315182000000003
0.00031084972178682,1.5820393320000001,0.007315182000000003
0.00031184972178682,1.5820393320000001,0.007249316000000006
0.00031284972178682,1.5820393320000001,0.007183450000000001
0.00031384972178682,1.5820393320000001,0.007249316000000006
0.00031484972178682,1.5820393320000001,0.007249316000000006
0.00031584972178682003,1.5820393320000001,0.007183450000000001
0.00031684972178682,1.5820393320000001,0.007381048000000001
0.00031784972178682,1.5820393320000001,0.007381048000000001
0.00031884972178682,1.5820393320000001,0.007249316000000006
0.00031984972178682,1.5820393320000001,0.007315182000000003
0.00032084972178682,1.5820393320000001,0.007381048000000001
0.00032184972178682,1.5820393320000001,0.007381048000000001
0.00032284972178682,1.5820393320000001,0.007249316000000006
0.00032384972178682,1.5820393320000001,0.007117584000000003
0.00032484972178682003,1.5820393320000001,0.007183450000000001
0.00032584972178682,1.5820393320000001,0.007183450000000001
0.00032684972178682,1.5820393320000001,0.007315182000000003
0.00032784972178682,1.5820393320000001,0.007315182000000003
0.00032884972178682,1.5820393320000001,0.007051718000000005
0.00032984972178682,1.5820393320000001,0.007051718000000005
0.00033084972178682,1.5820393320000001,0.007183450000000001
0.00033184972178682,1.5820393320000001,0.007315182000000003
0.00033284972178682,1.5820393320000001,0.007249316000000006
0.00033384972178682003,1.5820393320000001,0.007117584000000003
0.00033484972178682,1.5820393320000001,0.007249316000000006
0.00033584972178682,1.5820393320000001,0.007381048000000001
0.00033684972178682,1.5820393320000001,0.007446914000000006
0.00033784972178682,1.5820393320000001,0.007512780000000004
0.00033884972178682,1.5820393320000001,0.007446914000000006
0.00033984972178682,1.5820393320000001,0.007446914000000006
0.00034084972178682,1.5820393320000001,0.007446914000000006
0.00034184972178682,1.5820393320000001,0.007446914000000006
0.00034284972178682,1.5820393320000001,0.007381048000000001
0.00034384972178682,1.5820393320000001,0.007446914000000006
0.00034484972178682003,1.5820393320000001,0.007315182000000003
0.00034584972178682,1.5820393320000001,0.007249316000000006
0.00034684972178682,1.5820393320000001,0.007512780000000004
0.00034784972178682,1.5820393320000001,0.007512780000000004
0.00034884972178682,1.5820393320000001,0.007578646000000001
0.00034984972178682,1.5820393320000001,0.007446914000000006
0.00035084972178682,1.5820393320000001,0.007249316000000006
0.00035184972178682,1.5820393320000001,0.007381048000000001
0.00035284972178682,1.5820393320000001,0.007381048000000001
0.00035384972178682003,1.5820393320000001,0.007381048000000001
0.00035484972178682,1.5820393320000001,0.007644511999999999
0.00035584972178682,1.5820393320000001,0.007512780000000004
0.00035684972178682,1.5820393320000001,0.007446914000000006
0.00035784972178682,1.5820393320000001,0.007117584000000003
0.00035884972178682,1.5820393320000001,0.007183450000000001
0.00035984972178682,1.5820393320000001,0.007512780000000004
0.00036084972178682,1.5820393320000001,0.007381048000000001
0.00036184972178682,1.5820393320000001,0.007249316000000006
0.00036284972178682,1.5820393320000001,0.007183450000000001
0.00036384972178682,1.5820393320000001,0.007117584000000003
0.00036484972178682,1.5820393320000001,0.007117584000000003
0.00036584972178682,1.5820393320000001,0.007051718000000005
0.00036684972178682,1.5820393320000001,0.007117584000000003
0.00036784972178682,1.5820393320000001,0.007315182000000003
0.00036884972178682,1.5820393320000001,0.007183450000000001
0.00036984972178682,1.5820393320000001,0.007315182000000003
0.00037084972178682,1.5820393320000001,0.007381048000000001
0.00037184972178682,1.5820393320000001,0.007315182000000003
0.00037284972178682,1.5820393320000001,0.007446914000000006
0.00037384972178682003,1.5820393320000001,0.007578646000000001
0.00037484972178682,1.5820393320000001,0.007512780000000004
0.00037584972178682,1.5820393320000001,0.007381048000000001
0.00037684972178682,1.5820393320000001,0.007446914000000006
0.00037784972178682,1.5820393320000001,0.007512780000000004
0.00037884972178682,1.5820393320000001,0.007446914000000006
0.00037984972178682,1.5820393320000001,0.007381048000000001
0.00038084972178682,1.5820393320000001,0.007446914000000006
0.00038184972178682,1.5820393320000001,0.007578646000000001
0.00038284972178682003,1.5820393320000001,0.007381048000000001
0.00038384972178682,1.5820393320000001,0.007446914000000006
0.00038484972178682,1.5820393320000001,0.007512780000000004
0.00038584972178682,1.5820393320000001,0.007381048000000001
0.00038684972178682,1.5820393320000001,0.007446914000000006
0.00038784972178682,1.5820393320000001,0.007644511999999999
0.00038884972178682,1.5820393320000001,0.007512780000000004
0.00038984972178682,1.5820393320000001,0.007381048000000001
0.00039084972178682,1.5820393320000001,0.007446914000000006
0.00039184972178682,1.5820393320000001,0.007512780000000004
0.00039284972178682,1.5820393320000001,0.007512780000000004
0.00039384972178682,1.5820393320000001,0.007446914000000006
0.00039484972178682,1.5820393320000001,0.007512780000000004
0.00039584972178682,1.5820393320000001,0.007578646000000001
0.00039684972178682,1.5820393320000001,0.007512780000000004
0.00039784972178682,1.5820393320000001,0.007381048000000001
0.00039884972178682,1.5820393320000001,0.007381048000000001
0.00039984972178682,1.5820393320000001,0.007578646000000001
0.00040084972178682,1.5820393320000001,0.007381048000000001
0.00040184972178682,1.5820393320000001,0.007249316000000006
0.00040284972178682003,1.5820393320000001,0.007183450000000001
0.00040384972178682,1.5820393320000001,0.007381048000000001
0.00040484972178682,1.5820393320000001,0.007512780000000004
0.00040584972178682,1.5820393320000001,0.007512780000000004
0.00040684972178682,1.5820393320000001,0.007446914000000006
0.00040784972178682,1.5820393320000001,0.007381048000000001
0.00040884972178682,1.5820393320000001,0.007512780000000004
0.00040984972178682,1.5820393320000001,0.00784211
0.00041084972178682,1.5820393320000001,0.007907976000000004
0.00041184972178682,1.5820393320000001,0.007710378000000004
0.00041284972178682,1.5820393320000001,0.007644511999999999
0.00041384972178682,1.5820393320000001,0.007644511999999999
0.00041484972178682,1.5820393320000001,0.007644511999999999
0.00041584972178682,1.5820393320000001,0.007512780000000004
0.00041684972178682,1.5820393320000001,0.007512780000000004
0.00041784972178682,1.5820393320000001,0.007644511999999999
0.00041884972178682,1.5820393320000001,0.007578646000000001
0.00041984972178682,1.5820393320000001,0.007446914000000006
0.00042084972178682,1.5820393320000001,0.007512780000000004
0.00042184972178682,1.5820393320000001,0.007644511999999999
0.00042284972178682,1.5820393320000001,0.007776244000000002
0.00042384972178682,1.5820393320000001,0.007776244000000002
0.00042484972178682,1.5820393320000001,0.007644511999999999
0.00042584972178682,1.5820393320000001,0.007512780000000004
0.00042684972178682,1.5820393320000001,0.007578646000000001
0.00042784972178682,1.5820393320000001,0.007446914000000006
0.00042884972178682,1.5820393320000001,0.007249316000000006
0.00042984972178682,1.5820393320000001,0.007249316000000006
0.00043084972178682,1.5820393320000001,0.007249316000000006
0.00043184972178682,1.5820393320000001,0.007315182000000003
0.00043284972178682,1.5820393320000001,0.007381048000000001
0.00043384972178682,1.5820393320000001,0.007578646000000001
0.00043484972178682,1.5820393320000001,0.007446914000000006
0.00043584972178682,1.5820393320000001,0.007051718000000005
0.00043684972178682,1.5820393320000001,0.007117584000000003
0.00043784972178682,1.5820393320000001,0.007183450000000001
0.00043884972178682,1.5820393320000001,0.007051718000000005
0.00043984972178682,1.5820393320000001,0.007183450000000001
0.00044084972178682,1.5820393320000001,0.007051718000000005
0.00044184972178682,1.5820393320000001,0.007183450000000001
0.00044284972178682,1.5820393320000001,0.007315182000000003
0.00044384972178682,1.5820393320000001,0.007381048000000001
0.00044484972178682,1.5820393320000001,0.007315182000000003
0.00044584972178682,1.5820393320000001,0.007183450000000001
0.00044684972178682,1.5820393320000001,0.007183450000000001
0.00044784972178682,1.5820393320000001,0.007315182000000003
0.00044884972178682,1.5820393320000001,0.007512780000000004
0.00044984972178682,1.5820393320000001,0.007446914000000006
0.00045084972178682,1.5820393320000001,0.007446914000000006
0.00045184972178682,1.5820393320000001,0.007446914000000006
0.00045284972178682,1.5820393320000001,0.007446914000000006
0.00045384972178682,1.5820393320000001,0.007512780000000004
0.00045484972178682,1.5820393320000001,0.007446914000000006
0.00045584972178682,1.5820393320000001,0.007381048000000001
0.00045684972178682,1.5820393320000001,0.007578646000000001
0.00045784972178682,1.5820393320000001,0.007644511999999999
0.00045884972178682,1.5820393320000001,0.007512780000000004
0.00045984972178682,1.5820393320000001,0.007644511999999999
0.00046084972178682,1.5820393320000001,0.007776244000000002
0.00046184972178682,1.5820393320000001,0.00784211
0.00046284972178682,1.5820393320000001,0.007578646000000001
0.00046384972178682,1.5820393320000001,0.007710378000000004
0.00046484972178682,1.5820393320000001,0.007907976000000004
0.00046584972178682,1.5820393320000001,0.007644511999999999
0.00046684972178682,1.5820393320000001,0.007512780000000004
0.00046784972178682,1.5820393320000001,0.007644511999999999
0.00046884972178682,1.5820393320000001,0.007776244000000002
0.00046984972178682,1.5820393320000001,0.007776244000000002
0.00047084972178682,1.5820393320000001,0.007644511999999999
0.00047184972178682,1.5820393320000001,0.007578646000000001
0.00047284972178682,1.5820393320000001,0.007578646000000001
0.00047384972178682,1.5820393320000001,0.007776244000000002
0.00047484972178682,1.5820393320000001,0.007776244000000002
0.00047584972178682,1.5820393320000001,0.007381048000000001
0.00047684972178682,1.5820393320000001,0.007381048000000001
0.00047784972178682,1.5820393320000001,0.007381048000000001
0.00047884972178682,1.5820393320000001,0.007183450000000001
0.00047984972178682,1.5820393320000001,0.007249316000000006
0.00048084972178681997,1.5820393320000001,0.007446914000000006
0.00048184972178682,1.5820393320000001,0.007381048000000001
0.00048284972178682,1.5820393320000001,0.007183450000000001
0.00048384972178682,1.5820393320000001,0.007249316000000006
0.00048484972178682,1.5820393320000001,0.007249316000000006
0.00048584972178682,1.5820393320000001,0.007381048000000001
0.00048684972178682,1.5820393320000001,0.007710378000000004
0.00048784972178682,1.5820393320000001,0.007776244000000002
0.00048884972178682,1.5820393320000001,0.007776244000000002
0.00048984972178682,1.5820393320000001,0.007776244000000002
0.0004908497217868199,1.5820393320000001,0.007776244000000002
0.0004918497217868199,1.5820393320000001,0.00784211
0.0004928497217868199,1.5820393320000001,0.007776244000000002
0.00049384972178682,1.5820393320000001,0.007710378000000004
0.00049484972178682,1.5820393320000001,0.007710378000000004
0.0004958497217868199,1.5820393320000001,0.007710378000000004
0.0004968497217868199,1.5820393320000001,0.007710378000000004
0.00049784972178682,1.5820393320000001,0.007644511999999999
0.00049884972178682,1.5820393320000001,0.007578646000000001
0.0004998497217868199,1.5820393320000001,0.007512780000000004
0.0005008497217868199,1.5820393320000001,0.007512780000000004
0.0005018497217868199,1.5820393320000001,0.007381048000000001
0.00050284972178682,1.5820393320000001,0.007249316000000006
0.00050384972178682,1.5820393320000001,0.007249316000000006
0.0005048497217868199,1.5820393320000001,0.007381048000000001
0.0005058497217868199,1.5820393320000001,0.007644511999999999
0.00050684972178682,1.5820393320000001,0.007644511999999999
0.00050784972178682,1.5820393320000001,0.007446914000000006
0.0005088497217868199,1.5820393320000001,0.007249316000000006
0.0005098497217868199,1.5820393320000001,0.007051718000000005
0.0005108497217868199,1.5820393320000001,0.007051718000000005
0.00051184972178682,1.5820393320000001,0.007381048000000001
0.00051284972178682,1.5820393320000001,0.007381048000000001
0.0005138497217868199,1.5820393320000001,0.007249316000000006
0.0005148497217868199,1.5820393320000001,0.007381048000000001
0.00051584972178682,1.5820393320000001,0.007446914000000006
0.00051684972178682,1.5820393320000001,0.007381048000000001
0.0005178497217868199,1.5820393320000001,0.007249316000000006
0.0005188497217868199,1.5820393320000001,0.007249316000000006
0.0005198497217868199,1.5820393320000001,0.007183450000000001
0.00052084972178682,1.5820393320000001,0.007315182000000003
0.00052184972178682,1.5820393320000001,0.007512780000000004
0.0005228497217868199,1.5820393320000001,0.007578646000000001
0.0005238497217868199,1.5820393320000001,0.007578646000000001
0.00052484972178682,1.5820393320000001,0.007446914000000006
0.00052584972178682,1.5820393320000001,0.007249316000000006
0.0005268497217868199,1.5820393320000001,0.007183450000000001
0.0005278497217868199,1.5820393320000001,0.007315182000000003
0.00052884972178682,1.5820393320000001,0.007446914000000006
0.00052984972178682,1.5820393320000001,0.007512780000000004
0.00053084972178682,1.5820393320000001,0.007249316000000006
0.0005318497217868199,1.5820393320000001,0.007051718000000005
0.0005328497217868199,1.5820393320000001,0.007117584000000003
0.00053384972178682,1.5820393320000001,0.007183450000000001
0.00053484972178682,1.5820393320000001,0.007183450000000001
0.0005358497217868199,1.5820393320000001,0.007051718000000005
0.0005368497217868199,1.5820393320000001,0.007249316000000006
0.00053784972178682,1.5820393320000001,0.007381048000000001
0.00053884972178682,1.5820393320000001,0.007381048000000001
0.0005398497217868199,1.5820393320000001,0.007512780000000004
0.0005408497217868199,1.5820393320000001,0.007644511999999999
0.0005418497217868199,1.5820393320000001,0.007710378000000004
0.00054284972178682,1.5820393320000001,0.007578646000000001
0.00054384972178682,1.5820393320000001,0.007512780000000004
0.0005448497217868199,1.5820393320000001,0.007315182000000003
0.0005458497217868199,1.5820393320000001,0.007183450000000001
0.00054684972178682,1.5820393320000001,0.007381048000000001
0.00054784972178682,1.5820393320000001,0.007578646000000001
0.0005488497217868199,1.5820393320000001,0.007644511999999999
0.0005498497217868199,1.5820393320000001,0.007446914000000006
0.0005508497217868199,1.5820393320000001,0.007446914000000006
0.00055184972178682,1.5820393320000001,0.007512780000000004
0.00055284972178682,1.5820393320000001,0.007381048000000001
0.0005538497217868199,1.5820393320000001,0.007381048000000001
0.0005548497217868199,1.5820393320000001,0.007446914000000006
0.00055584972178682,1.5820393320000001,0.007381048000000001
0.00055684972178682,1.5820393320000001,0.007117584000000003
0.0005578497217868199,1.5820393320000001,0.007051718000000005
0.0005588497217868199,1.5820393320000001,0.007381048000000001
0.0005598497217868199,1.5820393320000001,0.007381048000000001
0.00056084972178682,1.5820393320000001,0.007381048000000001
0.00056184972178682,1.5820393320000001,0.007644511999999999
0.0005628497217868199,1.5820393320000001,0.007512780000000004
0.0005638497217868199,1.5820393320000001,0.007512780000000004
0.00056484972178682,1.5820393320000001,0.007446914000000006
0.00056584972178682,1.5820393320000001,0.007446914000000006
0.0005668497217868199,1.5820393320000001,0.007644511999999999
0.0005678497217868199,1.5820393320000001,0.007578646000000001
0.0005688497217868199,1.5820393320000001,0.007512780000000004
0.00056984972178682,1.5820393320000001,0.007315182000000003
0.00057084972178682,1.5820393320000001,0.007446914000000006
0.0005718497217868199,1.5820393320000001,0.007446914000000006
0.0005728497217868199,1.5820393320000001,0.007051718000000005
0.00057384972178682,1.5820393320000001,0.007051718000000005
0.00057484972178682,1.5820393320000001,0.007117584000000003
0.0005758497217868199,1.5820393320000001,0.007183450000000001
0.0005768497217868199,1.5820393320000001,0.007183450000000001
0.0005778497217868199,1.5820393320000001,0.007249316000000006
0.00057884972178682,1.5820393320000001,0.007446914000000006
0.00057984972178682,1.5820393320000001,0.007578646000000001
0.0005808497217868199,1.5820393320000001,0.007512780000000004
0.0005818497217868199,1.5820393320000001,0.007578646000000001
0.00058284972178682,1.5820393320000001,0.007776244000000002
0.00058384972178682,1.5820393320000001,0.007710378000000004
0.0005848497217868199,1.5820393320000001,0.007512780000000004
0.0005858497217868199,1.5820393320000001,0.007644511999999999
0.00058684972178682,1.5820393320000001,0.007710378000000004
0.00058784972178682,1.5820393320000001,0.007578646000000001
0.0005888497217868199,1.5820393320000001,0.007512780000000004
0.0005898497217868199,1.5820393320000001,0.007776244000000002
0.0005908497217868199,1.5820393320000001,0.007973842000000002
0.00059184972178682,1.5820393320000001,0.007907976000000004
0.00059284972178682,1.5820393320000001,0.007644511999999999
0.0005938497217868199,1.5820393320000001,0.007644511999999999
0.0005948497217868199,1.5820393320000001,0.007776244000000002
0.00059584972178682,1.5820393320000001,0.007710378000000004
0.00059684972178682,1.5820393320000001,0.007710378000000004
0.0005978497217868199,1.5820393320000001,0.007512780000000004
0.0005988497217868199,1.5820393320000001,0.007446914000000006
0.0005998497217868199,1.5820393320000001,0.007512780000000004
0.00060084972178682,1.5820393320000001,0.007644511999999999
0.00060184972178682,1.5820393320000001,0.007710378000000004
0.0006028497217868199,1.5820393320000001,0.007644511999999999
0.0006038497217868199,1.5820393320000001,0.007644511999999999
0.00060484972178682,1.5820393320000001,0.007710378000000004
0.00060584972178682,1.5820393320000001,0.007776244000000002
0.0006068497217868199,1.5820393320000001,0.007644511999999999
0.0006078497217868199,1.5820393320000001,0.007578646000000001
0.0006088497217868199,1.5820393320000001,0.007710378000000004
0.00060984972178682,1.5820393320000001,0.007512780000000004
0.00061084972178682,1.5820393320000001,0.007446914000000006
0.0006118497217868199,1.5820393320000001,0.007512780000000004
0.0006128497217868199,1.5820393320000001,0.007381048000000001
0.00061384972178682,1.5820393320000001,0.007512780000000004
0.00061484972178682,1.5820393320000001,0.007446914000000006
0.0006158497217868199,1.5820393320000001,0.007315182000000003
0.0006168497217868199,1.5820393320000001,0.007315182000000003
0.0006178497217868199,1.5820393320000001,0.007315182000000003
0.00061884972178682,1.5820393320000001,0.007183450000000001
0.00061984972178682,1.5820393320000001,0.007117584000000003
0.0006208497217868199,1.5820393320000001,0.007381048000000001
0.0006218497217868199,1.5820393320000001,0.007644511999999999
0.00062284972178682,1.5820393320000001,0.007776244000000002
0.00062384972178682,1.5820393320000001,0.007776244000000002
0.0006248497217868199,1.5820393320000001,0.007644511999999999
0.0006258497217868199,1.5820393320000001,0.007644511999999999
0.0006268497217868199,1.5820393320000001,0.007710378000000004
0.00062784972178682,1.5820393320000001,0.007446914000000006
0.0006288497217868199,1.5820393320000001,0.007446914000000006
0.0006298497217868199,1.5820393320000001,0.007512780000000004
0.0006308497217868199,1.5820393320000001,0.007512780000000004
0.00063184972178682,1.5820393320000001,0.007381048000000001
0.00063284972178682,1.5820393320000001,0.007381048000000001
0.0006338497217868199,1.5820393320000001,0.007644511999999999
0.0006348497217868199,1.5820393320000001,0.007710378000000004
0.0006358497217868199,1.5820393320000001,0.007776244000000002
0.00063684972178682,1.5820393320000001,0.007776244000000002
0.0006378497217868199,1.5820393320000001,0.007578646000000001
0.0006388497217868199,1.5820393320000001,0.007578646000000001
0.0006398497217868199,1.5820393320000001,0.007578646000000001
0.00064084972178682,1.5820393320000001,0.007512780000000004
0.00064184972178682,1.5820393320000001,0.007512780000000004
0.0006428497217868199,1.5820393320000001,0.007512780000000004
0.0006438497217868199,1.5820393320000001,0.007578646000000001
0.00064484972178682,1.5820393320000001,0.007644511999999999
0.00064584972178682,1.5820393320000001,0.007381048000000001
0.0006468497217868199,1.5820393320000001,0.007249316000000006
0.0006478497217868199,1.5820393320000001,0.007512780000000004
0.0006488497217868199,1.5820393320000001,0.007644511999999999
0.00064984972178682,1.5820393320000001,0.007446914000000006
0.00065084972178682,1.5820393320000001,0.007381048000000001
0.0006518497217868199,1.5820393320000001,0.007315182000000003
0.0006528497217868199,1.5820393320000001,0.007315182000000003
0.00065384972178682,1.5820393320000001,0.007446914000000006
0.00065484972178682,1.5820393320000001,0.007381048000000001
0.0006558497217868199,1.5820393320000001,0.007446914000000006
0.0006568497217868199,1.5820393320000001,0.007578646000000001
0.0006578497217868199,1.5820393320000001,0.007446914000000006
0.00065884972178682,1.5820393320000001,0.007512780000000004
0.00065984972178682,1.5820393320000001,0.007578646000000001
0.0006608497217868199,1.5820393320000001,0.007578646000000001
0.0006618497217868199,1.5820393320000001,0.007446914000000006
0.00066284972178682,1.5820393320000001,0.007381048000000001
0.00066384972178682,1.5820393320000001,0.007644511999999999
0.0006648497217868199,1.5820393320000001,0.007776244000000002
0.0006658497217868199,1.5820393320000001,0.00784211
0.0006668497217868199,1.5820393320000001,0.00784211
0.00066784972178682,1.5820393320000001,0.007710378000000004
0.00066884972178682,1.5820393320000001,0.007710378000000004
0.0006698497217868199,1.5820393320000001,0.007446914000000006
0.0006708497217868199,1.5820393320000001,0.007512780000000004
0.00067184972178682,1.5820393320000001,0.007776244000000002
0.00067284972178682,1.5820393320000001,0.007710378000000004
0.0006738497217868199,1.5820393320000001,0.007776244000000002
0.0006748497217868199,1.5820393320000001,0.007776244000000002
0.0006758497217868199,1.5820393320000001,0.007776244000000002
0.00067684972178682,1.5820393320000001,0.007644511999999999
0.0006778497217868199,1.5820393320000001,0.007578646000000001
0.0006788497217868199,1.5820393320000001,0.007644511999999999
0.0006798497217868199,1.5820393320000001,0.007512780000000004
0.00068084972178682,1.5820393320000001,0.007512780000000004
0.00068184972178682,1.5820393320000001,0.007710378000000004
0.0006828497217868199,1.5820393320000001,0.007644511999999999
0.0006838497217868199,1.5820393320000001,0.007512780000000004
0.0006848497217868199,1.5820393320000001,0.007381048000000001
0.00068584972178682,1.5820393320000001,0.007381048000000001
0.0006868497217868199,1.5820393320000001,0.007512780000000004
0.0006878497217868199,1.5820393320000001,0.007512780000000004
0.0006888497217868199,1.5820393320000001,0.007776244000000002
0.00068984972178682,1.5820393320000001,0.007776244000000002
0.00069084972178682,1.5820393320000001,0.007644511999999999
0.0006918497217868199,1.5820393320000001,0.007710378000000004
0.0006928497217868199,1.5820393320000001,0.007512780000000004
0.00069384972178682,1.5820393320000001,0.007644511999999999
0.00069484972178682,1.5820393320000001,0.007710378000000004
0.0006958497217868199,1.5820393320000001,0.007776244000000002
0.0006968497217868199,1.5820393320000001,0.007776244000000002
0.0006978497217868199,1.5820393320000001,0.007710378000000004
0.00069884972178682,1.5820393320000001,0.007644511999999999
0.00069984972178682,1.5820393320000001,0.007512780000000004
0.0007008497217868199,1.5820393320000001,0.007512780000000004
0.0007018497217868199,1.5820393320000001,0.007381048000000001
0.00070284972178682,1.5820393320000001,0.007249316000000006
0.00070384972178682,1.5820393320000001,0.007446914000000006
0.0007048497217868199,1.5820393320000001,0.007446914000000006
0.0007058497217868199,1.5820393320000001,0.007512780000000004
0.0007068497217868199,1.5820393320000001,0.007512780000000004
0.00070784972178682,1.5820393320000001,0.007578646000000001
0.00070884972178682,1.5820393320000001,0.007776244000000002
0.0007098497217868199,1.5820393320000001,0.007644511999999999
0.0007108497217868199,1.5820393320000001,0.007644511999999999
0.00071184972178682,1.5820393320000001,0.007446914000000006
0.00071284972178682,1.5820393320000001,0.007381048000000001
0.0007138497217868199,1.5820393320000001,0.007578646000000001
0.0007148497217868199,1.5820393320000001,0.007512780000000004
0.0007158497217868199,1.5820393320000001,0.007512780000000004
0.00071684972178682,1.5820393320000001,0.007446914000000006
0.00071784972178682,1.5820393320000001,0.007446914000000006
0.0007188497217868199,1.5820393320000001,0.007512780000000004
0.0007198497217868199,1.5820393320000001,0.007644511999999999
0.00072084972178682,1.5820393320000001,0.007644511999999999
0.00072184972178682,1.5820393320000001,0.007512780000000004
0.0007228497217868199,1.5820393320000001,0.007644511999999999
0.0007238497217868199,1.5820393320000001,0.007776244000000002
0.0007248497217868199,1.5820393320000001,0.007644511999999999
0.00072584972178682,1.5820393320000001,0.007578646000000001
0.0007268497217868199,1.5820393320000001,0.007644511999999999
0.0007278497217868199,1.5820393320000001,0.007644511999999999
0.0007288497217868199,1.5820393320000001,0.007578646000000001
0.00072984972178682,1.5820393320000001,0.007315182000000003
0.00073084972178682,1.5820393320000001,0.007446914000000006
0.0007318497217868199,1.5820393320000001,0.007578646000000001
0.0007328497217868199,1.5820393320000001,0.007446914000000006
0.0007338497217868199,1.5820393320000001,0.007512780000000004
0.00073484972178682,1.5820393320000001,0.007644511999999999
0.0007358497217868199,1.5820393320000001,0.007776244000000002
0.0007368497217868199,1.5820393320000001,0.007644511999999999
0.0007378497217868199,1.5820393320000001,0.007644511999999999
0.00073884972178682,1.5820393320000001,0.007512780000000004
0.00073984972178682,1.5820393320000001,0.007446914000000006
0.0007408497217868199,1.5820393320000001,0.007644511999999999
0.0007418497217868199,1.5820393320000001,0.007776244000000002
0.0007428497217868199,1.5820393320000001,0.007710378000000004
0.00074384972178682,1.5820393320000001,0.00784211
0.0007448497217868199,1.5820393320000001,0.00784211
0.0007458497217868199,1.5820393320000001,0.007776244000000002
0.0007468497217868199,1.5820393320000001,0.007710378000000004
0.00074784972178682,1.5820393320000001,0.007512780000000004
0.00074884972178682,1.5820393320000001,0.007578646000000001
0.0007498497217868199,1.5820393320000001,0.007446914000000006
0.0007508497217868199,1.5820393320000001,0.007183450000000001
0.00075184972178682,1.5820393320000001,0.007381048000000001
0.00075284972178682,1.5820393320000001,0.007644511999999999
0.0007538497217868199,1.5820393320000001,0.007512780000000004
0.0007548497217868199,1.5820393320000001,0.007446914000000006
0.0007558497217868199,1.5820393320000001,0.007644511999999999
0.00075684972178682,1.5820393320000001,0.007578646000000001
0.00075784972178682,1.5820393320000001,0.007776244000000002
0.0007588497217868199,1.5820393320000001,0.007973842000000002
0.0007598497217868199,1.5820393320000001,0.007644511999999999
0.00076084972178682,1.5820393320000001,0.007710378000000004
0.00076184972178682,1.5820393320000001,0.007710378000000004
0.0007628497217868199,1.5820393320000001,0.007644511999999999
0.0007638497217868199,1.5820393320000001,0.007710378000000004
0.0007648497217868199,1.5820393320000001,0.007578646000000001
0.00076584972178682,1.5820393320000001,0.007578646000000001
0.00076684972178682,1.5820393320000001,0.007578646000000001
0.0007678497217868199,1.5820393320000001,0.007446914000000006
0.0007688497217868199,1.5820393320000001,0.007249316000000006
0.00076984972178682,1.5820393320000001,0.007249316000000006
0.00077084972178682,1.5820393320000001,0.007512780000000004
0.0007718497217868199,1.5820393320000001,0.007446914000000006
0.0007728497217868199,1.5820393320000001,0.007381048000000001
0.0007738497217868199,1.5820393320000001,0.007381048000000001
0.00077484972178682,1.5820393320000001,0.007183450000000001
0.0007758497217868199,1.5820393320000001,0.007249316000000006
0.0007768497217868199,1.5820393320000001,0.007315182000000003
0.0007778497217868199,1.5820393320000001,0.007446914000000006
0.00077884972178682,1.5820393320000001,0.007381048000000001
0.00077984972178682,1.5820393320000001,0.007381048000000001
0.0007808497217868199,1.5820393320000001,0.007512780000000004
0.0007818497217868199,1.5820393320000001,0.007315182000000003
0.0007828497217868199,1.5820393320000001,0.007183450000000001
0.00078384972178682,1.5820393320000001,0.007315182000000003
0.0007848497217868199,1.5820393320000001,0.007381048000000001
0.0007858497217868199,1.5820393320000001,0.007512780000000004
0.0007868497217868199,1.5820393320000001,0.007446914000000006
0.00078784972178682,1.5820393320000001,0.007315182000000003
0.00078884972178682,1.5820393320000001,0.007446914000000006
0.0007898497217868199,1.5820393320000001,0.007446914000000006
0.0007908497217868199,1.5820393320000001,0.007446914000000006
0.0007918497217868199,1.5820393320000001,0.007051718000000005
0.00079284972178682,1.5820393320000001,0.007249316000000006
0.0007938497217868199,1.5820393320000001,0.007446914000000006
0.0007948497217868199,1.5820393320000001,0.007249316000000006
0.0007958497217868199,1.5820393320000001,0.007381048000000001
0.00079684972178682,1.5820393320000001,0.007315182000000003
0.00079784972178682,1.5820393320000001,0.007315182000000003
0.0007988497217868199,1.5820393320000001,0.007381048000000001
0.0007998497217868199,1.5820393320000001,0.007315182000000003
0.0008008497217868199,1.5820393320000001,0.007446914000000006
0.00080184972178682,1.5820393320000001,0.007512780000000004
0.0008028497217868199,1.5820393320000001,0.007644511999999999
0.0008038497217868199,1.5820393320000001,0.007644511999999999
0.0008048497217868199,1.5820393320000001,0.007644511999999999
0.00080584972178682,1.5820393320000001,0.007776244000000002
0.00080684972178682,1.5820393320000001,0.007644511999999999
0.0008078497217868199,1.5820393320000001,0.007644511999999999
0.0008088497217868199,1.5820393320000001,0.007644511999999999
0.00080984972178682,1.5820393320000001,0.007644511999999999
0.00081084972178682,1.5820393320000001,0.007710378000000004
0.0008118497217868199,1.5820393320000001,0.007512780000000004
0.0008128497217868199,1.5820393320000001,0.007446914000000006
0.0008138497217868199,1.5820393320000001,0.007512780000000004
0.00081484972178682,1.5820393320000001,0.007644511999999999
0.0008158497217868199,1.5820393320000001,0.007776244000000002
0.0008168497217868199,1.5820393320000001,0.00784211
0.0008178497217868199,1.5820393320000001,0.007973842000000002
0.00081884972178682,1.5820393320000001,0.008039708
0.00081984972178682,1.5820393320000001,0.008105574000000004
0.0008208497217868199,1.5820393320000001,0.008105574000000004
0.0008218497217868199,1.5820393320000001,0.007973842000000002
0.0008228497217868199,1.5820393320000001,0.008171440000000002
0.00082384972178682,1.5820393320000001,0.008105574000000004
0.0008248497217868199,1.5820393320000001,0.007973842000000002
0.0008258497217868199,1.5820393320000001,0.008105574000000004
0.0008268497217868199,1.5820393320000001,0.007907976000000004
0.00082784972178682,1.5820393320000001,0.00784211
0.00082884972178682,1.5820393320000001,0.008105574000000004
0.0008298497217868199,1.5820393320000001,0.008039708
0.0008308497217868199,1.5820393320000001,0.007907976000000004
0.0008318497217868199,1.5820393320000001,0.007907976000000004
0.00083284972178682,1.5820393320000001,0.007907976000000004
0.0008338497217868199,1.5820393320000001,0.007907976000000004
0.0008348497217868199,1.5820393320000001,0.00784211
0.0008358497217868199,1.5820393320000001,0.007644511999999999
0.00083684972178682,1.5820393320000001,0.007512780000000004
0.00083784972178682,1.5820393320000001,0.007776244000000002
0.0008388497217868199,1.5820393320000001,0.007710378000000004
0.0008398497217868199,1.5820393320000001,0.007446914000000006
0.0008408497217868199,1.5820393320000001,0.007644511999999999
0.00084184972178682,1.5820393320000001,0.007776244000000002
0.0008428497217868199,1.5820393320000001,0.007776244000000002
0.0008438497217868199,1.5820393320000001,0.007776244000000002
0.0008448497217868199,1.5820393320000001,0.007776244000000002
0.00084584972178682,1.5820393320000001,0.00784211
0.00084684972178682,1.5820393320000001,0.007907976000000004
0.0008478497217868199,1.5820393320000001,0.007907976000000004
0.0008488497217868199,1.5820393320000001,0.007710378000000004
0.0008498497217868199,1.5820393320000001,0.007644511999999999
0.00085084972178682,1.5820393320000001,0.007710378000000004
0.0008518497217868199,1.5820393320000001,0.007776244000000002
0.0008528497217868199,1.5820393320000001,0.00784211
0.0008538497217868199,1.5820393320000001,0.00784211
0.00085484972178682,1.5820393320000001,0.00784211
0.00085584972178682,1.5820393320000001,0.007776244000000002
0.0008568497217868199,1.5820393320000001,0.007776244000000002
0.0008578497217868199,1.5820393320000001,0.007776244000000002
0.0008588497217868199,1.5820393320000001,0.007710378000000004
0.00085984972178682,1.5820393320000001,0.007776244000000002
0.0008608497217868199,1.5820393320000001,0.007644511999999999
0.0008618497217868199,1.5820393320000001,0.007644511999999999
0.0008628497217868199,1.5820393320000001,0.007710378000000004
0.00086384972178682,1.5820393320000001,0.007776244000000002
0.0008648497217868199,1.5820393320000001,0.007578646000000001
0.0008658497217868199,1.5820393320000001,0.007446914000000006
0.0008668497217868199,1.5820393320000001,0.007381048000000001
0.00086784972178682,1.5820393320000001,0.007446914000000006
0.00086884972178682,1.5820393320000001,0.007578646000000001
0.0008698497217868199,1.5820393320000001,0.007512780000000004
0.0008708497217868199,1.5820393320000001,0.007512780000000004
0.0008718497217868199,1.5820393320000001,0.007315182000000003
0.00087284972178682,1.5820393320000001,0.007117584000000003
0.0008738497217868199,1.5820393320000001,0.007183450000000001
0.0008748497217868199,1.5820393320000001,0.007315182000000003
0.0008758497217868199,1.5820393320000001,0.007315182000000003
0.00087684972178682,1.5820393320000001,0.007315182000000003
0.00087784972178682,1.5820393320000001,0.007578646000000001
0.0008788497217868199,1.5820393320000001,0.007710378000000004
0.0008798497217868199,1.5820393320000001,0.007446914000000006
0.0008808497217868199,1.5820393320000001,0.007512780000000004
0.00088184972178682,1.5820393320000001,0.007578646000000001
0.0008828497217868199,1.5820393320000001,0.007710378000000004
0.0008838497217868199,1.5820393320000001,0.007907976000000004
0.0008848497217868199,1.5820393320000001,0.007776244000000002
0.00088584972178682,1.5820393320000001,0.007710378000000004
0.00088684972178682,1.5820393320000001,0.007710378000000004
0.0008878497217868199,1.5820393320000001,0.00784211
0.0008888497217868199,1.5820393320000001,0.007776244000000002
0.0008898497217868199,1.5820393320000001,0.007578646000000001
0.00089084972178682,1.5820393320000001,0.007512780000000004
0.0008918497217868199,1.5820393320000001,0.007512780000000004
0.0008928497217868199,1.5820393320000001,0.007578646000000001
0.0008938497217868199,1.5820393320000001,0.007512780000000004
0.00089484972178682,1.5820393320000001,0.007512780000000004
0.00089584972178682,1.5820393320000001,0.007644511999999999
0.0008968497217868199,1.5820393320000001,0.007446914000000006
0.0008978497217868199,1.5820393320000001,0.007578646000000001
0.0008988497217868199,1.5820393320000001,0.007644511999999999
0.00089984972178682,1.5820393320000001,0.007776244000000002
0.0009008497217868199,1.5820393320000001,0.007907976000000004
0.0009018497217868199,1.5820393320000001,0.007776244000000002
0.0009028497217868199,1.5820393320000001,0.007644511999999999
0.00090384972178682,1.5820393320000001,0.007710378000000004
0.00090484972178682,1.5820393320000001,0.007907976000000004
0.0009058497217868199,1.5820393320000001,0.007776244000000002
0.0009068497217868199,1.5820393320000001,0.007644511999999999
0.0009078497217868199,1.5820393320000001,0.007644511999999999
0.00090884972178682,1.5820393320000001,0.007381048000000001
0.0009098497217868199,1.5820393320000001,0.007183450000000001
0.0009108497217868199,1.5820393320000001,0.007183450000000001
0.0009118497217868199,1.5820393320000001,0.007315182000000003
0.00091284972178682,1.5820393320000001,0.007512780000000004
0.0009138497217868199,1.5820393320000001,0.007512780000000004
0.0009148497217868199,1.5820393320000001,0.007512780000000004
0.0009158497217868199,1.5820393320000001,0.007578646000000001
0.0009168497217868199,1.5820393320000001,0.007512780000000004
0.00091784972178682,1.5820393320000001,0.007644511999999999
0.0009188497217868199,1.5820393320000001,0.007644511999999999
0.0009198497217868199,1.5820393320000001,0.007578646000000001
0.0009208497217868199,1.5820393320000001,0.007710378000000004
0.00092184972178682,1.5820393320000001,0.007578646000000001
0.0009228497217868199,1.5820393320000001,0.007578646000000001
0.0009238497217868199,1.5820393320000001,0.007644511999999999
0.0009248497217868199,1.5820393320000001,0.007710378000000004
0.00092584972178682,1.5820393320000001,0.00784211
0.00092684972178682,1.5820393320000001,0.007710378000000004
0.0009278497217868199,1.5820393320000001,0.007644511999999999
0.0009288497217868199,1.5820393320000001,0.007644511999999999
0.0009298497217868199,1.5820393320000001,0.007710378000000004
0.00093084972178682,1.5820393320000001,0.007710378000000004
0.0009318497217868199,1.5820393320000001,0.007578646000000001
0.0009328497217868199,1.5820393320000001,0.007446914000000006
0.0009338497217868199,1.5820393320000001,0.007578646000000001
0.00093484972178682,1.5820393320000001,0.007446914000000006
0.00093584972178682,1.5820393320000001,0.007249316000000006
0.0009368497217868199,1.5820393320000001,0.007249316000000006
0.0009378497217868199,1.5820393320000001,0.007315182000000003
0.0009388497217868199,1.5820393320000001,0.007315182000000003
0.00093984972178682,1.5820393320000001,0.007446914000000006
0.0009408497217868199,1.5820393320000001,0.007512780000000004
0.0009418497217868199,1.5820393320000001,0.007446914000000006
0.0009428497217868199,1.5820393320000001,0.007578646000000001
0.00094384972178682,1.5820393320000001,0.007644511999999999
0.00094484972178682,1.5820393320000001,0.007446914000000006
0.0009458497217868199,1.5820393320000001,0.007183450000000001
0.0009468497217868199,1.5820393320000001,0.007117584000000003
0.0009478497217868199,1.5820393320000001,0.007446914000000006
0.00094884972178682,1.5820393320000001,0.007578646000000001
0.0009498497217868199,1.5820393320000001,0.007381048000000001
0.0009508497217868199,1.5820393320000001,0.007315182000000003
0.0009518497217868199,1.5820393320000001,0.007381048000000001
0.00095284972178682,1.5820393320000001,0.007446914000000006
0.0009538497217868199,1.5820393320000001,0.007315182000000003
0.0009548497217868199,1.5820393320000001,0.007512780000000004
0.0009558497217868199,1.5820393320000001,0.00784211
0.0009568497217868199,1.5820393320000001,0.007512780000000004
0.00095784972178682,1.5820393320000001,0.007315182000000003
0.0009588497217868199,1.5820393320000001,0.007381048000000001
0.0009598497217868199,1.5820393320000001,0.007644511999999999
0.0009608497217868199,1.5820393320000001,0.007644511999999999
0.00096184972178682,1.5820393320000001,0.007512780000000004
0.0009628497217868199,1.5820393320000001,0.007644511999999999
0.0009638497217868199,1.5820393320000001,0.007644511999999999
0.0009648497217868199,1.5820393320000001,0.007644511999999999
0.0009658497217868199,1.5820393320000001,0.007644511999999999
0.00096684972178682,1.5820393320000001,0.007644511999999999
0.0009678497217868199,1.5820393320000001,0.007644511999999999
0.0009688497217868199,1.5820393320000001,0.007381048000000001
0.0009698497217868199,1.5820393320000001,0.007578646000000001
0.00097084972178682,1.5820393320000001,0.007907976000000004
0.0009718497217868199,1.5820393320000001,0.007776244000000002
0.0009728497217868199,1.5820393320000001,0.007644511999999999
0.0009738497217868199,1.5820393320000001,0.007578646000000001
0.00097484972178682,1.5820393320000001,0.007776244000000002
0.00097584972178682,1.5820393320000001,0.007907976000000004
0.0009768497217868199,1.5820393320000001,0.00784211
0.00097784972178682,1.5820393320000001,0.007710378000000004
0.00097884972178682,1.5820393320000001,0.007512780000000004
0.0009798497217868199,1.5820393320000001,0.007446914000000006
0.00098084972178682,1.5820393320000001,0.007446914000000006
0.00098184972178682,1.5820393320000001,0.007381048000000001
0.0009828497217868198,1.5820393320000001,0.007381048000000001
0.00098384972178682,1.5820393320000001,0.007578646000000001
0.0009848497217868199,1.5820393320000001,0.007776244000000002
0.00098584972178682,1.5820393320000001,0.007512780000000004
0.00098684972178682,1.5820393320000001,0.007512780000000004
0.0009878497217868198,1.5820393320000001,0.007644511999999999
0.00098884972178682,1.5820393320000001,0.007512780000000004
0.0009898497217868199,1.5820393320000001,0.007644511999999999
0.00099084972178682,1.5820393320000001,0.007776244000000002
0.00099184972178682,1.5820393320000001,0.007710378000000004
0.0009928497217868198,1.5820393320000001,0.007776244000000002
0.00099384972178682,1.5820393320000001,0.007578646000000001
0.0009948497217868199,1.5820393320000001,0.007446914000000006
0.00099584972178682,1.5820393320000001,0.007381048000000001
0.00099684972178682,1.5820393320000001,0.007315182000000003
0.0009978497217868199,1.5820393320000001,0.007446914000000006
0.00099884972178682,1.5820393320000001,0.007512780000000004
0.00099984972178682,1.5820393320000001,0.007512780000000004
0.0010008497217868198,1.5820393320000001,0.007578646000000001
0.00100184972178682,1.5820393320000001,0.007512780000000004
